id,order_menu_junction_id,add_on_id
0,0,12
1,0,15
2,1,15
3,1,12
4,2,14
5,2,14
6,3,11
7,3,11
8,4,15
9,4,11
10,5,14
11,6,12
12,11,13
13,11,11
14,12,11
15,12,12
16,13,11
17,14,15
18,14,13
19,15,15
20,15,12
21,16,13
22,18,13
23,18,15
24,19,12
25,19,12
26,20,15
27,20,13
28,21,12
29,21,15
30,22,12
31,23,12
32,23,14
33,24,11
34,24,11
35,25,13
36,25,14
37,28,12
38,28,11
39,30,12
40,30,13
41,31,13
42,35,11
43,36,14
44,37,14
45,37,15
46,38,14
47,41,11
48,41,14
49,42,15
50,43,11
51,47,15
52,47,14
53,48,11
54,48,15
55,49,11
56,50,15
57,50,13
58,52,12
59,52,12
60,53,11
61,53,13
62,54,15
63,56,15
64,58,12
65,61,13
66,61,13
67,62,14
68,65,12
69,66,14
70,67,13
71,68,15
72,68,14
73,70,11
74,70,12
75,73,12
76,73,13
77,75,13
78,76,12
79,77,11
80,78,13
81,78,14
82,79,14
83,80,12
84,80,13
85,81,11
86,81,11
87,82,12
88,84,14
89,85,11
90,85,12
91,86,15
92,86,11
93,88,14
94,90,13
95,90,12
96,91,14
97,91,12
98,92,12
99,92,11
100,94,15
101,94,15
102,95,14
103,96,12
104,98,14
105,98,11
106,99,11
107,100,12
108,100,13
109,101,15
110,101,15
111,102,13
112,102,15
113,103,15
114,103,14
115,104,11
116,106,14
117,107,11
118,107,11
119,108,14
120,108,12
121,110,13
122,111,13
123,113,13
124,115,12
125,116,12
126,116,15
127,117,13
128,117,12
129,119,11
130,121,13
131,121,15
132,122,14
133,123,11
134,126,15
135,126,14
136,127,12
137,129,11
138,129,14
139,131,14
140,131,12
141,132,12
142,132,12
143,133,15
144,133,13
145,134,14
146,134,14
147,136,15
148,136,14
149,137,14
150,137,11
151,138,11
152,138,14
153,140,13
154,140,13
155,141,15
156,141,12
157,142,15
158,142,15
159,143,11
160,145,14
161,145,14
162,146,15
163,147,15
164,149,13
165,149,11
166,150,12
167,151,13
168,151,12
169,152,15
170,153,13
171,153,15
172,158,15
173,158,14
174,159,15
175,159,13
176,160,11
177,160,11
178,161,15
179,161,15
180,163,13
181,163,13
182,164,14
183,164,15
184,165,13
185,166,11
186,166,14
187,168,15
188,169,13
189,169,12
190,170,13
191,170,14
192,171,14
193,171,15
194,172,12
195,172,15
196,173,11
197,173,11
198,175,15
199,175,15
200,176,14
201,176,11
202,177,14
203,177,15
204,178,15
205,181,11
206,181,11
207,182,11
208,184,12
209,186,12
210,187,13
211,187,15
212,188,12
213,188,13
214,189,13
215,190,11
216,191,13
217,191,14
218,193,13
219,193,13
220,195,14
221,199,13
222,199,12
223,200,13
224,201,13
225,201,15
226,203,15
227,204,14
228,206,11
229,206,13
230,208,12
231,208,12
232,211,15
233,211,15
234,212,12
235,213,15
236,213,12
237,214,11
238,214,13
239,219,13
240,223,12
241,224,13
242,225,11
243,226,15
244,228,15
245,229,15
246,230,11
247,231,14
248,232,13
249,233,12
250,233,12
251,234,12
252,236,13
253,236,11
254,237,13
255,238,11
256,238,12
257,239,15
258,240,11
259,240,13
260,241,13
261,241,15
262,242,13
263,243,11
264,244,12
265,245,13
266,245,15
267,246,14
268,247,15
269,247,12
270,248,14
271,248,11
272,250,11
273,251,14
274,252,15
275,254,13
276,254,15
277,255,11
278,256,13
279,258,13
280,262,13
281,263,14
282,264,15
283,264,15
284,265,11
285,265,14
286,271,13
287,271,14
288,272,11
289,273,11
290,276,12
291,278,14
292,278,11
293,279,11
294,279,14
295,280,15
296,280,14
297,281,13
298,284,15
299,284,14
300,285,11
301,285,12
302,286,11
303,287,15
304,287,14
305,289,12
306,289,13
307,290,14
308,291,12
309,291,15
310,295,15
311,295,14
312,296,13
313,296,15
314,297,14
315,298,13
316,299,12
317,299,15
318,300,13
319,301,12
320,301,14
321,302,14
322,305,15
323,306,13
324,306,13
325,307,12
326,307,15
327,308,14
328,308,12
329,309,13
330,309,12
331,310,14
332,311,11
333,312,14
334,313,13
335,315,12
336,315,13
337,317,15
338,317,11
339,318,15
340,318,15
341,319,15
342,319,12
343,320,12
344,320,14
345,330,12
346,330,13
347,331,12
348,331,12
349,332,13
350,333,11
351,333,15
352,334,14
353,336,13
354,336,14
355,337,13
356,339,11
357,339,15
358,340,15
359,341,11
360,341,11
361,342,12
362,344,14
363,345,14
364,345,13
365,347,11
366,347,12
367,348,12
368,349,11
369,350,11
370,350,11
371,351,12
372,353,13
373,353,12
374,354,11
375,355,12
376,355,13
377,356,12
378,356,13
379,358,14
380,358,14
381,359,11
382,359,14
383,361,13
384,362,11
385,363,15
386,363,12
387,364,11
388,364,14
389,365,13
390,365,12
391,367,12
392,367,11
393,369,11
394,371,13
395,373,13
396,373,12
397,375,12
398,375,12
399,376,15
400,378,13
401,378,12
402,381,14
403,381,12
404,382,14
405,382,14
406,383,13
407,383,15
408,385,13
409,385,14
410,388,13
411,388,12
412,389,13
413,389,13
414,390,13
415,391,12
416,391,13
417,392,11
418,392,11
419,395,15
420,395,15
421,399,15
422,400,15
423,401,14
424,402,14
425,403,15
426,404,11
427,404,13
428,405,14
429,409,12
430,409,11
431,411,12
432,412,11
433,412,15
434,413,14
435,414,12
436,415,15
437,415,13
438,416,13
439,416,14
440,417,13
441,418,13
442,418,13
443,419,12
444,419,11
445,421,11
446,421,12
447,423,11
448,423,12
449,425,14
450,425,14
451,427,15
452,429,13
453,431,13
454,431,11
455,432,11
456,432,14
457,433,11
458,433,14
459,434,13
460,434,13
461,435,14
462,435,14
463,436,15
464,437,14
465,437,11
466,441,15
467,441,12
468,442,14
469,442,15
470,443,11
471,443,13
472,444,11
473,444,12
474,446,12
475,446,15
476,448,12
477,449,15
478,449,12
479,452,14
480,452,11
481,455,13
482,456,11
483,458,13
484,458,12
485,460,13
486,461,15
487,462,13
488,463,14
489,464,13
490,464,14
491,465,12
492,465,13
493,466,11
494,468,12
495,470,11
496,473,15
497,473,13
498,474,11
499,475,13
500,476,13
501,476,12
502,478,11
503,479,13
504,479,13
505,481,14
506,482,11
507,483,12
508,483,12
509,484,14
510,484,15
511,485,14
512,490,15
513,491,15
514,491,14
515,492,15
516,493,13
517,494,14
518,496,14
519,496,14
520,498,15
521,500,11
522,501,11
523,501,12
524,502,15
525,502,11
526,504,14
527,504,12
528,505,14
529,506,15
530,508,13
531,509,11
532,510,13
533,510,14
534,511,12
535,512,15
536,512,11
537,516,13
538,517,11
539,517,13
540,519,13
541,519,15
542,520,14
543,521,11
544,522,15
545,523,13
546,525,15
547,525,12
548,529,12
549,530,14
550,530,11
551,531,15
552,531,13
553,532,11
554,533,15
555,533,13
556,535,13
557,535,13
558,536,14
559,536,12
560,540,13
561,540,13
562,542,12
563,542,15
564,544,11
565,545,12
566,545,13
567,547,15
568,547,13
569,548,14
570,548,11
571,549,14
572,549,12
573,550,13
574,550,14
575,552,15
576,553,13
577,554,14
578,555,13
579,556,11
580,556,14
581,559,12
582,562,13
583,562,12
584,563,15
585,564,13
586,564,13
587,565,11
588,566,13
589,566,14
590,567,15
591,567,13
592,568,11
593,569,13
594,570,14
595,570,15
596,571,14
597,573,11
598,575,14
599,575,15
600,579,11
601,579,15
602,580,15
603,581,14
604,581,14
605,583,13
606,583,14
607,584,14
608,587,14
609,589,15
610,589,13
611,592,15
612,592,13
613,593,15
614,593,11
615,595,13
616,596,13
617,596,13
618,597,12
619,599,11
620,599,14
621,600,15
622,602,11
623,602,13
624,603,14
625,603,11
626,604,11
627,604,11
628,605,14
629,606,12
630,607,12
631,607,11
632,608,15
633,612,12
634,612,11
635,614,14
636,615,11
637,616,12
638,617,15
639,617,13
640,618,12
641,618,11
642,620,11
643,620,13
644,621,14
645,621,13
646,622,11
647,623,15
648,623,11
649,624,14
650,624,15
651,625,12
652,625,12
653,626,11
654,627,13
655,628,13
656,628,14
657,629,13
658,629,11
659,630,14
660,631,13
661,632,15
662,633,13
663,634,15
664,634,14
665,638,14
666,638,13
667,639,12
668,640,15
669,640,11
670,641,13
671,643,15
672,645,14
673,646,11
674,647,12
675,647,14
676,649,14
677,650,13
678,651,13
679,652,12
680,653,13
681,653,12
682,655,14
683,655,14
684,656,11
685,656,13
686,657,12
687,657,15
688,658,15
689,658,13
690,660,12
691,660,14
692,661,15
693,662,13
694,662,15
695,663,15
696,663,13
697,664,11
698,664,14
699,668,13
700,668,13
701,669,14
702,670,12
703,671,11
704,671,13
705,674,11
706,675,15
707,675,13
708,676,14
709,677,13
710,677,13
711,679,12
712,679,14
713,683,15
714,685,13
715,685,13
716,686,15
717,686,11
718,687,12
719,689,15
720,690,15
721,690,11
722,691,13
723,691,15
724,692,15
725,692,15
726,693,14
727,693,15
728,694,11
729,694,15
730,695,11
731,695,15
732,697,13
733,697,13
734,699,12
735,699,15
736,701,15
737,702,12
738,702,12
739,704,14
740,706,15
741,706,15
742,707,14
743,709,15
744,709,11
745,710,13
746,712,13
747,714,15
748,714,13
749,715,12
750,715,12
751,716,14
752,717,14
753,717,14
754,718,11
755,719,13
756,719,11
757,721,15
758,722,11
759,723,14
760,724,12
761,724,12
762,725,14
763,727,11
764,727,15
765,728,14
766,728,14
767,730,15
768,731,11
769,731,13
770,732,12
771,733,15
772,734,13
773,734,14
774,735,11
775,736,11
776,736,13
777,740,11
778,740,15
779,741,13
780,741,11
781,744,14
782,744,13
783,745,12
784,745,13
785,747,11
786,749,13
787,749,14
788,750,12
789,751,11
790,752,12
791,753,12
792,755,14
793,755,11
794,756,13
795,756,11
796,758,13
797,758,12
798,759,14
799,759,15
800,760,14
801,760,15
802,761,12
803,761,11
804,762,11
805,763,13
806,763,12
807,764,11
808,764,14
809,765,12
810,765,15
811,766,13
812,769,11
813,769,12
814,770,12
815,772,12
816,773,11
817,773,12
818,774,11
819,774,11
820,775,11
821,775,14
822,776,14
823,777,15
824,777,13
825,779,12
826,780,15
827,781,12
828,782,14
829,783,11
830,785,14
831,785,15
832,786,11
833,786,11
834,787,13
835,787,12
836,788,14
837,789,14
838,789,13
839,790,13
840,791,12
841,791,13
842,794,14
843,796,13
844,797,15
845,801,11
846,801,11
847,802,11
848,802,11
849,803,12
850,806,14
851,807,14
852,808,13
853,808,14
854,809,11
855,811,11
856,812,14
857,812,13
858,813,11
859,813,15
860,814,14
861,816,14
862,817,15
863,817,15
864,818,15
865,818,13
866,820,12
867,820,12
868,821,13
869,823,15
870,824,11
871,824,14
872,826,12
873,826,14
874,829,11
875,830,13
876,832,12
877,832,15
878,833,15
879,833,12
880,835,13
881,835,13
882,836,12
883,837,15
884,837,15
885,838,11
886,838,15
887,839,14
888,840,12
889,842,13
890,845,13
891,845,11
892,846,15
893,847,12
894,848,12
895,849,13
896,851,14
897,853,12
898,853,14
899,855,14
900,856,13
901,859,13
902,860,11
903,860,12
904,861,11
905,861,13
906,862,11
907,863,13
908,865,11
909,867,11
910,869,14
911,869,14
912,870,11
913,870,15
914,871,15
915,871,15
916,872,12
917,872,11
918,873,11
919,874,15
920,875,12
921,876,11
922,877,13
923,879,14
924,879,14
925,884,12
926,884,15
927,886,11
928,889,12
929,890,13
930,891,14
931,891,14
932,892,15
933,892,15
934,893,15
935,894,15
936,894,14
937,895,15
938,895,11
939,896,12
940,896,14
941,899,14
942,901,11
943,901,14
944,902,12
945,903,15
946,903,15
947,904,11
948,904,11
949,906,13
950,907,12
951,909,12
952,909,13
953,910,15
954,910,13
955,913,14
956,913,13
957,915,14
958,915,11
959,916,14
960,917,14
961,917,11
962,922,13
963,925,15
964,927,14
965,929,15
966,931,13
967,932,15
968,934,14
969,934,13
970,935,15
971,936,14
972,936,11
973,938,15
974,939,13
975,941,14
976,944,14
977,945,13
978,945,11
979,946,15
980,948,13
981,949,11
982,949,15
983,953,13
984,953,13
985,954,14
986,954,13
987,955,14
988,956,13
989,958,14
990,959,13
991,959,14
992,960,13
993,962,11
994,962,13
995,964,12
996,967,12
997,968,12
998,970,13
999,970,15
1000,972,15
1001,972,15
1002,973,12
1003,974,11
1004,976,12
1005,977,15
1006,978,12
1007,978,12
1008,979,14
1009,980,15
1010,980,14
1011,981,14
1012,981,14
1013,982,11
1014,983,13
1015,983,15
1016,984,14
1017,986,15
1018,987,12
1019,989,14
1020,989,12
1021,990,12
1022,992,13
1023,992,11
1024,995,11
1025,995,15
1026,996,11
1027,997,12
1028,997,11
1029,998,15
1030,998,11
1031,999,13
1032,1000,12
1033,1001,14
1034,1001,11
1035,1002,13
1036,1002,13
1037,1004,14
1038,1004,13
1039,1005,12
1040,1009,14
1041,1011,14
1042,1011,11
1043,1012,12
1044,1013,13
1045,1014,14
1046,1014,13
1047,1015,14
1048,1017,14
1049,1018,14
1050,1018,15
1051,1021,14
1052,1022,12
1053,1023,13
1054,1023,12
1055,1024,13
1056,1026,15
1057,1027,14
1058,1029,12
1059,1029,12
1060,1031,12
1061,1035,12
1062,1035,15
1063,1037,14
1064,1037,15
1065,1038,11
1066,1039,13
1067,1039,13
1068,1040,12
1069,1040,13
1070,1042,14
1071,1042,12
1072,1043,11
1073,1043,14
1074,1045,12
1075,1045,11
1076,1047,15
1077,1048,11
1078,1048,12
1079,1049,13
1080,1049,12
1081,1050,15
1082,1052,11
1083,1053,12
1084,1056,14
1085,1057,13
1086,1057,12
1087,1060,11
1088,1062,13
1089,1062,13
1090,1063,11
1091,1065,12
1092,1066,14
1093,1067,12
1094,1067,11
1095,1068,11
1096,1068,14
1097,1069,11
1098,1069,14
1099,1072,12
1100,1072,13
1101,1073,15
1102,1074,13
1103,1074,11
1104,1075,12
1105,1075,13
1106,1077,14
1107,1079,12
1108,1079,15
1109,1080,12
1110,1080,11
1111,1081,13
1112,1083,13
1113,1086,12
1114,1086,14
1115,1087,15
1116,1087,15
1117,1088,14
1118,1088,14
1119,1089,15
1120,1090,13
1121,1092,11
1122,1092,12
1123,1095,13
1124,1097,13
1125,1098,15
1126,1099,14
1127,1101,13
1128,1102,14
1129,1102,13
1130,1104,12
1131,1105,13
1132,1105,14
1133,1106,13
1134,1106,12
1135,1108,12
1136,1108,12
1137,1109,14
1138,1109,12
1139,1111,12
1140,1111,15
1141,1113,11
1142,1113,12
1143,1114,13
1144,1115,15
1145,1116,14
1146,1116,15
1147,1117,12
1148,1117,13
1149,1119,15
1150,1119,13
1151,1120,12
1152,1121,13
1153,1121,14
1154,1124,14
1155,1125,15
1156,1126,12
1157,1127,15
1158,1128,15
1159,1128,14
1160,1129,15
1161,1130,12
1162,1130,14
1163,1131,15
1164,1132,13
1165,1133,14
1166,1134,14
1167,1136,11
1168,1136,11
1169,1137,11
1170,1140,11
1171,1140,11
1172,1142,13
1173,1142,12
1174,1143,12
1175,1143,13
1176,1145,15
1177,1145,11
1178,1146,13
1179,1148,14
1180,1148,12
1181,1149,13
1182,1151,11
1183,1151,13
1184,1152,14
1185,1152,11
1186,1153,14
1187,1154,14
1188,1154,14
1189,1155,12
1190,1155,12
1191,1156,13
1192,1157,14
1193,1158,14
1194,1159,13
1195,1159,13
1196,1160,12
1197,1163,13
1198,1163,13
1199,1164,14
1200,1164,13
1201,1165,12
1202,1167,11
1203,1169,15
1204,1170,14
1205,1173,12
1206,1173,14
1207,1174,12
1208,1175,15
1209,1175,13
1210,1176,14
1211,1177,15
1212,1178,15
1213,1178,13
1214,1179,14
1215,1179,13
1216,1181,13
1217,1181,14
1218,1182,12
1219,1182,11
1220,1183,14
1221,1184,12
1222,1186,12
1223,1186,12
1224,1187,15
1225,1191,13
1226,1192,12
1227,1192,13
1228,1194,13
1229,1194,11
1230,1197,14
1231,1197,15
1232,1198,13
1233,1200,15
1234,1201,15
1235,1201,15
1236,1203,13
1237,1204,12
1238,1207,12
1239,1207,13
1240,1208,12
1241,1209,15
1242,1210,12
1243,1210,13
1244,1211,15
1245,1211,11
1246,1212,12
1247,1215,11
1248,1215,12
1249,1216,13
1250,1217,12
1251,1217,11
1252,1219,11
1253,1219,14
1254,1221,13
1255,1221,13
1256,1224,14
1257,1224,15
1258,1225,15
1259,1225,11
1260,1226,11
1261,1226,12
1262,1231,11
1263,1232,13
1264,1233,15
1265,1233,14
1266,1235,13
1267,1235,12
1268,1237,14
1269,1239,15
1270,1239,13
1271,1240,11
1272,1240,14
1273,1241,11
1274,1243,14
1275,1243,15
1276,1245,12
1277,1246,15
1278,1247,15
1279,1247,14
1280,1248,13
1281,1249,14
1282,1249,15
1283,1250,11
1284,1251,13
1285,1252,13
1286,1252,12
1287,1253,13
1288,1254,13
1289,1254,15
1290,1256,12
1291,1256,13
1292,1259,15
1293,1260,15
1294,1260,14
1295,1263,11
1296,1266,15
1297,1267,15
1298,1270,15
1299,1270,15
1300,1272,11
1301,1272,11
1302,1273,13
1303,1273,12
1304,1274,13
1305,1274,12
1306,1275,12
1307,1276,13
1308,1277,12
1309,1277,12
1310,1278,11
1311,1279,15
1312,1279,12
1313,1280,15
1314,1280,11
1315,1283,12
1316,1284,12
1317,1284,14
1318,1285,13
1319,1285,11
1320,1286,13
1321,1288,14
1322,1290,12
1323,1291,11
1324,1292,13
1325,1292,13
1326,1293,15
1327,1293,14
1328,1294,12
1329,1295,14
1330,1295,11
1331,1296,13
1332,1298,14
1333,1298,15
1334,1300,12
1335,1301,13
1336,1301,13
1337,1303,13
1338,1303,12
1339,1304,14
1340,1305,11
1341,1307,15
1342,1307,12
1343,1308,15
1344,1308,13
1345,1309,15
1346,1310,13
1347,1310,13
1348,1314,15
1349,1316,11
1350,1317,11
1351,1318,11
1352,1318,13
1353,1320,14
1354,1320,12
1355,1322,12
1356,1325,13
1357,1327,12
1358,1327,14
1359,1328,13
1360,1328,14
1361,1329,11
1362,1329,15
1363,1330,13
1364,1331,13
1365,1331,12
1366,1332,15
1367,1332,11
1368,1334,14
1369,1336,11
1370,1336,11
1371,1338,15
1372,1338,14
1373,1340,12
1374,1341,12
1375,1341,11
1376,1342,14
1377,1346,12
1378,1346,13
1379,1347,11
1380,1348,15
1381,1350,14
1382,1350,15
1383,1354,14
1384,1354,11
1385,1357,13
1386,1358,12
1387,1359,11
1388,1360,15
1389,1362,13
1390,1363,11
1391,1363,14
1392,1364,12
1393,1368,13
1394,1369,14
1395,1369,14
1396,1370,15
1397,1370,14
1398,1371,12
1399,1371,15
1400,1373,13
1401,1374,13
1402,1374,12
1403,1375,11
1404,1376,14
1405,1378,12
1406,1378,14
1407,1380,11
1408,1381,15
1409,1381,13
1410,1382,12
1411,1383,14
1412,1383,11
1413,1384,13
1414,1385,12
1415,1385,14
1416,1386,14
1417,1386,13
1418,1388,14
1419,1389,12
1420,1394,13
1421,1396,13
1422,1397,12
1423,1398,15
1424,1398,11
1425,1399,13
1426,1399,11
1427,1400,13
1428,1402,11
1429,1402,14
1430,1403,11
1431,1403,11
1432,1404,15
1433,1404,13
1434,1407,15
1435,1408,12
1436,1408,12
1437,1411,14
1438,1412,15
1439,1413,12
1440,1414,12
1441,1415,14
1442,1416,12
1443,1417,13
1444,1419,13
1445,1419,12
1446,1423,12
1447,1424,15
1448,1424,11
1449,1426,12
1450,1427,11
1451,1427,11
1452,1431,12
1453,1432,14
1454,1432,13
1455,1433,13
1456,1434,11
1457,1434,13
1458,1435,12
1459,1436,11
1460,1438,11
1461,1438,11
1462,1439,14
1463,1439,11
1464,1440,12
1465,1440,15
1466,1441,15
1467,1441,12
1468,1442,13
1469,1443,14
1470,1443,11
1471,1444,12
1472,1446,13
1473,1446,11
1474,1448,13
1475,1449,12
1476,1449,15
1477,1450,15
1478,1451,14
1479,1451,14
1480,1452,15
1481,1454,13
1482,1454,11
1483,1455,11
1484,1456,12
1485,1456,13
1486,1457,13
1487,1458,13
1488,1459,15
1489,1460,11
1490,1460,14
1491,1463,11
1492,1463,15
1493,1465,14
1494,1465,13
1495,1467,13
1496,1467,14
1497,1469,15
1498,1470,13
1499,1470,11
1500,1471,13
1501,1472,11
1502,1473,15
1503,1473,15
1504,1475,14
1505,1478,15
1506,1478,15
1507,1480,12
1508,1482,12
1509,1483,13
1510,1487,14
1511,1487,14
1512,1488,15
1513,1488,15
1514,1490,11
1515,1490,14
1516,1491,12
1517,1492,15
1518,1492,14
1519,1494,12
1520,1496,11
1521,1497,14
1522,1497,11
1523,1498,11
1524,1499,14
1525,1499,15
1526,1500,14
1527,1500,14
1528,1501,12
1529,1503,11
1530,1503,13
1531,1504,14
1532,1505,14
1533,1506,15
1534,1506,11
1535,1508,11
1536,1513,13
1537,1513,14
1538,1514,15
1539,1515,15
1540,1516,12
1541,1516,12
1542,1517,15
1543,1517,13
1544,1518,13
1545,1522,15
1546,1522,14
1547,1523,13
1548,1523,14
1549,1525,11
1550,1525,15
1551,1526,13
1552,1527,13
1553,1527,12
1554,1528,12
1555,1528,12
1556,1529,13
1557,1530,14
1558,1530,14
1559,1531,14
1560,1531,12
1561,1532,13
1562,1533,12
1563,1534,11
1564,1534,12
1565,1535,11
1566,1535,15
1567,1536,13
1568,1536,15
1569,1538,12
1570,1538,13
1571,1541,12
1572,1542,11
1573,1542,15
1574,1543,13
1575,1544,11
1576,1544,11
1577,1545,13
1578,1546,14
1579,1547,12
1580,1547,14
1581,1549,12
1582,1549,14
1583,1553,15
1584,1553,14
1585,1555,12
1586,1556,13
1587,1558,11
1588,1559,12
1589,1560,14
1590,1560,12
1591,1562,13
1592,1563,12
1593,1564,14
1594,1566,14
1595,1566,14
1596,1567,15
1597,1568,12
1598,1568,14
1599,1571,11
1600,1572,14
1601,1572,13
1602,1573,13
1603,1575,14
1604,1576,12
1605,1577,11
1606,1577,11
1607,1579,14
1608,1579,12
1609,1581,13
1610,1581,11
1611,1583,14
1612,1584,11
1613,1585,12
1614,1586,11
1615,1587,11
1616,1587,15
1617,1588,14
1618,1588,15
1619,1589,14
1620,1589,11
1621,1590,14
1622,1590,11
1623,1591,12
1624,1591,14
1625,1592,15
1626,1595,11
1627,1595,11
1628,1596,12
1629,1596,13
1630,1597,12
1631,1597,11
1632,1598,15
1633,1598,13
1634,1599,14
1635,1599,14
1636,1600,12
1637,1600,15
1638,1603,11
1639,1603,14
1640,1604,11
1641,1604,12
1642,1605,14
1643,1605,11
1644,1606,15
1645,1606,11
1646,1607,11
1647,1608,14
1648,1609,12
1649,1610,14
1650,1610,13
1651,1613,12
1652,1614,12
1653,1615,15
1654,1616,12
1655,1616,13
1656,1617,11
1657,1617,15
1658,1620,11
1659,1620,15
1660,1621,14
1661,1621,11
1662,1622,11
1663,1622,14
1664,1623,14
1665,1624,15
1666,1626,13
1667,1626,11
1668,1627,15
1669,1628,12
1670,1630,12
1671,1631,11
1672,1633,14
1673,1634,11
1674,1635,11
1675,1636,11
1676,1636,11
1677,1639,13
1678,1641,11
1679,1642,14
1680,1643,14
1681,1643,11
1682,1645,13
1683,1645,13
1684,1648,11
1685,1649,13
1686,1649,12
1687,1651,11
1688,1652,11
1689,1653,11
1690,1653,15
1691,1654,11
1692,1655,14
1693,1655,11
1694,1660,14
1695,1661,15
1696,1662,15
1697,1663,11
1698,1663,12
1699,1664,12
1700,1664,12
1701,1667,13
1702,1668,15
1703,1668,14
1704,1670,12
1705,1670,12
1706,1672,13
1707,1675,14
1708,1675,14
1709,1677,14
1710,1678,12
1711,1680,15
1712,1681,15
1713,1681,15
1714,1682,13
1715,1682,12
1716,1685,11
1717,1685,11
1718,1687,14
1719,1687,12
1720,1690,15
1721,1690,11
1722,1691,11
1723,1691,15
1724,1692,12
1725,1693,14
1726,1693,14
1727,1694,14
1728,1694,11
1729,1696,13
1730,1696,12
1731,1697,13
1732,1697,14
1733,1698,15
1734,1698,13
1735,1699,13
1736,1699,11
1737,1700,14
1738,1700,13
1739,1701,13
1740,1701,14
1741,1702,14
1742,1703,15
1743,1704,14
1744,1705,13
1745,1705,15
1746,1706,15
1747,1708,12
1748,1708,13
1749,1709,14
1750,1709,15
1751,1710,15
1752,1710,11
1753,1712,15
1754,1713,13
1755,1713,14
1756,1714,15
1757,1714,14
1758,1715,15
1759,1715,13
1760,1716,12
1761,1717,14
1762,1718,13
1763,1719,15
1764,1720,14
1765,1721,13
1766,1722,11
1767,1723,11
1768,1724,14
1769,1724,14
1770,1725,11
1771,1725,14
1772,1726,13
1773,1726,12
1774,1727,14
1775,1728,13
1776,1728,14
1777,1732,13
1778,1733,12
1779,1733,14
1780,1734,14
1781,1734,13
1782,1735,14
1783,1735,11
1784,1736,11
1785,1736,14
1786,1737,15
1787,1737,13
1788,1739,13
1789,1739,13
1790,1741,14
1791,1742,13
1792,1743,11
1793,1744,15
1794,1744,15
1795,1748,11
1796,1749,13
1797,1749,13
1798,1751,12
1799,1751,11
1800,1753,12
1801,1754,15
1802,1755,13
1803,1755,11
1804,1757,14
1805,1757,13
1806,1758,14
1807,1758,14
1808,1760,14
1809,1761,15
1810,1761,11
1811,1762,14
1812,1763,12
1813,1763,11
1814,1764,11
1815,1764,13
1816,1766,12
1817,1767,14
1818,1770,14
1819,1775,13
1820,1777,13
1821,1777,13
1822,1778,15
1823,1779,11
1824,1779,12
1825,1781,13
1826,1783,15
1827,1783,14
1828,1784,12
1829,1785,12
1830,1786,11
1831,1787,14
1832,1788,13
1833,1790,12
1834,1791,11
1835,1791,11
1836,1792,14
1837,1792,12
1838,1793,14
1839,1793,15
1840,1795,14
1841,1795,15
1842,1796,13
1843,1796,11
1844,1797,13
1845,1797,13
1846,1798,13
1847,1798,11
1848,1799,14
1849,1799,14
1850,1800,15
1851,1801,15
1852,1803,14
1853,1805,15
1854,1805,13
1855,1806,11
1856,1807,13
1857,1808,15
1858,1812,13
1859,1813,15
1860,1814,11
1861,1815,11
1862,1815,14
1863,1817,11
1864,1818,14
1865,1821,13
1866,1821,15
1867,1822,14
1868,1822,11
1869,1823,14
1870,1823,12
1871,1824,13
1872,1824,12
1873,1825,11
1874,1825,14
1875,1826,14
1876,1826,15
1877,1828,15
1878,1828,14
1879,1830,12
1880,1830,11
1881,1834,14
1882,1834,11
1883,1835,11
1884,1835,14
1885,1839,13
1886,1841,13
1887,1842,14
1888,1842,13
1889,1843,12
1890,1843,12
1891,1846,14
1892,1846,12
1893,1847,14
1894,1850,11
1895,1850,12
1896,1851,14
1897,1851,14
1898,1853,15
1899,1853,12
1900,1856,14
1901,1857,13
1902,1857,15
1903,1858,13
1904,1858,14
1905,1859,13
1906,1859,12
1907,1860,15
1908,1862,13
1909,1863,12
1910,1867,13
1911,1867,12
1912,1868,11
1913,1868,11
1914,1869,11
1915,1869,14
1916,1871,11
1917,1871,13
1918,1873,12
1919,1875,13
1920,1875,15
1921,1877,13
1922,1877,13
1923,1879,14
1924,1879,14
1925,1882,14
1926,1882,14
1927,1885,11
1928,1886,15
1929,1886,15
1930,1888,14
1931,1888,14
1932,1889,15
1933,1889,11
1934,1890,14
1935,1890,12
1936,1891,13
1937,1891,11
1938,1892,14
1939,1892,12
1940,1893,11
1941,1893,11
1942,1896,11
1943,1897,15
1944,1897,15
1945,1899,14
1946,1900,12
1947,1900,11
1948,1901,13
1949,1901,14
1950,1902,14
1951,1902,11
1952,1904,14
1953,1904,13
1954,1905,11
1955,1905,15
1956,1906,13
1957,1907,13
1958,1909,13
1959,1909,12
1960,1910,12
1961,1911,15
1962,1912,15
1963,1912,15
1964,1914,11
1965,1919,14
1966,1920,12
1967,1921,13
1968,1921,11
1969,1922,12
1970,1923,13
1971,1924,12
1972,1924,12
1973,1926,13
1974,1926,13
1975,1927,14
1976,1927,12
1977,1929,11
1978,1929,11
1979,1930,13
1980,1930,12
1981,1932,15
1982,1932,15
1983,1933,14
1984,1933,13
1985,1934,13
1986,1936,12
1987,1936,15
1988,1937,15
1989,1937,12
1990,1938,12
1991,1940,15
1992,1941,11
1993,1943,15
1994,1945,14
1995,1945,14
1996,1947,13
1997,1947,13
1998,1948,14
1999,1948,11
2000,1949,11
2001,1950,15
2002,1953,13
2003,1954,13
2004,1954,15
2005,1956,13
2006,1956,11
2007,1958,11
2008,1959,15
2009,1959,12
2010,1960,12
2011,1960,12
2012,1961,13
2013,1962,14
2014,1962,11
2015,1963,13
2016,1965,11
2017,1967,15
2018,1968,11
2019,1968,12
2020,1969,15
2021,1970,14
2022,1971,12
2023,1976,14
2024,1978,13
2025,1978,11
2026,1980,15
2027,1980,11
2028,1982,15
2029,1982,11
2030,1983,13
2031,1983,15
2032,1984,13
2033,1985,11
2034,1985,13
2035,1986,14
2036,1987,13
2037,1989,12
2038,1989,11
2039,1990,15
2040,1990,12
2041,1991,14
2042,1992,12
2043,1993,11
2044,1993,15
2045,1994,12
2046,1995,14
2047,1997,14
2048,1997,11
2049,1998,11
2050,1999,14
2051,2002,12
2052,2003,15
2053,2003,11
2054,2004,14
2055,2005,14
2056,2006,13
2057,2007,15
2058,2007,13
2059,2009,11
2060,2009,11
2061,2010,13
2062,2011,13
2063,2012,12
2064,2012,15
2065,2013,13
2066,2013,15
2067,2014,15
2068,2015,15
2069,2015,13
2070,2018,11
2071,2021,11
2072,2023,12
2073,2025,12
2074,2026,15
2075,2026,11
2076,2027,14
2077,2027,14
2078,2029,15
2079,2031,13
2080,2031,15
2081,2032,13
2082,2032,13
2083,2033,15
2084,2033,13
2085,2034,15
2086,2034,11
2087,2035,12
2088,2036,13
2089,2038,13
2090,2038,11
2091,2040,13
2092,2040,14
2093,2041,14
2094,2042,13
2095,2043,15
2096,2043,12
2097,2045,11
2098,2045,14
2099,2046,15
2100,2047,15
2101,2047,14
2102,2049,13
2103,2050,12
2104,2050,14
2105,2052,12
2106,2052,12
2107,2054,12
2108,2055,12
2109,2056,13
2110,2056,14
2111,2057,13
2112,2057,15
2113,2058,12
2114,2060,15
2115,2060,11
2116,2062,11
2117,2062,12
2118,2063,15
2119,2064,11
2120,2064,12
2121,2065,14
2122,2068,14
2123,2068,13
2124,2069,11
2125,2069,13
2126,2071,11
2127,2072,15
2128,2074,12
2129,2074,11
2130,2075,12
2131,2077,14
2132,2078,15
2133,2078,12
2134,2080,15
2135,2080,11
2136,2081,14
2137,2081,13
2138,2083,15
2139,2083,12
2140,2084,12
2141,2085,11
2142,2086,12
2143,2086,14
2144,2089,12
2145,2089,14
2146,2090,14
2147,2090,11
2148,2091,13
2149,2091,13
2150,2092,14
2151,2092,13
2152,2094,12
2153,2096,12
2154,2097,12
2155,2098,14
2156,2100,12
2157,2102,15
2158,2103,15
2159,2103,12
2160,2105,11
2161,2106,12
2162,2107,15
2163,2108,14
2164,2108,15
2165,2109,12
2166,2110,12
2167,2110,13
2168,2111,14
2169,2112,11
2170,2115,13
2171,2118,12
2172,2118,13
2173,2119,13
2174,2119,11
2175,2121,12
2176,2123,15
2177,2125,11
2178,2125,15
2179,2130,11
2180,2130,14
2181,2131,14
2182,2132,13
2183,2132,12
2184,2133,13
2185,2135,11
2186,2135,12
2187,2137,14
2188,2138,15
2189,2139,11
2190,2139,15
2191,2140,12
2192,2143,14
2193,2145,11
2194,2145,15
2195,2148,15
2196,2148,13
2197,2149,14
2198,2151,12
2199,2152,11
2200,2153,13
2201,2153,12
2202,2154,13
2203,2154,15
2204,2155,12
2205,2155,15
2206,2156,15
2207,2157,11
2208,2158,14
2209,2159,12
2210,2159,14
2211,2160,14
2212,2160,15
2213,2161,15
2214,2162,13
2215,2162,11
2216,2163,14
2217,2164,14
2218,2165,11
2219,2167,15
2220,2168,13
2221,2172,14
2222,2172,13
2223,2173,13
2224,2173,13
2225,2175,13
2226,2175,12
2227,2178,12
2228,2178,15
2229,2179,14
2230,2180,15
2231,2180,11
2232,2182,13
2233,2182,14
2234,2183,14
2235,2184,11
2236,2186,12
2237,2186,15
2238,2191,14
2239,2191,12
2240,2192,13
2241,2194,12
2242,2194,11
2243,2196,15
2244,2198,14
2245,2199,12
2246,2200,12
2247,2200,12
2248,2202,15
2249,2203,13
2250,2204,12
2251,2204,15
2252,2205,11
2253,2205,12
2254,2206,15
2255,2207,11
2256,2210,13
2257,2210,14
2258,2211,13
2259,2212,12
2260,2213,14
2261,2213,12
2262,2217,12
2263,2217,11
2264,2218,13
2265,2220,12
2266,2221,14
2267,2223,11
2268,2225,12
2269,2226,13
2270,2227,13
2271,2229,11
2272,2231,13
2273,2234,15
2274,2235,14
2275,2235,11
2276,2236,13
2277,2236,11
2278,2237,11
2279,2241,14
2280,2241,12
2281,2242,11
2282,2242,15
2283,2243,12
2284,2243,13
2285,2244,15
2286,2244,14
2287,2245,12
2288,2246,13
2289,2246,11
2290,2248,14
2291,2249,15
2292,2250,13
2293,2250,15
2294,2252,14
2295,2252,11
2296,2253,13
2297,2253,15
2298,2255,14
2299,2257,15
2300,2257,11
2301,2259,11
2302,2263,11
2303,2263,12
2304,2266,15
2305,2266,12
2306,2267,12
2307,2269,12
2308,2270,11
2309,2271,14
2310,2272,12
2311,2272,12
2312,2273,14
2313,2273,11
2314,2274,14
2315,2276,13
2316,2276,12
2317,2277,13
2318,2277,13
2319,2278,13
2320,2280,12
2321,2282,12
2322,2283,14
2323,2284,11
2324,2285,13
2325,2285,11
2326,2286,11
2327,2286,12
2328,2287,15
2329,2290,13
2330,2290,15
2331,2291,14
2332,2292,11
2333,2293,14
2334,2293,14
2335,2294,12
2336,2295,15
2337,2295,12
2338,2296,14
2339,2296,14
2340,2298,15
2341,2301,15
2342,2301,15
2343,2307,13
2344,2307,14
2345,2311,15
2346,2312,12
2347,2313,15
2348,2315,11
2349,2316,15
2350,2317,14
2351,2317,13
2352,2319,13
2353,2319,15
2354,2325,14
2355,2326,12
2356,2326,11
2357,2327,13
2358,2327,14
2359,2328,13
2360,2328,15
2361,2330,13
2362,2330,15
2363,2331,11
2364,2332,13
2365,2332,12
2366,2333,14
2367,2333,15
2368,2334,13
2369,2335,15
2370,2335,12
2371,2337,15
2372,2337,15
2373,2339,14
2374,2339,14
2375,2340,11
2376,2342,13
2377,2342,11
2378,2343,11
2379,2343,11
2380,2345,14
2381,2345,15
2382,2346,11
2383,2347,11
2384,2348,13
2385,2348,13
2386,2349,13
2387,2350,13
2388,2351,12
2389,2351,12
2390,2352,13
2391,2354,11
2392,2355,12
2393,2356,14
2394,2356,12
2395,2358,15
2396,2358,11
2397,2359,12
2398,2360,13
2399,2361,14
2400,2363,14
2401,2363,12
2402,2364,11
2403,2365,11
2404,2365,11
2405,2366,11
2406,2367,14
2407,2367,11
2408,2369,13
2409,2369,11
2410,2370,13
2411,2372,13
2412,2373,12
2413,2374,14
2414,2376,14
2415,2376,14
2416,2379,11
2417,2380,11
2418,2380,11
2419,2381,13
2420,2381,14
2421,2384,15
2422,2384,15
2423,2385,14
2424,2387,13
2425,2389,13
2426,2391,12
2427,2392,15
2428,2392,13
2429,2393,11
2430,2397,12
2431,2397,11
2432,2398,11
2433,2398,15
2434,2399,11
2435,2400,12
2436,2400,15
2437,2401,11
2438,2402,11
2439,2403,15
2440,2406,15
2441,2409,12
2442,2413,11
2443,2415,14
2444,2416,14
2445,2417,11
2446,2417,14
2447,2418,13
2448,2419,14
2449,2420,13
2450,2420,12
2451,2421,14
2452,2422,11
2453,2424,13
2454,2424,14
2455,2425,12
2456,2426,12
2457,2427,13
2458,2427,14
2459,2428,11
2460,2429,11
2461,2431,14
2462,2431,11
2463,2433,11
2464,2433,13
2465,2436,12
2466,2436,12
2467,2440,11
2468,2440,12
2469,2441,14
2470,2441,11
2471,2442,13
2472,2442,12
2473,2445,13
2474,2445,14
2475,2448,12
2476,2448,13
2477,2449,14
2478,2450,12
2479,2450,15
2480,2451,13
2481,2451,13
2482,2452,15
2483,2454,15
2484,2456,13
2485,2457,13
2486,2458,11
2487,2458,14
2488,2459,15
2489,2462,13
2490,2463,14
2491,2463,11
2492,2464,12
2493,2464,11
2494,2465,12
2495,2466,14
2496,2468,12
2497,2469,14
2498,2472,12
2499,2473,12
2500,2473,14
2501,2474,12
2502,2478,15
2503,2478,15
2504,2480,14
2505,2481,12
2506,2481,14
2507,2484,14
2508,2484,12
2509,2485,14
2510,2488,12
2511,2489,13
2512,2490,14
2513,2491,12
2514,2491,11
2515,2493,13
2516,2494,14
2517,2495,13
2518,2497,13
2519,2498,12
2520,2499,14
2521,2499,14
2522,2500,15
2523,2500,12
2524,2501,15
2525,2501,15
2526,2504,12
2527,2505,15
2528,2506,13
2529,2506,12
2530,2507,12
2531,2508,13
2532,2509,14
2533,2509,13
2534,2510,11
2535,2510,13
2536,2512,12
2537,2512,11
2538,2514,13
2539,2515,14
2540,2515,13
2541,2516,14
2542,2516,11
2543,2518,11
2544,2518,15
2545,2519,13
2546,2521,15
2547,2523,12
2548,2523,15
2549,2526,15
2550,2526,12
2551,2527,14
2552,2528,11
2553,2531,12
2554,2533,15
2555,2533,12
2556,2534,15
2557,2537,15
2558,2537,11
2559,2543,15
2560,2544,14
2561,2544,12
2562,2546,12
2563,2547,15
2564,2548,13
2565,2550,11
2566,2551,13
2567,2551,12
2568,2553,14
2569,2553,13
2570,2554,15
2571,2554,14
2572,2555,12
2573,2555,14
2574,2557,15
2575,2557,15
2576,2558,12
2577,2558,11
2578,2559,13
2579,2560,15
2580,2560,13
2581,2561,13
2582,2561,12
2583,2562,12
2584,2565,11
2585,2566,13
2586,2568,15
2587,2568,12
2588,2569,12
2589,2570,13
2590,2572,11
2591,2572,13
2592,2573,14
2593,2574,15
2594,2575,13
2595,2575,11
2596,2576,11
2597,2576,13
2598,2577,15
2599,2577,11
2600,2578,13
2601,2578,14
2602,2580,12
2603,2580,13
2604,2582,13
2605,2583,13
2606,2583,14
2607,2584,14
2608,2584,11
2609,2586,15
2610,2587,11
2611,2587,14
2612,2588,13
2613,2589,13
2614,2591,12
2615,2591,11
2616,2592,13
2617,2592,13
2618,2593,15
2619,2593,11
2620,2594,14
2621,2594,12
2622,2595,13
2623,2598,13
2624,2599,15
2625,2601,11
2626,2601,11
2627,2603,11
2628,2603,15
2629,2604,11
2630,2604,12
2631,2605,13
2632,2605,11
2633,2606,15
2634,2607,13
2635,2607,15
2636,2610,11
2637,2614,15
2638,2615,14
2639,2615,15
2640,2617,15
2641,2617,15
2642,2618,13
2643,2618,15
2644,2619,11
2645,2619,14
2646,2620,14
2647,2620,12
2648,2621,13
2649,2621,11
2650,2622,15
2651,2622,12
2652,2623,11
2653,2625,12
2654,2626,11
2655,2627,15
2656,2629,12
2657,2629,15
2658,2631,13
2659,2631,11
2660,2632,11
2661,2632,14
2662,2634,13
2663,2634,14
2664,2635,11
2665,2636,12
2666,2636,13
2667,2638,12
2668,2639,14
2669,2639,12
2670,2640,11
2671,2640,13
2672,2641,15
2673,2641,15
2674,2642,13
2675,2642,15
2676,2644,15
2677,2644,14
2678,2645,13
2679,2645,15
2680,2646,13
2681,2646,15
2682,2647,14
2683,2648,14
2684,2649,14
2685,2650,11
2686,2651,12
2687,2653,12
2688,2653,14
2689,2655,13
2690,2655,14
2691,2656,11
2692,2656,12
2693,2657,11
2694,2658,11
2695,2658,14
2696,2660,13
2697,2660,15
2698,2664,13
2699,2664,14
2700,2665,14
2701,2666,15
2702,2667,13
2703,2669,13
2704,2672,14
2705,2673,15
2706,2673,12
2707,2674,13
2708,2676,12
2709,2676,13
2710,2677,12
2711,2678,13
2712,2678,15
2713,2679,15
2714,2679,12
2715,2680,14
2716,2681,14
2717,2682,11
2718,2683,11
2719,2683,15
2720,2684,12
2721,2684,13
2722,2685,15
2723,2685,14
2724,2686,13
2725,2686,12
2726,2687,11
2727,2688,12
2728,2688,14
2729,2691,13
2730,2692,12
2731,2692,14
2732,2693,15
2733,2694,14
2734,2694,12
2735,2695,15
2736,2695,12
2737,2697,15
2738,2698,13
2739,2698,12
2740,2699,12
2741,2700,12
2742,2703,11
2743,2703,14
2744,2704,13
2745,2705,14
2746,2706,14
2747,2707,14
2748,2709,13
2749,2710,14
2750,2711,15
2751,2711,13
2752,2713,14
2753,2714,15
2754,2715,12
2755,2715,11
2756,2718,15
2757,2719,11
2758,2719,11
2759,2721,15
2760,2721,15
2761,2722,15
2762,2722,13
2763,2723,12
2764,2723,11
2765,2725,12
2766,2726,15
2767,2726,12
2768,2729,14
2769,2730,11
2770,2730,11
2771,2731,14
2772,2731,15
2773,2732,15
2774,2733,15
2775,2735,13
2776,2735,15
2777,2736,15
2778,2736,11
2779,2737,15
2780,2738,15
2781,2739,12
2782,2739,12
2783,2741,15
2784,2741,11
2785,2743,13
2786,2743,11
2787,2744,12
2788,2745,13
2789,2745,12
2790,2748,11
2791,2749,11
2792,2751,12
2793,2752,13
2794,2754,15
2795,2754,11
2796,2756,11
2797,2756,11
2798,2757,11
2799,2758,11
2800,2760,11
2801,2760,12
2802,2761,15
2803,2762,15
2804,2764,13
2805,2765,15
2806,2765,15
2807,2766,14
2808,2766,14
2809,2767,13
2810,2772,15
2811,2773,14
2812,2773,12
2813,2774,13
2814,2775,13
2815,2776,12
2816,2777,15
2817,2778,12
2818,2779,13
2819,2779,14
2820,2782,12
2821,2782,11
2822,2783,13
2823,2783,14
2824,2784,11
2825,2786,13
2826,2786,11
2827,2789,12
2828,2789,15
2829,2790,15
2830,2791,14
2831,2793,11
2832,2794,11
2833,2794,11
2834,2795,11
2835,2796,14
2836,2797,11
2837,2798,11
2838,2800,11
2839,2800,14
2840,2801,15
2841,2801,15
2842,2803,12
2843,2803,15
2844,2804,12
2845,2806,11
2846,2806,11
2847,2807,11
2848,2807,14
2849,2808,12
2850,2809,15
2851,2812,12
2852,2812,13
2853,2813,13
2854,2813,12
2855,2814,12
2856,2816,15
2857,2817,11
2858,2817,11
2859,2819,13
2860,2819,15
2861,2820,14
2862,2820,12
2863,2822,11
2864,2822,15
2865,2823,13
2866,2823,14
2867,2824,15
2868,2825,13
2869,2826,13
2870,2826,15
2871,2827,14
2872,2828,15
2873,2828,11
2874,2830,12
2875,2831,11
2876,2832,15
2877,2832,12
2878,2833,14
2879,2833,12
2880,2834,15
2881,2834,12
2882,2835,15
2883,2835,13
2884,2836,14
2885,2838,14
2886,2839,12
2887,2839,12
2888,2840,13
2889,2841,13
2890,2842,14
2891,2843,11
2892,2843,13
2893,2844,12
2894,2844,12
2895,2845,14
2896,2845,12
2897,2847,12
2898,2847,11
2899,2848,12
2900,2849,14
2901,2850,11
2902,2851,12
2903,2854,13
2904,2856,14
2905,2856,13
2906,2859,14
2907,2859,15
2908,2862,15
2909,2863,15
2910,2864,13
2911,2864,14
2912,2865,13
2913,2867,14
2914,2867,11
2915,2868,14
2916,2868,15
2917,2869,15
2918,2870,13
2919,2870,13
2920,2872,15
2921,2873,13
2922,2873,11
2923,2874,12
2924,2875,15
2925,2875,11
2926,2876,11
2927,2876,14
2928,2877,13
2929,2878,13
2930,2879,14
2931,2880,12
2932,2880,12
2933,2883,11
2934,2884,15
2935,2884,11
2936,2886,12
2937,2887,11
2938,2888,12
2939,2890,14
2940,2891,12
2941,2893,13
2942,2894,11
2943,2894,15
2944,2895,14
2945,2895,15
2946,2896,11
2947,2898,14
2948,2898,12
2949,2899,14
2950,2900,13
2951,2902,13
2952,2902,15
2953,2904,13
2954,2906,13
2955,2907,13
2956,2907,15
2957,2909,11
2958,2911,14
2959,2912,12
2960,2912,12
2961,2913,12
2962,2913,15
2963,2915,13
2964,2915,14
2965,2916,12
2966,2918,15
2967,2919,14
2968,2919,15
2969,2924,12
2970,2924,11
2971,2927,11
2972,2927,12
2973,2928,15
2974,2929,12
2975,2931,15
2976,2931,13
2977,2933,12
2978,2933,12
2979,2935,14
2980,2935,13
2981,2936,12
2982,2936,15
2983,2937,13
2984,2937,12
2985,2938,13
2986,2939,14
2987,2940,13
2988,2941,15
2989,2942,15
2990,2943,13
2991,2943,15
2992,2945,13
2993,2948,13
2994,2948,11
2995,2950,11
2996,2951,12
2997,2953,14
2998,2953,14
2999,2954,11
3000,2957,11
3001,2958,14
3002,2958,12
3003,2959,12
3004,2959,12
3005,2961,11
3006,2961,11
3007,2963,11
3008,2964,12
3009,2966,13
3010,2967,12
3011,2968,13
3012,2968,11
3013,2969,13
3014,2969,13
3015,2971,12
3016,2973,11
3017,2976,11
3018,2976,15
3019,2977,11
3020,2978,12
3021,2978,12
3022,2979,12
3023,2980,11
3024,2980,11
3025,2981,15
3026,2982,14
3027,2983,12
3028,2983,15
3029,2984,11
3030,2984,12
3031,2987,11
3032,2987,14
3033,2988,14
3034,2988,14
3035,2989,13
3036,2989,14
3037,2990,14
3038,2991,13
3039,2994,14
3040,2995,12
3041,2995,13
3042,2996,13
3043,2997,11
3044,2997,15
3045,3001,13
3046,3003,12
3047,3003,12
3048,3005,11
3049,3006,14
3050,3007,15
3051,3008,11
3052,3008,14
3053,3009,15
3054,3009,15
3055,3012,11
3056,3012,13
3057,3015,12
3058,3015,11
3059,3016,12
3060,3017,12
3061,3019,12
3062,3022,15
3063,3024,14
3064,3024,14
3065,3025,15
3066,3026,12
3067,3028,12
3068,3028,15
3069,3029,12
3070,3029,12
3071,3030,12
3072,3030,14
3073,3031,14
3074,3033,15
3075,3035,15
3076,3037,15
3077,3038,14
3078,3039,12
3079,3039,13
3080,3041,11
3081,3042,13
3082,3043,12
3083,3043,13
3084,3044,14
3085,3044,14
3086,3045,13
3087,3045,11
3088,3047,15
3089,3047,14
3090,3048,11
3091,3049,11
3092,3050,12
3093,3050,13
3094,3051,14
3095,3052,13
3096,3053,14
3097,3054,13
3098,3054,15
3099,3055,15
3100,3055,13
3101,3056,15
3102,3056,15
3103,3058,15
3104,3059,13
3105,3059,13
3106,3060,14
3107,3061,13
3108,3062,15
3109,3063,14
3110,3065,12
3111,3065,15
3112,3066,15
3113,3069,11
3114,3069,15
3115,3070,15
3116,3071,14
3117,3072,15
3118,3072,12
3119,3073,15
3120,3073,13
3121,3074,13
3122,3074,13
3123,3075,11
3124,3075,12
3125,3076,14
3126,3078,11
3127,3078,15
3128,3079,11
3129,3079,14
3130,3081,12
3131,3082,11
3132,3082,15
3133,3083,11
3134,3083,13
3135,3085,15
3136,3085,15
3137,3086,13
3138,3090,13
3139,3090,12
3140,3091,12
3141,3092,15
3142,3095,14
3143,3097,11
3144,3098,15
3145,3098,11
3146,3099,14
3147,3100,11
3148,3102,13
3149,3102,11
3150,3103,11
3151,3103,12
3152,3104,15
3153,3104,14
3154,3105,11
3155,3106,12
3156,3106,11
3157,3108,14
3158,3109,15
3159,3109,11
3160,3110,12
3161,3112,14
3162,3113,11
3163,3113,15
3164,3114,15
3165,3117,11
3166,3118,13
3167,3120,11
3168,3121,15
3169,3121,15
3170,3122,13
3171,3123,11
3172,3123,15
3173,3125,11
3174,3126,14
3175,3126,13
3176,3127,11
3177,3128,15
3178,3131,14
3179,3133,13
3180,3133,14
3181,3134,11
3182,3134,15
3183,3135,14
3184,3135,14
3185,3136,14
3186,3138,13
3187,3138,12
3188,3139,15
3189,3140,13
3190,3141,14
3191,3141,12
3192,3143,11
3193,3143,15
3194,3144,14
3195,3144,12
3196,3145,13
3197,3145,14
3198,3146,11
3199,3146,13
3200,3147,11
3201,3147,12
3202,3149,14
3203,3152,14
3204,3153,12
3205,3153,13
3206,3154,13
3207,3154,13
3208,3155,12
3209,3156,12
3210,3156,14
3211,3158,13
3212,3159,13
3213,3160,13
3214,3160,15
3215,3161,13
3216,3161,11
3217,3162,14
3218,3162,13
3219,3163,14
3220,3164,15
3221,3164,11
3222,3165,15
3223,3165,13
3224,3167,13
3225,3168,12
3226,3168,13
3227,3169,15
3228,3170,14
3229,3171,15
3230,3172,15
3231,3175,13
3232,3176,15
3233,3176,13
3234,3178,15
3235,3179,14
3236,3179,15
3237,3181,12
3238,3181,14
3239,3182,15
3240,3182,13
3241,3184,12
3242,3185,13
3243,3187,14
3244,3188,15
3245,3188,15
3246,3189,13
3247,3189,14
3248,3190,11
3249,3191,13
3250,3191,15
3251,3192,11
3252,3193,12
3253,3195,15
3254,3197,15
3255,3198,13
3256,3198,11
3257,3199,14
3258,3201,15
3259,3202,13
3260,3202,11
3261,3204,13
3262,3207,12
3263,3208,12
3264,3209,12
3265,3211,14
3266,3211,14
3267,3212,11
3268,3214,12
3269,3215,15
3270,3216,12
3271,3218,14
3272,3219,11
3273,3221,15
3274,3221,13
3275,3222,13
3276,3222,14
3277,3223,13
3278,3227,13
3279,3227,15
3280,3232,11
3281,3232,13
3282,3234,12
3283,3234,15
3284,3235,11
3285,3236,12
3286,3239,15
3287,3240,14
3288,3242,14
3289,3242,11
3290,3244,14
3291,3245,14
3292,3245,13
3293,3247,11
3294,3247,15
3295,3248,13
3296,3250,15
3297,3250,13
3298,3251,12
3299,3253,13
3300,3253,11
3301,3254,14
3302,3256,11
3303,3256,11
3304,3257,12
3305,3258,15
3306,3258,15
3307,3259,12
3308,3259,15
3309,3261,11
3310,3261,15
3311,3262,15
3312,3265,14
3313,3265,12
3314,3267,13
3315,3267,14
3316,3269,12
3317,3271,11
3318,3272,13
3319,3273,11
3320,3273,11
3321,3274,11
3322,3274,15
3323,3275,13
3324,3278,13
3325,3278,13
3326,3279,15
3327,3279,13
3328,3280,12
3329,3280,11
3330,3281,14
3331,3281,15
3332,3282,13
3333,3282,12
3334,3283,13
3335,3283,15
3336,3285,11
3337,3285,13
3338,3286,13
3339,3288,12
3340,3289,13
3341,3289,13
3342,3293,14
3343,3293,15
3344,3295,14
3345,3295,11
3346,3296,11
3347,3297,12
3348,3298,15
3349,3298,13
3350,3299,12
3351,3299,11
3352,3300,11
3353,3300,12
3354,3301,15
3355,3301,15
3356,3302,11
3357,3302,13
3358,3305,15
3359,3305,15
3360,3306,13
3361,3306,14
3362,3307,12
3363,3308,11
3364,3308,11
3365,3310,12
3366,3311,11
3367,3312,15
3368,3312,14
3369,3313,12
3370,3314,13
3371,3315,12
3372,3315,14
3373,3317,12
3374,3318,11
3375,3319,12
3376,3320,15
3377,3320,15
3378,3321,15
3379,3322,13
3380,3324,15
3381,3325,12
3382,3325,15
3383,3327,11
3384,3329,11
3385,3330,15
3386,3331,15
3387,3335,15
3388,3336,11
3389,3339,13
3390,3339,13
3391,3340,11
3392,3340,15
3393,3344,12
3394,3344,13
3395,3345,14
3396,3346,11
3397,3347,15
3398,3347,14
3399,3348,12
3400,3348,13
3401,3349,14
3402,3349,12
3403,3350,13
3404,3350,14
3405,3351,14
3406,3355,12
3407,3356,15
3408,3356,14
3409,3357,15
3410,3357,14
3411,3360,14
3412,3361,13
3413,3361,13
3414,3362,14
3415,3362,13
3416,3363,15
3417,3363,13
3418,3367,12
3419,3367,11
3420,3370,11
3421,3370,14
3422,3371,12
3423,3372,12
3424,3372,14
3425,3373,11
3426,3373,15
3427,3374,12
3428,3374,11
3429,3375,13
3430,3376,15
3431,3376,15
3432,3377,15
3433,3379,12
3434,3379,15
3435,3380,14
3436,3383,15
3437,3383,15
3438,3385,12
3439,3386,12
3440,3386,12
3441,3387,14
3442,3388,11
3443,3390,13
3444,3391,12
3445,3391,15
3446,3392,13
3447,3392,14
3448,3394,15
3449,3395,13
3450,3396,12
3451,3397,12
3452,3399,15
3453,3401,11
3454,3401,15
3455,3402,13
3456,3405,13
3457,3406,13
3458,3407,11
3459,3409,12
3460,3409,13
3461,3410,13
3462,3410,11
3463,3414,11
3464,3415,15
3465,3419,12
3466,3419,11
3467,3422,12
3468,3423,15
3469,3425,13
3470,3426,12
3471,3427,14
3472,3427,11
3473,3428,15
3474,3429,12
3475,3429,14
3476,3430,11
3477,3430,14
3478,3432,15
3479,3433,11
3480,3434,11
3481,3434,14
3482,3435,12
3483,3435,11
3484,3436,13
3485,3439,15
3486,3443,13
3487,3446,14
3488,3446,15
3489,3448,14
3490,3449,13
3491,3450,15
3492,3452,12
3493,3452,14
3494,3454,15
3495,3455,11
3496,3455,15
3497,3456,12
3498,3457,11
3499,3458,13
3500,3460,15
3501,3462,13
3502,3462,12
3503,3463,13
3504,3463,15
3505,3464,14
3506,3464,12
3507,3468,12
3508,3468,12
3509,3470,15
3510,3471,12
3511,3472,15
3512,3472,11
3513,3475,13
3514,3477,15
3515,3477,11
3516,3478,11
3517,3478,11
3518,3481,12
3519,3483,15
3520,3484,13
3521,3484,13
3522,3485,15
3523,3485,13
3524,3486,12
3525,3487,11
3526,3489,14
3527,3492,13
3528,3492,15
3529,3494,13
3530,3494,13
3531,3497,13
3532,3499,11
3533,3499,15
3534,3500,11
3535,3501,12
3536,3501,15
3537,3502,15
3538,3502,14
3539,3504,13
3540,3504,13
3541,3506,12
3542,3507,14
3543,3508,11
3544,3508,12
3545,3509,14
3546,3509,13
3547,3510,14
3548,3510,12
3549,3511,15
3550,3511,11
3551,3513,11
3552,3514,12
3553,3516,15
3554,3518,13
3555,3520,13
3556,3521,15
3557,3524,11
3558,3524,14
3559,3525,11
3560,3525,13
3561,3526,15
3562,3526,14
3563,3527,14
3564,3528,15
3565,3528,15
3566,3529,12
3567,3529,11
3568,3530,13
3569,3530,11
3570,3531,11
3571,3531,11
3572,3532,15
3573,3533,15
3574,3533,13
3575,3534,12
3576,3535,11
3577,3535,12
3578,3536,11
3579,3538,12
3580,3538,12
3581,3539,11
3582,3539,12
3583,3541,13
3584,3541,13
3585,3543,15
3586,3543,13
3587,3544,11
3588,3545,12
3589,3545,11
3590,3547,12
3591,3548,12
3592,3548,15
3593,3549,14
3594,3549,14
3595,3550,12
3596,3550,11
3597,3551,14
3598,3551,15
3599,3552,12
3600,3552,14
3601,3553,11
3602,3553,11
3603,3554,15
3604,3554,13
3605,3556,12
3606,3557,13
3607,3558,14
3608,3561,12
3609,3566,14
3610,3567,13
3611,3567,14
3612,3568,15
3613,3569,14
3614,3571,14
3615,3571,11
3616,3572,14
3617,3572,12
3618,3573,13
3619,3573,13
3620,3574,15
3621,3577,14
3622,3578,11
3623,3578,15
3624,3579,15
3625,3579,11
3626,3580,15
3627,3581,11
3628,3581,14
3629,3582,11
3630,3583,13
3631,3583,15
3632,3584,13
3633,3584,11
3634,3587,12
3635,3588,14
3636,3590,14
3637,3591,15
3638,3591,15
3639,3592,12
3640,3592,15
3641,3593,15
3642,3594,15
3643,3595,12
3644,3595,12
3645,3596,15
3646,3597,14
3647,3598,13
3648,3598,13
3649,3599,14
3650,3600,15
3651,3600,11
3652,3601,13
3653,3602,11
3654,3603,12
3655,3603,12
3656,3604,12
3657,3604,12
3658,3606,11
3659,3608,12
3660,3608,11
3661,3609,12
3662,3611,12
3663,3611,14
3664,3612,15
3665,3612,13
3666,3613,11
3667,3613,14
3668,3614,13
3669,3617,14
3670,3617,13
3671,3618,13
3672,3619,13
3673,3619,15
3674,3621,12
3675,3621,13
3676,3622,12
3677,3624,11
3678,3624,12
3679,3626,11
3680,3626,14
3681,3627,12
3682,3628,13
3683,3628,11
3684,3629,11
3685,3630,15
3686,3631,14
3687,3631,15
3688,3632,11
3689,3633,13
3690,3634,11
3691,3634,11
3692,3635,14
3693,3638,13
3694,3640,14
3695,3643,14
3696,3644,15
3697,3644,14
3698,3645,12
3699,3645,14
3700,3647,12
3701,3649,12
3702,3650,15
3703,3650,14
3704,3651,12
3705,3651,11
3706,3652,15
3707,3652,12
3708,3653,12
3709,3654,13
3710,3654,12
3711,3655,15
3712,3655,14
3713,3659,13
3714,3659,12
3715,3660,13
3716,3660,11
3717,3661,15
3718,3665,11
3719,3667,12
3720,3667,15
3721,3669,11
3722,3669,12
3723,3670,11
3724,3671,11
3725,3674,14
3726,3675,11
3727,3677,14
3728,3677,12
3729,3678,13
3730,3679,13
3731,3679,13
3732,3681,15
3733,3682,13
3734,3682,12
3735,3683,14
3736,3683,14
3737,3684,13
3738,3685,13
3739,3685,11
3740,3688,11
3741,3688,12
3742,3689,12
3743,3690,11
3744,3690,14
3745,3691,11
3746,3692,15
3747,3693,15
3748,3693,12
3749,3695,11
3750,3696,12
3751,3697,15
3752,3697,11
3753,3698,14
3754,3698,14
3755,3699,12
3756,3699,15
3757,3701,11
3758,3703,12
3759,3704,11
3760,3705,12
3761,3706,15
3762,3707,11
3763,3707,13
3764,3708,12
3765,3709,11
3766,3710,11
3767,3711,13
3768,3711,14
3769,3712,11
3770,3712,12
3771,3713,13
3772,3714,14
3773,3714,15
3774,3715,14
3775,3715,12
3776,3716,12
3777,3717,15
3778,3717,12
3779,3718,14
3780,3718,14
3781,3719,15
3782,3720,11
3783,3720,14
3784,3721,11
3785,3721,13
3786,3723,14
3787,3725,11
3788,3725,11
3789,3727,14
3790,3729,13
3791,3731,12
3792,3732,11
3793,3733,14
3794,3733,13
3795,3734,12
3796,3734,12
3797,3737,15
3798,3739,12
3799,3739,15
3800,3741,15
3801,3742,15
3802,3744,14
3803,3744,12
3804,3745,14
3805,3749,12
3806,3749,15
3807,3750,15
3808,3751,15
3809,3753,11
3810,3753,13
3811,3755,11
3812,3756,15
3813,3757,14
3814,3760,13
3815,3760,15
3816,3761,13
3817,3761,12
3818,3762,15
3819,3762,13
3820,3764,15
3821,3764,15
3822,3765,12
3823,3765,15
3824,3767,12
3825,3769,13
3826,3771,12
3827,3771,13
3828,3772,14
3829,3772,15
3830,3773,15
3831,3773,11
3832,3774,11
3833,3774,11
3834,3775,12
3835,3775,13
3836,3776,13
3837,3776,13
3838,3777,11
3839,3778,13
3840,3779,15
3841,3780,15
3842,3780,11
3843,3781,15
3844,3782,11
3845,3782,14
3846,3783,12
3847,3783,14
3848,3784,11
3849,3784,15
3850,3785,14
3851,3786,12
3852,3787,14
3853,3788,14
3854,3789,11
3855,3791,11
3856,3791,11
3857,3792,11
3858,3792,15
3859,3793,15
3860,3793,14
3861,3795,13
3862,3795,13
3863,3796,13
3864,3796,12
3865,3797,14
3866,3799,14
3867,3799,13
3868,3800,11
3869,3800,13
3870,3801,15
3871,3801,13
3872,3802,11
3873,3805,13
3874,3805,15
3875,3806,15
3876,3806,12
3877,3807,11
3878,3809,13
3879,3809,11
3880,3811,11
3881,3811,11
3882,3812,14
3883,3812,15
3884,3813,14
3885,3813,14
3886,3815,12
3887,3815,15
3888,3816,12
3889,3816,14
3890,3817,11
3891,3817,11
3892,3818,11
3893,3818,15
3894,3820,15
3895,3820,12
3896,3821,15
3897,3822,12
3898,3825,13
3899,3825,11
3900,3828,13
3901,3829,11
3902,3829,14
3903,3830,14
3904,3831,13
3905,3832,11
3906,3833,13
3907,3833,11
3908,3834,12
3909,3835,12
3910,3836,12
3911,3838,13
3912,3838,11
3913,3839,14
3914,3840,15
3915,3842,14
3916,3844,15
3917,3844,15
3918,3845,12
3919,3845,13
3920,3846,14
3921,3847,12
3922,3847,13
3923,3848,14
3924,3848,11
3925,3850,12
3926,3851,14
3927,3853,13
3928,3854,15
3929,3855,13
3930,3855,13
3931,3857,14
3932,3858,14
3933,3859,15
3934,3859,12
3935,3860,14
3936,3861,13
3937,3861,14
3938,3862,15
3939,3862,14
3940,3863,14
3941,3863,12
3942,3864,13
3943,3864,14
3944,3866,15
3945,3866,12
3946,3867,14
3947,3869,15
3948,3869,11
3949,3870,12
3950,3870,12
3951,3872,13
3952,3873,11
3953,3875,12
3954,3876,11
3955,3876,14
3956,3878,11
3957,3880,11
3958,3880,15
3959,3882,11
3960,3883,15
3961,3883,15
3962,3886,15
3963,3886,15
3964,3887,14
3965,3887,15
3966,3888,12
3967,3890,13
3968,3890,12
3969,3891,12
3970,3892,12
3971,3893,11
3972,3895,11
3973,3895,11
3974,3897,11
3975,3898,12
3976,3898,14
3977,3900,13
3978,3900,14
3979,3901,11
3980,3903,15
3981,3903,15
3982,3904,12
3983,3904,14
3984,3905,12
3985,3905,15
3986,3906,13
3987,3907,13
3988,3908,13
3989,3908,11
3990,3910,15
3991,3911,15
3992,3912,12
3993,3913,15
3994,3916,12
3995,3917,13
3996,3918,15
3997,3918,15
3998,3920,11
3999,3922,14
4000,3922,13
4001,3924,11
4002,3924,15
4003,3926,15
4004,3928,14
4005,3929,12
4006,3931,13
4007,3935,15
4008,3935,14
4009,3936,12
4010,3936,15
4011,3937,11
4012,3938,15
4013,3939,11
4014,3940,15
4015,3941,13
4016,3941,15
4017,3942,13
4018,3943,13
4019,3943,12
4020,3945,15
4021,3945,14
4022,3947,12
4023,3949,15
4024,3949,14
4025,3951,15
4026,3951,11
4027,3952,13
4028,3952,11
4029,3955,11
4030,3955,11
4031,3958,15
4032,3958,12
4033,3959,12
4034,3959,13
4035,3960,14
4036,3961,13
4037,3961,12
4038,3962,12
4039,3962,11
4040,3963,13
4041,3963,12
4042,3964,14
4043,3965,14
4044,3965,14
4045,3967,13
4046,3967,14
4047,3968,12
4048,3968,14
4049,3971,15
4050,3974,15
4051,3974,11
4052,3975,15
4053,3975,11
4054,3976,15
4055,3977,13
4056,3978,15
4057,3978,15
4058,3979,15
4059,3979,11
4060,3981,12
4061,3982,12
4062,3983,11
4063,3983,15
4064,3984,11
4065,3985,15
4066,3985,12
4067,3986,15
4068,3986,11
4069,3988,11
4070,3988,13
4071,3990,12
4072,3990,15
4073,3991,15
4074,3991,12
4075,3993,13
4076,3993,13
4077,3994,14
4078,3995,15
4079,3996,12
4080,3996,15
4081,3997,15
4082,3998,11
4083,3999,14
4084,3999,13
4085,4000,14
4086,4002,13
4087,4004,13
4088,4006,12
4089,4006,14
4090,4008,15
4091,4008,11
4092,4009,15
4093,4012,13
4094,4012,12
4095,4014,15
4096,4014,13
4097,4015,14
4098,4015,11
4099,4016,15
4100,4017,11
4101,4017,14
4102,4019,13
4103,4020,12
4104,4021,15
4105,4021,15
4106,4023,11
4107,4024,12
4108,4025,12
4109,4026,14
4110,4026,14
4111,4027,14
4112,4027,12
4113,4028,11
4114,4028,11
4115,4029,13
4116,4031,15
4117,4032,14
4118,4032,13
4119,4033,12
4120,4034,12
4121,4034,14
4122,4035,15
4123,4036,13
4124,4037,12
4125,4037,13
4126,4038,14
4127,4038,12
4128,4039,12
4129,4039,12
4130,4040,13
4131,4040,14
4132,4042,15
4133,4044,13
4134,4046,15
4135,4046,11
4136,4047,13
4137,4047,13
4138,4048,13
4139,4048,15
4140,4050,11
4141,4052,12
4142,4053,15
4143,4053,15
4144,4054,15
4145,4055,14
4146,4058,11
4147,4059,11
4148,4060,11
4149,4061,14
4150,4062,13
4151,4063,13
4152,4064,15
4153,4064,15
4154,4065,12
4155,4065,12
4156,4066,14
4157,4067,12
4158,4070,12
4159,4070,12
4160,4071,15
4161,4074,11
4162,4074,11
4163,4076,14
4164,4076,12
4165,4078,11
4166,4078,15
4167,4079,14
4168,4079,13
4169,4080,12
4170,4080,15
4171,4082,14
4172,4083,14
4173,4084,11
4174,4085,15
4175,4085,11
4176,4086,11
4177,4087,13
4178,4088,13
4179,4089,15
4180,4089,14
4181,4092,11
4182,4092,13
4183,4093,14
4184,4095,11
4185,4099,13
4186,4100,15
4187,4101,14
4188,4103,13
4189,4105,13
4190,4107,15
4191,4107,13
4192,4108,11
4193,4108,12
4194,4109,13
4195,4109,15
4196,4110,14
4197,4111,14
4198,4111,13
4199,4113,14
4200,4113,15
4201,4114,11
4202,4116,11
4203,4116,15
4204,4117,11
4205,4118,13
4206,4119,12
4207,4119,15
4208,4120,11
4209,4120,14
4210,4121,15
4211,4121,12
4212,4123,14
4213,4123,15
4214,4125,14
4215,4125,14
4216,4126,12
4217,4127,11
4218,4127,15
4219,4130,11
4220,4130,11
4221,4132,12
4222,4132,15
4223,4134,14
4224,4134,14
4225,4135,11
4226,4135,12
4227,4136,12
4228,4136,15
4229,4137,12
4230,4137,13
4231,4138,13
4232,4139,15
4233,4139,12
4234,4140,14
4235,4140,13
4236,4141,15
4237,4142,15
4238,4142,14
4239,4144,13
4240,4146,11
4241,4147,14
4242,4147,15
4243,4148,11
4244,4148,15
4245,4150,15
4246,4150,14
4247,4151,13
4248,4153,15
4249,4155,12
4250,4155,14
4251,4156,14
4252,4156,11
4253,4157,11
4254,4157,12
4255,4160,11
4256,4161,13
4257,4161,12
4258,4163,15
4259,4165,14
4260,4165,14
4261,4166,15
4262,4166,14
4263,4168,14
4264,4169,11
4265,4170,14
4266,4170,12
4267,4171,11
4268,4171,14
4269,4173,15
4270,4174,15
4271,4175,11
4272,4176,13
4273,4176,14
4274,4177,14
4275,4178,13
4276,4180,14
4277,4180,15
4278,4182,12
4279,4186,14
4280,4187,12
4281,4188,11
4282,4189,13
4283,4189,11
4284,4190,11
4285,4191,14
4286,4192,15
4287,4193,11
4288,4195,11
4289,4196,13
4290,4201,15
4291,4201,14
4292,4202,11
4293,4202,11
4294,4206,11
4295,4207,13
4296,4208,13
4297,4208,13
4298,4209,13
4299,4209,14
4300,4210,15
4301,4210,13
4302,4211,15
4303,4212,13
4304,4213,12
4305,4213,15
4306,4215,12
4307,4215,11
4308,4216,15
4309,4216,14
4310,4217,11
4311,4217,14
4312,4218,11
4313,4218,12
4314,4220,14
4315,4221,14
4316,4221,12
4317,4223,14
4318,4223,15
4319,4224,13
4320,4224,11
4321,4225,13
4322,4226,14
4323,4227,14
4324,4228,13
4325,4228,15
4326,4229,12
4327,4230,13
4328,4231,13
4329,4231,13
4330,4232,13
4331,4235,11
4332,4236,13
4333,4241,12
4334,4242,15
4335,4242,13
4336,4243,13
4337,4243,12
4338,4244,13
4339,4244,14
4340,4245,13
4341,4246,13
4342,4248,13
4343,4248,11
4344,4249,12
4345,4249,14
4346,4250,15
4347,4250,15
4348,4251,14
4349,4252,11
4350,4253,13
4351,4253,11
4352,4254,14
4353,4255,13
4354,4255,14
4355,4259,14
4356,4259,15
4357,4260,11
4358,4262,13
4359,4264,13
4360,4265,13
4361,4265,12
4362,4266,12
4363,4266,13
4364,4268,11
4365,4268,14
4366,4269,15
4367,4269,12
4368,4271,12
4369,4271,15
4370,4273,12
4371,4274,15
4372,4274,15
4373,4278,12
4374,4278,14
4375,4279,13
4376,4279,13
4377,4280,15
4378,4280,12
4379,4281,11
4380,4281,13
4381,4282,13
4382,4282,11
4383,4284,11
4384,4287,14
4385,4287,12
4386,4289,13
4387,4290,13
4388,4293,14
4389,4294,12
4390,4294,13
4391,4295,11
4392,4297,12
4393,4297,13
4394,4298,11
4395,4299,13
4396,4299,13
4397,4301,14
4398,4302,12
4399,4303,11
4400,4303,11
4401,4304,13
4402,4304,14
4403,4305,14
4404,4305,15
4405,4306,11
4406,4306,11
4407,4307,15
4408,4308,12
4409,4308,13
4410,4310,14
4411,4312,11
4412,4314,12
4413,4315,11
4414,4315,14
4415,4316,11
4416,4320,11
4417,4321,11
4418,4321,12
4419,4322,13
4420,4322,12
4421,4324,15
4422,4324,13
4423,4325,12
4424,4326,12
4425,4326,13
4426,4327,13
4427,4327,12
4428,4329,14
4429,4330,13
4430,4332,13
4431,4332,12
4432,4333,13
4433,4333,15
4434,4334,15
4435,4335,12
4436,4335,12
4437,4336,11
4438,4338,11
4439,4338,12
4440,4339,14
4441,4339,12
4442,4340,13
4443,4340,14
4444,4341,13
4445,4341,13
4446,4342,14
4447,4345,11
4448,4345,14
4449,4347,15
4450,4348,11
4451,4348,15
4452,4350,13
4453,4351,11
4454,4351,14
4455,4352,12
4456,4352,12
4457,4353,11
4458,4354,12
4459,4354,13
4460,4355,11
4461,4356,12
4462,4356,13
4463,4357,15
4464,4357,15
4465,4358,13
4466,4358,14
4467,4359,13
4468,4359,12
4469,4360,11
4470,4360,15
4471,4361,11
4472,4361,13
4473,4363,12
4474,4364,14
4475,4364,12
4476,4367,13
4477,4367,14
4478,4368,12
4479,4368,11
4480,4369,13
4481,4370,13
4482,4371,15
4483,4374,14
4484,4375,15
4485,4375,15
4486,4376,13
4487,4376,13
4488,4377,11
4489,4378,12
4490,4380,14
4491,4382,14
4492,4383,14
4493,4383,15
4494,4384,15
4495,4384,11
4496,4385,12
4497,4385,12
4498,4387,15
4499,4388,12
4500,4388,11
4501,4390,14
4502,4391,11
4503,4393,14
4504,4393,14
4505,4395,11
4506,4397,14
4507,4397,11
4508,4398,13
4509,4399,13
4510,4402,15
4511,4405,11
4512,4406,11
4513,4406,12
4514,4407,15
4515,4409,12
4516,4409,11
4517,4411,13
4518,4415,12
4519,4417,11
4520,4417,15
4521,4419,15
4522,4421,11
4523,4422,15
4524,4422,15
4525,4423,15
4526,4425,14
4527,4425,11
4528,4426,13
4529,4426,15
4530,4427,15
4531,4427,14
4532,4428,12
4533,4430,13
4534,4431,13
4535,4432,13
4536,4432,13
4537,4433,15
4538,4433,12
4539,4434,11
4540,4435,13
4541,4435,11
4542,4437,12
4543,4438,11
4544,4439,12
4545,4439,14
4546,4442,11
4547,4442,14
4548,4443,13
4549,4443,13
4550,4444,14
4551,4445,11
4552,4445,14
4553,4446,15
4554,4446,13
4555,4447,14
4556,4447,14
4557,4449,15
4558,4449,11
4559,4451,13
4560,4451,15
4561,4454,15
4562,4454,12
4563,4455,15
4564,4456,12
4565,4456,13
4566,4458,15
4567,4458,12
4568,4460,15
4569,4463,12
4570,4465,12
4571,4465,15
4572,4469,12
4573,4470,14
4574,4470,11
4575,4471,13
4576,4471,14
4577,4472,15
4578,4474,14
4579,4474,12
4580,4475,14
4581,4475,15
4582,4476,12
4583,4477,13
4584,4479,14
4585,4480,11
4586,4484,11
4587,4486,14
4588,4486,13
4589,4487,14
4590,4487,13
4591,4489,14
4592,4492,15
4593,4492,11
4594,4493,11
4595,4493,15
4596,4494,12
4597,4495,14
4598,4495,13
4599,4498,11
4600,4499,13
4601,4499,11
4602,4500,11
4603,4500,11
4604,4501,12
4605,4501,15
4606,4502,15
4607,4505,11
4608,4505,11
4609,4510,14
4610,4510,11
4611,4511,15
4612,4513,15
4613,4514,14
4614,4516,13
4615,4516,13
4616,4517,14
4617,4518,13
4618,4521,15
4619,4521,15
4620,4522,14
4621,4523,13
4622,4523,14
4623,4524,11
4624,4524,14
4625,4525,12
4626,4525,12
4627,4527,15
4628,4528,11
4629,4530,11
4630,4531,13
4631,4532,15
4632,4532,12
4633,4534,14
4634,4535,15
4635,4535,13
4636,4537,14
4637,4537,15
4638,4538,12
4639,4538,12
4640,4539,12
4641,4539,13
4642,4541,15
4643,4542,12
4644,4544,12
4645,4545,11
4646,4546,12
4647,4546,14
4648,4548,15
4649,4550,11
4650,4552,13
4651,4552,13
4652,4554,11
4653,4554,12
4654,4555,11
4655,4557,13
4656,4560,15
4657,4561,11
4658,4562,12
4659,4562,15
4660,4563,15
4661,4565,11
4662,4565,15
4663,4567,15
4664,4567,11
4665,4569,12
4666,4569,14
4667,4571,12
4668,4572,15
4669,4574,12
4670,4575,15
4671,4575,13
4672,4576,14
4673,4576,15
4674,4577,11
4675,4577,15
4676,4578,12
4677,4579,12
4678,4579,14
4679,4580,15
4680,4581,12
4681,4583,14
4682,4584,14
4683,4584,15
4684,4585,11
4685,4585,13
4686,4588,13
4687,4588,13
4688,4589,14
4689,4590,15
4690,4590,15
4691,4595,14
4692,4596,14
4693,4597,12
4694,4598,14
4695,4599,13
4696,4601,14
4697,4601,13
4698,4605,14
4699,4605,15
4700,4608,14
4701,4609,11
4702,4610,12
4703,4612,11
4704,4615,12
4705,4616,12
4706,4617,11
4707,4618,14
4708,4619,11
4709,4621,13
4710,4624,13
4711,4624,14
4712,4625,13
4713,4626,12
4714,4626,15
4715,4627,14
4716,4628,14
4717,4628,13
4718,4631,13
4719,4631,15
4720,4632,11
4721,4632,12
4722,4634,14
4723,4634,14
4724,4635,15
4725,4636,14
4726,4637,11
4727,4637,12
4728,4638,14
4729,4638,11
4730,4640,14
4731,4641,14
4732,4642,14
4733,4642,14
4734,4643,11
4735,4644,15
4736,4644,15
4737,4645,14
4738,4645,15
4739,4646,12
4740,4647,12
4741,4648,12
4742,4648,13
4743,4649,13
4744,4650,13
4745,4650,15
4746,4652,14
4747,4653,12
4748,4654,15
4749,4655,14
4750,4655,15
4751,4656,12
4752,4658,14
4753,4658,14
4754,4659,11
4755,4660,12
4756,4661,13
4757,4662,11
4758,4663,12
4759,4664,13
4760,4666,11
4761,4666,15
4762,4667,13
4763,4667,13
4764,4668,14
4765,4669,12
4766,4669,14
4767,4670,12
4768,4673,14
4769,4675,13
4770,4676,14
4771,4676,11
4772,4680,15
4773,4680,15
4774,4682,11
4775,4683,14
4776,4683,11
4777,4684,11
4778,4685,11
4779,4685,11
4780,4686,13
4781,4687,12
4782,4687,15
4783,4688,13
4784,4688,12
4785,4690,12
4786,4692,12
4787,4695,14
4788,4696,12
4789,4697,11
4790,4699,13
4791,4699,14
4792,4700,15
4793,4700,14
4794,4702,15
4795,4702,14
4796,4706,15
4797,4710,13
4798,4710,11
4799,4713,13
4800,4714,13
4801,4714,11
4802,4715,14
4803,4716,13
4804,4716,14
4805,4717,12
4806,4718,12
4807,4721,11
4808,4721,13
4809,4722,11
4810,4722,15
4811,4723,12
4812,4723,12
4813,4724,11
4814,4724,14
4815,4725,11
4816,4725,14
4817,4727,11
4818,4729,14
4819,4730,12
4820,4730,15
4821,4731,12
4822,4731,14
4823,4732,13
4824,4732,11
4825,4733,12
4826,4733,11
4827,4734,15
4828,4734,12
4829,4735,12
4830,4735,11
4831,4736,15
4832,4736,14
4833,4738,13
4834,4738,11
4835,4741,15
4836,4742,13
4837,4742,11
4838,4743,11
4839,4744,14
4840,4745,15
4841,4746,12
4842,4746,15
4843,4747,13
4844,4747,14
4845,4749,11
4846,4750,13
4847,4750,12
4848,4752,11
4849,4753,11
4850,4753,11
4851,4754,15
4852,4754,12
4853,4755,15
4854,4756,13
4855,4757,13
4856,4757,15
4857,4758,13
4858,4758,11
4859,4759,11
4860,4760,15
4861,4761,13
4862,4761,13
4863,4762,14
4864,4763,14
4865,4763,14
4866,4764,12
4867,4764,15
4868,4765,12
4869,4766,11
4870,4768,13
4871,4768,15
4872,4769,15
4873,4769,13
4874,4771,12
4875,4772,12
4876,4772,15
4877,4773,14
4878,4773,15
4879,4774,15
4880,4775,14
4881,4776,14
4882,4776,12
4883,4777,15
4884,4777,13
4885,4782,13
4886,4783,13
4887,4784,14
4888,4785,15
4889,4785,12
4890,4787,15
4891,4789,12
4892,4789,12
4893,4791,13
4894,4791,13
4895,4793,15
4896,4793,14
4897,4795,14
4898,4795,11
4899,4796,11
4900,4796,12
4901,4797,13
4902,4798,15
4903,4798,12
4904,4799,14
4905,4800,15
4906,4801,12
4907,4801,12
4908,4802,11
4909,4803,11
4910,4803,12
4911,4804,15
4912,4805,11
4913,4805,15
4914,4806,15
4915,4807,11
4916,4808,13
4917,4810,13
4918,4811,13
4919,4813,12
4920,4814,14
4921,4815,12
4922,4815,13
4923,4816,14
4924,4816,14
4925,4819,11
4926,4819,14
4927,4820,12
4928,4821,12
4929,4821,13
4930,4822,13
4931,4823,11
4932,4823,12
4933,4825,13
4934,4825,11
4935,4829,13
4936,4830,14
4937,4830,15
4938,4832,14
4939,4832,13
4940,4834,13
4941,4834,11
4942,4835,15
4943,4837,11
4944,4837,15
4945,4838,13
4946,4838,13
4947,4839,15
4948,4839,12
4949,4840,14
4950,4840,15
4951,4841,13
4952,4841,12
4953,4843,15
4954,4843,14
4955,4846,12
4956,4847,12
4957,4847,12
4958,4848,14
4959,4848,15
4960,4850,12
4961,4851,14
4962,4852,14
4963,4852,12
4964,4853,11
4965,4853,13
4966,4854,14
4967,4854,14
4968,4855,15
4969,4856,14
4970,4856,14
4971,4857,11
4972,4857,14
4973,4861,13
4974,4861,12
4975,4862,15
4976,4862,14
4977,4863,13
4978,4863,11
4979,4865,15
4980,4866,12
4981,4866,12
4982,4867,14
4983,4867,14
4984,4869,15
4985,4871,11
4986,4871,13
4987,4873,14
4988,4873,14
4989,4874,12
4990,4874,12
4991,4876,13
4992,4876,15
4993,4877,12
4994,4878,11
4995,4879,15
4996,4879,13
4997,4880,15
4998,4880,14
4999,4881,11
5000,4882,15
5001,4883,12
5002,4884,12
5003,4884,13
5004,4885,13
5005,4886,14
5006,4887,11
5007,4887,14
5008,4889,13
5009,4892,12
5010,4892,14
5011,4893,11
5012,4895,15
5013,4895,11
5014,4896,13
5015,4896,15
5016,4897,13
5017,4897,11
5018,4898,14
5019,4898,12
5020,4899,14
5021,4901,15
5022,4902,15
5023,4902,13
5024,4903,13
5025,4904,13
5026,4905,11
5027,4905,13
5028,4906,13
5029,4906,12
5030,4909,15
5031,4909,12
5032,4911,14
5033,4913,13
5034,4913,12
5035,4917,13
5036,4918,12
5037,4922,13
5038,4922,13
5039,4923,11
5040,4924,11
5041,4925,15
5042,4925,14
5043,4926,11
5044,4926,15
5045,4927,13
5046,4928,12
5047,4929,12
5048,4929,15
5049,4930,12
5050,4930,15
5051,4932,11
5052,4932,12
5053,4934,13
5054,4934,15
5055,4939,15
5056,4939,13
5057,4940,15
5058,4940,15
5059,4941,11
5060,4941,13
5061,4942,13
5062,4942,11
5063,4943,12
5064,4945,11
5065,4945,11
5066,4946,12
5067,4946,12
5068,4948,13
5069,4948,13
5070,4949,15
5071,4949,13
5072,4950,12
5073,4950,13
5074,4951,12
5075,4951,14
5076,4953,12
5077,4954,13
5078,4954,14
5079,4956,12
5080,4958,12
5081,4958,12
5082,4959,14
5083,4960,15
5084,4960,14
5085,4961,11
5086,4961,13
5087,4962,11
5088,4962,12
5089,4963,11
5090,4963,15
5091,4964,13
5092,4965,14
5093,4965,13
5094,4966,14
5095,4966,14
5096,4969,12
5097,4969,13
5098,4970,13
5099,4970,11
5100,4971,14
5101,4973,13
5102,4974,14
5103,4975,15
5104,4975,13
5105,4978,12
5106,4980,11
5107,4980,13
5108,4981,15
5109,4983,11
5110,4984,14
5111,4984,11
5112,4986,15
5113,4989,12
5114,4990,11
5115,4990,15
5116,4991,14
5117,4991,15
5118,4992,12
5119,4994,14
5120,4994,15
5121,4997,12
5122,4998,15
5123,4999,15
5124,4999,15
5125,5000,13
5126,5001,12
5127,5003,15
5128,5004,12
5129,5004,14
5130,5006,15
5131,5007,11
5132,5007,14
5133,5008,11
5134,5008,11
5135,5010,12
5136,5010,11
5137,5013,12
5138,5014,14
5139,5014,11
5140,5015,15
5141,5015,14
5142,5017,11
5143,5017,13
5144,5018,14
5145,5018,13
5146,5020,12
5147,5020,15
5148,5021,13
5149,5023,15
5150,5023,13
5151,5025,11
5152,5025,14
5153,5026,13
5154,5026,12
5155,5027,13
5156,5027,11
5157,5028,13
5158,5028,13
5159,5030,14
5160,5031,11
5161,5032,14
5162,5033,12
5163,5033,12
5164,5034,11
5165,5035,15
5166,5035,12
5167,5036,12
5168,5037,11
5169,5038,15
5170,5040,15
5171,5040,14
5172,5042,12
5173,5042,15
5174,5045,11
5175,5046,13
5176,5047,13
5177,5047,12
5178,5050,13
5179,5050,14
5180,5051,15
5181,5053,11
5182,5053,12
5183,5055,13
5184,5056,11
5185,5056,15
5186,5058,14
5187,5059,11
5188,5059,13
5189,5060,12
5190,5061,11
5191,5061,15
5192,5066,11
5193,5067,12
5194,5067,14
5195,5069,12
5196,5069,15
5197,5070,15
5198,5070,11
5199,5071,15
5200,5071,13
5201,5072,13
5202,5073,12
5203,5075,13
5204,5075,12
5205,5076,15
5206,5080,13
5207,5080,15
5208,5081,11
5209,5081,11
5210,5082,13
5211,5082,13
5212,5083,13
5213,5084,13
5214,5088,12
5215,5088,12
5216,5089,15
5217,5090,15
5218,5090,11
5219,5091,11
5220,5094,14
5221,5094,12
5222,5095,15
5223,5095,15
5224,5096,15
5225,5096,14
5226,5098,15
5227,5099,12
5228,5099,12
5229,5100,11
5230,5101,11
5231,5103,12
5232,5104,11
5233,5104,14
5234,5105,12
5235,5105,11
5236,5106,14
5237,5106,12
5238,5107,15
5239,5107,15
5240,5108,14
5241,5109,13
5242,5112,12
5243,5112,14
5244,5115,15
5245,5117,15
5246,5117,15
5247,5118,11
5248,5119,11
5249,5119,15
5250,5121,13
5251,5121,12
5252,5122,14
5253,5123,11
5254,5124,11
5255,5125,12
5256,5125,15
5257,5126,14
5258,5126,15
5259,5127,13
5260,5127,14
5261,5129,14
5262,5131,12
5263,5132,15
5264,5132,15
5265,5133,13
5266,5133,11
5267,5134,14
5268,5136,11
5269,5137,14
5270,5137,12
5271,5140,11
5272,5141,11
5273,5142,14
5274,5144,11
5275,5145,15
5276,5149,11
5277,5149,13
5278,5151,12
5279,5151,12
5280,5153,14
5281,5154,13
5282,5154,13
5283,5155,12
5284,5155,15
5285,5156,11
5286,5156,15
5287,5157,11
5288,5157,15
5289,5160,11
5290,5162,11
5291,5163,12
5292,5163,13
5293,5166,11
5294,5166,15
5295,5167,14
5296,5168,15
5297,5168,11
5298,5171,12
5299,5172,14
5300,5172,14
5301,5174,12
5302,5174,13
5303,5175,14
5304,5175,15
5305,5178,14
5306,5179,14
5307,5180,12
5308,5181,13
5309,5181,12
5310,5182,13
5311,5184,15
5312,5184,14
5313,5186,15
5314,5187,11
5315,5187,12
5316,5188,11
5317,5190,11
5318,5191,15
5319,5193,15
5320,5195,14
5321,5195,11
5322,5196,12
5323,5196,13
5324,5197,13
5325,5198,12
5326,5198,12
5327,5199,11
5328,5199,15
5329,5200,12
5330,5200,11
5331,5202,14
5332,5202,11
5333,5203,13
5334,5204,11
5335,5206,14
5336,5207,11
5337,5207,11
5338,5209,11
5339,5209,15
5340,5210,15
5341,5210,14
5342,5211,12
5343,5211,15
5344,5212,13
5345,5213,14
5346,5214,15
5347,5214,11
5348,5215,12
5349,5216,11
5350,5217,15
5351,5217,12
5352,5218,11
5353,5219,14
5354,5220,15
5355,5221,12
5356,5221,11
5357,5222,11
5358,5224,12
5359,5224,14
5360,5225,12
5361,5225,13
5362,5226,12
5363,5228,11
5364,5228,14
5365,5230,15
5366,5231,12
5367,5231,12
5368,5233,14
5369,5233,11
5370,5235,12
5371,5235,14
5372,5236,11
5373,5237,13
5374,5237,13
5375,5242,12
5376,5243,12
5377,5243,11
5378,5245,14
5379,5246,13
5380,5247,15
5381,5248,11
5382,5248,15
5383,5249,13
5384,5249,13
5385,5250,14
5386,5250,11
5387,5254,11
5388,5255,13
5389,5255,11
5390,5256,12
5391,5257,14
5392,5257,15
5393,5258,12
5394,5258,12
5395,5261,15
5396,5261,13
5397,5262,11
5398,5263,15
5399,5264,13
5400,5265,11
5401,5268,11
5402,5270,11
5403,5271,11
5404,5272,15
5405,5272,11
5406,5273,14
5407,5274,14
5408,5275,15
5409,5277,12
5410,5278,11
5411,5280,15
5412,5281,12
5413,5283,14
5414,5284,13
5415,5284,13
5416,5285,12
5417,5286,15
5418,5286,11
5419,5290,13
5420,5290,15
5421,5291,12
5422,5296,13
5423,5296,12
5424,5299,12
5425,5300,12
5426,5301,13
5427,5301,13
5428,5302,11
5429,5302,15
5430,5304,11
5431,5304,13
5432,5305,15
5433,5306,13
5434,5306,12
5435,5307,12
5436,5307,15
5437,5309,15
5438,5310,11
5439,5310,12
5440,5312,11
5441,5312,13
5442,5313,13
5443,5313,15
5444,5314,14
5445,5317,14
5446,5318,11
5447,5318,13
5448,5319,14
5449,5320,11
5450,5320,11
5451,5321,12
5452,5323,14
5453,5324,13
5454,5324,12
5455,5325,15
5456,5326,12
5457,5327,15
5458,5328,13
5459,5329,11
5460,5331,14
5461,5331,15
5462,5332,14
5463,5333,11
5464,5334,14
5465,5335,12
5466,5336,13
5467,5336,13
5468,5337,15
5469,5337,12
5470,5339,15
5471,5339,14
5472,5340,14
5473,5340,15
5474,5341,13
5475,5341,12
5476,5342,13
5477,5342,12
5478,5344,11
5479,5345,13
5480,5345,15
5481,5346,14
5482,5347,12
5483,5347,15
5484,5348,14
5485,5348,14
5486,5349,12
5487,5349,14
5488,5350,14
5489,5350,12
5490,5352,12
5491,5353,12
5492,5355,12
5493,5357,11
5494,5359,11
5495,5359,11
5496,5360,12
5497,5360,12
5498,5361,11
5499,5361,14
5500,5364,11
5501,5366,14
5502,5366,15
5503,5369,15
5504,5372,14
5505,5374,13
5506,5375,15
5507,5376,11
5508,5377,14
5509,5378,11
5510,5380,12
5511,5382,15
5512,5383,15
5513,5383,15
5514,5385,11
5515,5386,15
5516,5386,13
5517,5387,14
5518,5389,13
5519,5389,12
5520,5390,14
5521,5391,15
5522,5391,15
5523,5392,12
5524,5392,14
5525,5393,11
5526,5394,11
5527,5396,13
5528,5396,13
5529,5397,14
5530,5399,13
5531,5400,12
5532,5402,12
5533,5403,13
5534,5403,15
5535,5404,13
5536,5404,14
5537,5406,12
5538,5406,13
5539,5407,15
5540,5408,11
5541,5408,15
5542,5410,13
5543,5411,13
5544,5412,13
5545,5412,11
5546,5413,14
5547,5413,11
5548,5414,14
5549,5415,12
5550,5415,11
5551,5416,15
5552,5416,11
5553,5417,11
5554,5419,11
5555,5419,11
5556,5420,15
5557,5422,14
5558,5424,12
5559,5424,15
5560,5425,12
5561,5425,12
5562,5426,13
5563,5427,15
5564,5429,11
5565,5429,14
5566,5430,14
5567,5430,12
5568,5431,14
5569,5431,13
5570,5434,15
5571,5436,13
5572,5436,15
5573,5438,13
5574,5442,12
5575,5443,11
5576,5443,14
5577,5444,15
5578,5445,11
5579,5445,13
5580,5446,14
5581,5446,11
5582,5447,13
5583,5448,13
5584,5449,12
5585,5449,11
5586,5450,14
5587,5451,15
5588,5451,15
5589,5452,11
5590,5453,15
5591,5454,11
5592,5454,11
5593,5455,15
5594,5456,15
5595,5457,13
5596,5459,11
5597,5459,11
5598,5462,13
5599,5463,13
5600,5464,15
5601,5466,13
5602,5466,11
5603,5467,11
5604,5468,11
5605,5468,13
5606,5469,11
5607,5472,12
5608,5473,11
5609,5473,13
5610,5475,12
5611,5476,13
5612,5476,13
5613,5478,13
5614,5480,15
5615,5481,12
5616,5481,12
5617,5483,11
5618,5483,14
5619,5484,15
5620,5487,15
5621,5489,13
5622,5490,15
5623,5490,14
5624,5491,13
5625,5491,12
5626,5492,12
5627,5493,15
5628,5496,12
5629,5496,11
5630,5498,13
5631,5498,11
5632,5499,15
5633,5500,13
5634,5501,11
5635,5501,12
5636,5502,14
5637,5503,15
5638,5503,15
5639,5504,15
5640,5505,11
5641,5505,12
5642,5507,12
5643,5507,14
5644,5508,13
5645,5509,13
5646,5511,11
5647,5511,11
5648,5514,14
5649,5514,13
5650,5515,11
5651,5515,13
5652,5516,12
5653,5517,11
5654,5517,15
5655,5518,15
5656,5518,12
5657,5521,13
5658,5521,14
5659,5522,14
5660,5523,15
5661,5523,15
5662,5524,15
5663,5525,12
5664,5525,11
5665,5530,12
5666,5530,11
5667,5531,14
5668,5531,13
5669,5533,11
5670,5534,14
5671,5535,11
5672,5538,15
5673,5538,12
5674,5540,12
5675,5541,11
5676,5541,14
5677,5542,12
5678,5542,15
5679,5543,15
5680,5547,14
5681,5547,13
5682,5548,14
5683,5548,11
5684,5549,12
5685,5549,14
5686,5550,11
5687,5550,15
5688,5554,12
5689,5556,14
5690,5556,12
5691,5557,12
5692,5558,14
5693,5558,13
5694,5560,15
5695,5560,15
5696,5561,15
5697,5562,11
5698,5562,11
5699,5565,11
5700,5566,13
5701,5567,11
5702,5568,14
5703,5568,14
5704,5569,12
5705,5569,13
5706,5570,13
5707,5570,12
5708,5572,14
5709,5573,12
5710,5573,15
5711,5574,15
5712,5574,13
5713,5575,15
5714,5575,15
5715,5578,11
5716,5578,12
5717,5581,12
5718,5582,13
5719,5582,13
5720,5585,13
5721,5587,15
5722,5589,14
5723,5590,11
5724,5590,12
5725,5591,13
5726,5592,11
5727,5592,11
5728,5594,11
5729,5594,11
5730,5598,15
5731,5598,14
5732,5599,13
5733,5599,15
5734,5600,14
5735,5600,12
5736,5604,11
5737,5604,15
5738,5606,14
5739,5607,15
5740,5607,13
5741,5608,12
5742,5608,13
5743,5609,11
5744,5610,11
5745,5610,15
5746,5612,15
5747,5613,12
5748,5614,13
5749,5615,11
5750,5616,13
5751,5616,13
5752,5617,11
5753,5617,11
5754,5619,11
5755,5619,12
5756,5620,11
5757,5620,12
5758,5621,15
5759,5621,14
5760,5622,13
5761,5622,14
5762,5623,14
5763,5624,15
5764,5624,14
5765,5625,13
5766,5628,14
5767,5628,13
5768,5629,11
5769,5630,15
5770,5631,12
5771,5631,14
5772,5632,13
5773,5633,15
5774,5634,13
5775,5637,12
5776,5641,11
5777,5643,15
5778,5647,15
5779,5647,12
5780,5649,11
5781,5652,11
5782,5653,12
5783,5654,12
5784,5655,12
5785,5655,13
5786,5656,14
5787,5657,15
5788,5659,12
5789,5659,14
5790,5662,14
5791,5662,12
5792,5663,14
5793,5664,12
5794,5664,11
5795,5666,13
5796,5666,15
5797,5667,14
5798,5668,15
5799,5669,11
5800,5672,13
5801,5672,14
5802,5674,15
5803,5674,13
5804,5677,13
5805,5677,15
5806,5678,13
5807,5679,15
5808,5682,13
5809,5684,14
5810,5684,11
5811,5685,13
5812,5687,15
5813,5688,14
5814,5688,15
5815,5689,14
5816,5689,12
5817,5691,11
5818,5692,12
5819,5692,15
5820,5694,12
5821,5694,12
5822,5695,12
5823,5695,12
5824,5696,11
5825,5696,12
5826,5697,14
5827,5698,11
5828,5699,12
5829,5699,11
5830,5700,11
5831,5701,11
5832,5701,12
5833,5705,13
5834,5706,12
5835,5706,11
5836,5707,14
5837,5707,11
5838,5708,11
5839,5710,11
5840,5713,13
5841,5713,11
5842,5714,11
5843,5717,11
5844,5717,15
5845,5718,12
5846,5718,14
5847,5719,12
5848,5719,14
5849,5720,13
5850,5720,11
5851,5721,13
5852,5721,13
5853,5724,14
5854,5724,15
5855,5727,11
5856,5728,15
5857,5729,15
5858,5729,11
5859,5730,15
5860,5731,13
5861,5732,14
5862,5733,12
5863,5734,11
5864,5734,14
5865,5735,12
5866,5735,15
5867,5737,15
5868,5738,13
5869,5739,12
5870,5739,14
5871,5743,12
5872,5743,15
5873,5745,11
5874,5747,14
5875,5748,14
5876,5749,13
5877,5751,11
5878,5751,12
5879,5753,13
5880,5754,15
5881,5754,15
5882,5755,12
5883,5756,14
5884,5756,14
5885,5757,14
5886,5757,14
5887,5758,15
5888,5759,15
5889,5761,11
5890,5763,14
5891,5763,14
5892,5766,11
5893,5766,12
5894,5767,13
5895,5768,14
5896,5768,13
5897,5769,13
5898,5770,14
5899,5770,13
5900,5772,11
5901,5773,13
5902,5774,12
5903,5775,14
5904,5776,15
5905,5776,15
5906,5777,12
5907,5778,13
5908,5778,11
5909,5779,12
5910,5780,11
5911,5782,12
5912,5783,14
5913,5783,14
5914,5785,12
5915,5786,15
5916,5786,13
5917,5788,14
5918,5788,15
5919,5790,11
5920,5794,14
5921,5797,12
5922,5799,13
5923,5800,15
5924,5802,11
5925,5804,15
5926,5804,13
5927,5805,13
5928,5805,13
5929,5806,13
5930,5808,13
5931,5808,15
5932,5809,14
5933,5810,12
5934,5810,14
5935,5811,13
5936,5811,11
5937,5813,15
5938,5813,14
5939,5815,11
5940,5816,15
5941,5816,12
5942,5817,14
5943,5817,13
5944,5820,13
5945,5822,13
5946,5822,13
5947,5823,12
5948,5825,14
5949,5825,15
5950,5828,11
5951,5828,13
5952,5830,13
5953,5830,15
5954,5832,14
5955,5832,14
5956,5833,15
5957,5833,14
5958,5835,12
5959,5835,11
5960,5836,13
5961,5837,13
5962,5837,15
5963,5838,15
5964,5838,12
5965,5839,14
5966,5839,11
5967,5841,14
5968,5841,13
5969,5843,12
5970,5844,14
5971,5844,13
5972,5845,12
5973,5846,12
5974,5846,13
5975,5847,14
5976,5849,12
5977,5849,14
5978,5851,15
5979,5851,12
5980,5852,13
5981,5854,13
5982,5856,15
5983,5856,14
5984,5857,15
5985,5858,13
5986,5859,13
5987,5862,11
5988,5863,13
5989,5864,14
5990,5865,13
5991,5865,12
5992,5866,15
5993,5866,13
5994,5867,11
5995,5868,15
5996,5868,14
5997,5869,13
5998,5869,15
5999,5870,11
6000,5870,14
6001,5871,12
6002,5871,13
6003,5873,12
6004,5875,13
6005,5875,12
6006,5876,15
6007,5877,13
6008,5878,14
6009,5878,15
6010,5879,11
6011,5880,14
6012,5881,13
6013,5881,13
6014,5882,13
6015,5884,15
6016,5884,12
6017,5886,14
6018,5886,14
6019,5887,13
6020,5887,14
6021,5889,14
6022,5891,13
6023,5892,15
6024,5892,12
6025,5893,11
6026,5893,14
6027,5894,14
6028,5894,14
6029,5895,11
6030,5896,13
6031,5897,11
6032,5898,15
6033,5899,11
6034,5899,13
6035,5900,12
6036,5901,15
6037,5901,14
6038,5902,13
6039,5904,12
6040,5905,12
6041,5906,12
6042,5908,11
6043,5910,13
6044,5910,11
6045,5911,15
6046,5911,11
6047,5913,11
6048,5913,13
6049,5915,12
6050,5915,11
6051,5916,14
6052,5918,14
6053,5919,14
6054,5919,12
6055,5921,15
6056,5921,14
6057,5922,15
6058,5924,15
6059,5924,11
6060,5925,12
6061,5926,15
6062,5926,14
6063,5927,13
6064,5927,15
6065,5928,15
6066,5928,12
6067,5929,13
6068,5929,12
6069,5932,11
6070,5933,11
6071,5936,15
6072,5936,14
6073,5938,11
6074,5940,13
6075,5942,13
6076,5942,15
6077,5943,15
6078,5944,12
6079,5944,15
6080,5946,12
6081,5946,14
6082,5947,13
6083,5948,11
6084,5948,12
6085,5949,12
6086,5950,14
6087,5950,14
6088,5951,15
6089,5952,13
6090,5952,11
6091,5953,11
6092,5953,12
6093,5955,12
6094,5957,14
6095,5958,11
6096,5960,13
6097,5961,14
6098,5961,11
6099,5963,14
6100,5963,14
6101,5964,14
6102,5966,11
6103,5966,13
6104,5967,11
6105,5967,11
6106,5970,15
6107,5970,13
6108,5972,14
6109,5972,12
6110,5973,11
6111,5974,11
6112,5974,13
6113,5976,14
6114,5977,12
6115,5978,12
6116,5978,15
6117,5979,14
6118,5979,13
6119,5980,14
6120,5980,13
6121,5981,13
6122,5982,11
6123,5984,12
6124,5985,13
6125,5986,15
6126,5987,13
6127,5989,13
6128,5989,13
6129,5990,14
6130,5991,11
6131,5991,12
6132,5992,12
6133,5992,12
6134,5993,12
6135,5994,13
6136,5994,11
6137,5996,14
6138,5996,11
6139,5998,11
6140,5998,15
6141,5999,13
6142,6000,14
6143,6001,15
6144,6001,11
6145,6003,14
6146,6003,14
6147,6005,12
6148,6006,15
6149,6006,14
6150,6008,13
6151,6009,13
6152,6009,15
6153,6010,13
6154,6010,13
6155,6014,11
6156,6014,12
6157,6015,15
6158,6017,15
6159,6017,14
6160,6019,15
6161,6019,14
6162,6023,15
6163,6025,13
6164,6025,14
6165,6028,14
6166,6028,11
6167,6029,13
6168,6029,11
6169,6030,13
6170,6031,15
6171,6031,15
6172,6032,12
6173,6034,11
6174,6035,12
6175,6036,11
6176,6036,12
6177,6038,12
6178,6039,14
6179,6039,14
6180,6040,13
6181,6041,13
6182,6041,11
6183,6042,13
6184,6042,14
6185,6043,11
6186,6043,13
6187,6044,11
6188,6045,14
6189,6046,12
6190,6046,13
6191,6047,14
6192,6047,12
6193,6049,15
6194,6051,15
6195,6051,14
6196,6052,12
6197,6053,13
6198,6055,13
6199,6055,12
6200,6057,12
6201,6057,13
6202,6058,14
6203,6060,11
6204,6061,14
6205,6062,11
6206,6063,15
6207,6063,11
6208,6065,15
6209,6066,14
6210,6070,12
6211,6072,11
6212,6072,14
6213,6073,13
6214,6073,11
6215,6074,15
6216,6074,11
6217,6075,15
6218,6076,13
6219,6077,12
6220,6077,12
6221,6078,11
6222,6079,13
6223,6079,13
6224,6080,15
6225,6081,15
6226,6081,12
6227,6082,15
6228,6083,13
6229,6083,15
6230,6084,13
6231,6085,15
6232,6086,15
6233,6088,15
6234,6089,13
6235,6090,15
6236,6090,13
6237,6091,14
6238,6091,14
6239,6093,12
6240,6093,11
6241,6095,15
6242,6095,15
6243,6096,13
6244,6096,12
6245,6098,14
6246,6098,14
6247,6100,15
6248,6101,14
6249,6103,11
6250,6104,12
6251,6104,12
6252,6105,13
6253,6108,15
6254,6108,11
6255,6109,12
6256,6109,15
6257,6110,15
6258,6111,11
6259,6111,11
6260,6112,12
6261,6112,12
6262,6113,14
6263,6114,12
6264,6114,12
6265,6115,15
6266,6116,11
6267,6116,12
6268,6118,14
6269,6118,15
6270,6122,15
6271,6122,13
6272,6126,14
6273,6126,12
6274,6127,12
6275,6128,15
6276,6128,13
6277,6129,13
6278,6129,14
6279,6130,13
6280,6130,14
6281,6132,11
6282,6132,12
6283,6133,11
6284,6134,12
6285,6139,12
6286,6139,11
6287,6140,12
6288,6141,12
6289,6142,14
6290,6142,11
6291,6143,12
6292,6144,14
6293,6144,12
6294,6145,11
6295,6146,14
6296,6147,12
6297,6147,15
6298,6148,12
6299,6148,14
6300,6150,11
6301,6150,11
6302,6152,11
6303,6152,11
6304,6155,15
6305,6157,11
6306,6157,14
6307,6158,13
6308,6158,11
6309,6162,13
6310,6163,13
6311,6164,11
6312,6167,12
6313,6168,11
6314,6168,14
6315,6169,12
6316,6170,11
6317,6171,13
6318,6173,12
6319,6176,14
6320,6176,11
6321,6177,11
6322,6177,11
6323,6178,12
6324,6178,14
6325,6179,15
6326,6179,15
6327,6180,11
6328,6182,12
6329,6184,13
6330,6184,15
6331,6185,13
6332,6187,13
6333,6187,14
6334,6188,13
6335,6188,14
6336,6189,14
6337,6190,13
6338,6190,15
6339,6191,11
6340,6192,12
6341,6192,11
6342,6193,14
6343,6193,15
6344,6196,15
6345,6196,13
6346,6198,15
6347,6198,15
6348,6199,12
6349,6199,12
6350,6200,15
6351,6202,14
6352,6202,14
6353,6203,15
6354,6203,12
6355,6204,13
6356,6205,13
6357,6205,11
6358,6206,13
6359,6209,13
6360,6209,15
6361,6210,15
6362,6210,11
6363,6211,13
6364,6211,13
6365,6212,15
6366,6212,15
6367,6213,11
6368,6213,13
6369,6214,15
6370,6216,11
6371,6218,11
6372,6220,12
6373,6223,11
6374,6223,13
6375,6224,11
6376,6227,11
6377,6228,15
6378,6228,13
6379,6229,11
6380,6229,12
6381,6230,11
6382,6231,12
6383,6233,12
6384,6233,15
6385,6235,12
6386,6235,15
6387,6240,14
6388,6240,14
6389,6242,14
6390,6242,14
6391,6243,12
6392,6246,14
6393,6246,13
6394,6249,11
6395,6250,14
6396,6250,13
6397,6253,11
6398,6255,14
6399,6255,13
6400,6256,11
6401,6257,14
6402,6258,12
6403,6258,11
6404,6259,11
6405,6259,12
6406,6260,13
6407,6263,12
6408,6264,13
6409,6264,12
6410,6266,14
6411,6266,12
6412,6267,11
6413,6267,13
6414,6268,12
6415,6268,11
6416,6269,15
6417,6269,12
6418,6273,12
6419,6275,12
6420,6275,14
6421,6276,15
6422,6277,11
6423,6279,13
6424,6281,13
6425,6282,11
6426,6283,12
6427,6283,12
6428,6285,15
6429,6285,15
6430,6286,11
6431,6287,13
6432,6288,13
6433,6291,14
6434,6294,14
6435,6295,14
6436,6296,12
6437,6296,13
6438,6297,15
6439,6299,13
6440,6299,11
6441,6300,12
6442,6302,13
6443,6302,14
6444,6305,15
6445,6305,11
6446,6307,13
6447,6307,15
6448,6309,14
6449,6309,11
6450,6310,11
6451,6310,15
6452,6311,13
6453,6311,14
6454,6312,13
6455,6312,13
6456,6315,15
6457,6315,15
6458,6316,12
6459,6317,13
6460,6317,14
6461,6318,14
6462,6319,12
6463,6319,11
6464,6320,15
6465,6320,12
6466,6322,14
6467,6322,12
6468,6328,12
6469,6328,15
6470,6329,11
6471,6330,12
6472,6330,14
6473,6331,15
6474,6331,12
6475,6332,11
6476,6334,12
6477,6334,11
6478,6336,11
6479,6337,11
6480,6338,11
6481,6339,11
6482,6339,13
6483,6340,15
6484,6341,11
6485,6344,14
6486,6344,13
6487,6345,13
6488,6348,14
6489,6348,13
6490,6349,11
6491,6351,15
6492,6352,11
6493,6354,14
6494,6354,15
6495,6355,14
6496,6355,15
6497,6356,11
6498,6356,11
6499,6357,14
6500,6360,12
6501,6360,11
6502,6362,15
6503,6362,13
6504,6364,12
6505,6366,14
6506,6369,12
6507,6369,13
6508,6370,11
6509,6372,13
6510,6372,11
6511,6375,12
6512,6376,15
6513,6376,14
6514,6377,12
6515,6377,15
6516,6381,14
6517,6381,13
6518,6382,14
6519,6383,11
6520,6385,11
6521,6385,12
6522,6386,15
6523,6388,15
6524,6388,15
6525,6389,11
6526,6392,13
6527,6393,15
6528,6394,12
6529,6395,13
6530,6395,14
6531,6397,11
6532,6398,15
6533,6399,11
6534,6400,14
6535,6400,13
6536,6403,15
6537,6408,13
6538,6408,14
6539,6410,12
6540,6410,15
6541,6412,15
6542,6412,15
6543,6414,14
6544,6414,12
6545,6415,15
6546,6415,11
6547,6416,15
6548,6416,13
6549,6418,15
6550,6419,12
6551,6419,13
6552,6420,12
6553,6421,14
6554,6422,14
6555,6422,15
6556,6424,12
6557,6425,14
6558,6425,11
6559,6426,13
6560,6426,15
6561,6429,13
6562,6430,14
6563,6432,11
6564,6433,13
6565,6433,14
6566,6435,14
6567,6436,13
6568,6437,11
6569,6437,13
6570,6438,11
6571,6438,14
6572,6439,11
6573,6439,14
6574,6440,15
6575,6441,13
6576,6442,11
6577,6442,12
6578,6443,15
6579,6443,15
6580,6444,15
6581,6445,11
6582,6446,15
6583,6448,15
6584,6448,15
6585,6449,14
6586,6450,12
6587,6451,15
6588,6451,13
6589,6452,11
6590,6453,11
6591,6454,11
6592,6455,11
6593,6456,14
6594,6457,12
6595,6457,12
6596,6458,14
6597,6459,15
6598,6459,12
6599,6460,14
6600,6460,14
6601,6461,13
6602,6461,12
6603,6462,15
6604,6465,13
6605,6465,13
6606,6468,11
6607,6470,11
6608,6470,15
6609,6471,13
6610,6472,11
6611,6472,13
6612,6473,15
6613,6473,15
6614,6474,15
6615,6476,12
6616,6480,12
6617,6481,15
6618,6481,15
6619,6482,14
6620,6483,11
6621,6483,15
6622,6485,15
6623,6485,12
6624,6486,13
6625,6486,13
6626,6487,13
6627,6488,13
6628,6488,14
6629,6489,12
6630,6490,14
6631,6491,14
6632,6492,13
6633,6492,13
6634,6494,12
6635,6494,12
6636,6495,14
6637,6495,14
6638,6496,11
6639,6496,13
6640,6497,14
6641,6498,13
6642,6498,11
6643,6499,15
6644,6499,13
6645,6500,12
6646,6500,15
6647,6501,13
6648,6502,15
6649,6502,11
6650,6504,14
6651,6505,13
6652,6506,13
6653,6507,14
6654,6508,13
6655,6508,14
6656,6509,15
6657,6509,13
6658,6510,11
6659,6510,13
6660,6511,15
6661,6513,11
6662,6513,15
6663,6515,12
6664,6516,12
6665,6516,13
6666,6517,15
6667,6518,13
6668,6518,12
6669,6520,15
6670,6521,13
6671,6521,14
6672,6522,13
6673,6523,12
6674,6523,12
6675,6524,14
6676,6525,13
6677,6525,13
6678,6527,13
6679,6528,13
6680,6530,13
6681,6530,14
6682,6531,13
6683,6533,11
6684,6533,13
6685,6534,14
6686,6535,13
6687,6536,14
6688,6536,14
6689,6537,12
6690,6539,11
6691,6540,12
6692,6540,12
6693,6541,11
6694,6544,12
6695,6544,11
6696,6545,13
6697,6545,15
6698,6546,14
6699,6546,13
6700,6548,11
6701,6549,15
6702,6549,11
6703,6552,14
6704,6553,13
6705,6553,15
6706,6554,12
6707,6555,13
6708,6555,15
6709,6556,13
6710,6559,14
6711,6560,14
6712,6560,14
6713,6561,14
6714,6561,11
6715,6562,15
6716,6563,13
6717,6566,15
6718,6566,15
6719,6568,11
6720,6569,12
6721,6576,11
6722,6576,12
6723,6577,13
6724,6577,15
6725,6578,15
6726,6578,13
6727,6580,11
6728,6582,11
6729,6583,12
6730,6583,12
6731,6584,11
6732,6585,12
6733,6585,11
6734,6587,14
6735,6588,14
6736,6594,13
6737,6594,14
6738,6597,12
6739,6598,15
6740,6598,12
6741,6599,11
6742,6599,15
6743,6601,12
6744,6603,12
6745,6603,14
6746,6604,13
6747,6604,11
6748,6605,15
6749,6605,15
6750,6607,13
6751,6607,14
6752,6608,14
6753,6608,12
6754,6609,12
6755,6610,15
6756,6610,13
6757,6611,15
6758,6611,15
6759,6613,11
6760,6613,13
6761,6618,11
6762,6619,11
6763,6620,12
6764,6622,12
6765,6622,15
6766,6623,15
6767,6625,13
6768,6625,12
6769,6626,11
6770,6626,13
6771,6627,15
6772,6628,14
6773,6628,14
6774,6629,15
6775,6630,15
6776,6631,13
6777,6631,15
6778,6632,12
6779,6633,11
6780,6637,13
6781,6637,11
6782,6638,12
6783,6638,12
6784,6640,15
6785,6641,11
6786,6641,12
6787,6642,11
6788,6642,15
6789,6643,12
6790,6644,15
6791,6647,11
6792,6649,13
6793,6649,14
6794,6650,13
6795,6652,15
6796,6653,11
6797,6653,12
6798,6654,11
6799,6654,11
6800,6655,11
6801,6657,14
6802,6657,12
6803,6658,14
6804,6658,13
6805,6660,15
6806,6661,14
6807,6661,13
6808,6664,14
6809,6665,15
6810,6665,13
6811,6668,14
6812,6668,13
6813,6669,15
6814,6671,11
6815,6673,15
6816,6673,12
6817,6676,12
6818,6676,13
6819,6678,12
6820,6678,13
6821,6681,11
6822,6681,13
6823,6682,11
6824,6684,14
6825,6684,15
6826,6685,11
6827,6686,14
6828,6687,14
6829,6689,11
6830,6690,14
6831,6690,14
6832,6691,13
6833,6691,12
6834,6692,15
6835,6692,14
6836,6693,15
6837,6694,14
6838,6694,14
6839,6695,15
6840,6698,15
6841,6699,15
6842,6699,12
6843,6700,14
6844,6700,12
6845,6701,11
6846,6701,15
6847,6702,12
6848,6702,12
6849,6703,12
6850,6704,14
6851,6705,12
6852,6706,11
6853,6706,12
6854,6708,15
6855,6709,15
6856,6709,15
6857,6710,13
6858,6710,13
6859,6711,14
6860,6713,12
6861,6715,15
6862,6716,14
6863,6716,14
6864,6718,13
6865,6718,15
6866,6719,15
6867,6720,12
6868,6721,14
6869,6723,11
6870,6723,14
6871,6724,14
6872,6725,14
6873,6725,11
6874,6726,12
6875,6730,14
6876,6734,11
6877,6734,11
6878,6736,13
6879,6736,15
6880,6737,13
6881,6737,13
6882,6738,14
6883,6740,12
6884,6740,13
6885,6741,12
6886,6742,12
6887,6742,15
6888,6743,14
6889,6744,13
6890,6744,14
6891,6746,13
6892,6747,12
6893,6748,14
6894,6748,12
6895,6749,12
6896,6750,12
6897,6751,15
6898,6751,12
6899,6752,13
6900,6753,13
6901,6754,12
6902,6754,14
6903,6755,13
6904,6755,13
6905,6756,11
6906,6756,15
6907,6759,12
6908,6759,11
6909,6760,15
6910,6760,11
6911,6761,13
6912,6761,12
6913,6765,14
6914,6765,13
6915,6769,14
6916,6771,13
6917,6772,14
6918,6772,14
6919,6776,14
6920,6776,11
6921,6778,14
6922,6778,15
6923,6780,13
6924,6780,14
6925,6781,15
6926,6783,11
6927,6784,14
6928,6786,12
6929,6786,11
6930,6787,12
6931,6788,13
6932,6789,11
6933,6791,15
6934,6791,12
6935,6792,14
6936,6794,14
6937,6795,12
6938,6795,12
6939,6798,12
6940,6798,15
6941,6799,15
6942,6799,14
6943,6800,12
6944,6800,14
6945,6802,12
6946,6802,12
6947,6804,14
6948,6805,14
6949,6805,11
6950,6806,15
6951,6808,14
6952,6809,14
6953,6809,15
6954,6811,13
6955,6812,11
6956,6813,11
6957,6813,14
6958,6814,12
6959,6816,13
6960,6816,13
6961,6817,13
6962,6818,15
6963,6819,12
6964,6820,13
6965,6820,13
6966,6824,12
6967,6825,12
6968,6825,11
6969,6826,13
6970,6826,11
6971,6827,14
6972,6829,13
6973,6829,15
6974,6830,14
6975,6830,14
6976,6831,14
6977,6832,14
6978,6832,14
6979,6833,15
6980,6834,13
6981,6834,11
6982,6835,14
6983,6835,13
6984,6836,12
6985,6836,15
6986,6837,13
6987,6838,13
6988,6839,14
6989,6839,12
6990,6840,14
6991,6840,11
6992,6841,15
6993,6844,12
6994,6846,11
6995,6846,13
6996,6848,14
6997,6849,13
6998,6849,15
6999,6852,15
7000,6852,15
7001,6854,11
7002,6854,14
7003,6856,12
7004,6856,15
7005,6857,15
7006,6857,15
7007,6858,12
7008,6858,11
7009,6860,14
7010,6861,11
7011,6862,11
7012,6862,15
7013,6863,15
7014,6864,11
7015,6865,14
7016,6865,14
7017,6866,11
7018,6867,11
7019,6869,11
7020,6869,12
7021,6871,11
7022,6872,11
7023,6872,14
7024,6873,14
7025,6874,14
7026,6876,13
7027,6878,12
7028,6880,11
7029,6880,12
7030,6882,15
7031,6884,15
7032,6886,14
7033,6886,12
7034,6888,13
7035,6889,11
7036,6890,15
7037,6890,15
7038,6891,14
7039,6894,11
7040,6894,15
7041,6897,13
7042,6897,11
7043,6898,15
7044,6900,12
7045,6900,12
7046,6901,15
7047,6902,13
7048,6902,12
7049,6903,12
7050,6903,13
7051,6904,13
7052,6906,12
7053,6906,14
7054,6907,15
7055,6908,15
7056,6908,11
7057,6909,12
7058,6911,14
7059,6911,11
7060,6913,12
7061,6914,12
7062,6919,11
7063,6919,13
7064,6920,12
7065,6920,11
7066,6921,13
7067,6921,12
7068,6923,14
7069,6923,12
7070,6924,11
7071,6925,15
7072,6925,15
7073,6926,13
7074,6926,12
7075,6927,14
7076,6927,14
7077,6928,15
7078,6928,11
7079,6929,11
7080,6929,12
7081,6930,12
7082,6931,11
7083,6931,15
7084,6932,14
7085,6932,15
7086,6934,11
7087,6935,15
7088,6935,13
7089,6936,14
7090,6936,14
7091,6937,12
7092,6937,15
7093,6938,11
7094,6941,13
7095,6941,12
7096,6942,12
7097,6943,12
7098,6943,11
7099,6944,11
7100,6944,14
7101,6945,15
7102,6945,14
7103,6946,12
7104,6946,12
7105,6947,13
7106,6948,15
7107,6950,14
7108,6950,11
7109,6953,13
7110,6957,11
7111,6957,12
7112,6958,13
7113,6960,13
7114,6961,12
7115,6966,14
7116,6967,12
7117,6968,15
7118,6968,12
7119,6969,14
7120,6969,13
7121,6970,14
7122,6971,15
7123,6972,11
7124,6972,11
7125,6973,13
7126,6975,12
7127,6976,13
7128,6978,11
7129,6978,15
7130,6980,14
7131,6982,15
7132,6982,11
7133,6983,14
7134,6983,11
7135,6984,12
7136,6985,13
7137,6987,15
7138,6987,15
7139,6988,13
7140,6988,15
7141,6990,11
7142,6990,14
7143,6991,15
7144,6992,11
7145,6993,11
7146,6994,15
7147,6994,14
7148,6995,12
7149,6996,15
7150,6996,12
7151,6997,13
7152,6998,11
7153,6998,14
7154,6999,12
7155,6999,15
7156,7001,12
7157,7001,11
7158,7003,13
7159,7004,12
7160,7005,14
7161,7005,13
7162,7007,12
7163,7011,12
7164,7013,12
7165,7013,15
7166,7015,11
7167,7016,14
7168,7017,13
7169,7018,12
7170,7018,13
7171,7019,15
7172,7019,15
7173,7020,11
7174,7023,15
7175,7023,14
7176,7024,13
7177,7026,15
7178,7027,13
7179,7028,13
7180,7029,12
7181,7029,15
7182,7031,11
7183,7031,13
7184,7032,13
7185,7032,13
7186,7033,12
7187,7033,12
7188,7036,11
7189,7038,14
7190,7039,14
7191,7040,14
7192,7041,12
7193,7042,15
7194,7042,11
7195,7045,12
7196,7045,12
7197,7047,12
7198,7047,12
7199,7048,12
7200,7049,12
7201,7049,13
7202,7050,15
7203,7051,14
7204,7051,13
7205,7056,15
7206,7058,12
7207,7059,13
7208,7061,11
7209,7062,14
7210,7064,11
7211,7064,11
7212,7065,14
7213,7066,15
7214,7067,11
7215,7067,14
7216,7068,14
7217,7068,13
7218,7071,13
7219,7073,14
7220,7074,11
7221,7074,15
7222,7075,11
7223,7075,13
7224,7076,12
7225,7076,13
7226,7078,11
7227,7078,13
7228,7079,12
7229,7079,15
7230,7080,13
7231,7081,13
7232,7082,13
7233,7082,14
7234,7083,13
7235,7083,14
7236,7084,11
7237,7084,12
7238,7085,15
7239,7087,12
7240,7089,15
7241,7091,11
7242,7091,13
7243,7092,12
7244,7093,13
7245,7098,14
7246,7098,12
7247,7099,12
7248,7100,11
7249,7100,15
7250,7101,14
7251,7103,13
7252,7104,12
7253,7105,14
7254,7105,11
7255,7106,15
7256,7106,15
7257,7107,11
7258,7107,15
7259,7109,12
7260,7109,14
7261,7117,11
7262,7117,11
7263,7118,13
7264,7118,12
7265,7119,11
7266,7119,13
7267,7121,13
7268,7121,11
7269,7122,11
7270,7122,15
7271,7123,13
7272,7126,14
7273,7129,11
7274,7129,15
7275,7130,15
7276,7130,13
7277,7132,11
7278,7132,15
7279,7133,12
7280,7133,11
7281,7134,12
7282,7134,15
7283,7135,14
7284,7135,15
7285,7136,11
7286,7136,14
7287,7138,13
7288,7138,13
7289,7139,12
7290,7139,12
7291,7141,12
7292,7142,13
7293,7143,15
7294,7143,15
7295,7144,11
7296,7144,12
7297,7145,12
7298,7146,15
7299,7147,12
7300,7147,15
7301,7149,11
7302,7151,14
7303,7151,13
7304,7153,11
7305,7155,14
7306,7155,12
7307,7156,14
7308,7156,15
7309,7157,15
7310,7158,15
7311,7158,14
7312,7160,12
7313,7160,12
7314,7162,12
7315,7162,12
7316,7163,15
7317,7163,14
7318,7165,13
7319,7166,15
7320,7166,13
7321,7168,14
7322,7168,12
7323,7170,15
7324,7171,12
7325,7172,12
7326,7172,13
7327,7173,13
7328,7173,14
7329,7174,14
7330,7178,13
7331,7178,14
7332,7179,14
7333,7179,13
7334,7180,13
7335,7182,14
7336,7182,13
7337,7183,14
7338,7183,11
7339,7184,13
7340,7184,14
7341,7186,14
7342,7186,12
7343,7187,11
7344,7187,11
7345,7188,14
7346,7191,15
7347,7191,11
7348,7192,15
7349,7192,11
7350,7196,13
7351,7198,11
7352,7198,15
7353,7199,15
7354,7199,13
7355,7200,12
7356,7200,12
7357,7201,13
7358,7201,14
7359,7202,14
7360,7202,15
7361,7204,11
7362,7204,14
7363,7205,13
7364,7206,13
7365,7208,12
7366,7208,15
7367,7209,14
7368,7210,15
7369,7210,14
7370,7212,14
7371,7212,15
7372,7213,12
7373,7213,14
7374,7215,11
7375,7217,13
7376,7218,14
7377,7218,11
7378,7222,12
7379,7222,13
7380,7223,13
7381,7223,14
7382,7224,11
7383,7224,11
7384,7227,14
7385,7227,13
7386,7228,12
7387,7228,15
7388,7230,11
7389,7230,14
7390,7231,15
7391,7232,15
7392,7233,15
7393,7233,11
7394,7234,11
7395,7235,11
7396,7235,11
7397,7237,12
7398,7238,13
7399,7241,13
7400,7241,13
7401,7242,15
7402,7242,12
7403,7245,11
7404,7246,15
7405,7246,14
7406,7247,15
7407,7248,14
7408,7248,12
7409,7249,12
7410,7249,14
7411,7252,14
7412,7253,11
7413,7254,15
7414,7255,13
7415,7255,14
7416,7256,11
7417,7256,14
7418,7257,15
7419,7258,12
7420,7259,15
7421,7260,14
7422,7261,12
7423,7263,13
7424,7264,12
7425,7264,14
7426,7265,12
7427,7265,13
7428,7266,14
7429,7266,12
7430,7268,12
7431,7270,15
7432,7270,12
7433,7271,14
7434,7271,14
7435,7273,14
7436,7273,14
7437,7276,14
7438,7278,15
7439,7278,12
7440,7279,14
7441,7280,14
7442,7281,11
7443,7281,12
7444,7282,14
7445,7282,14
7446,7283,13
7447,7284,14
7448,7284,13
7449,7285,15
7450,7286,12
7451,7287,13
7452,7288,15
7453,7290,14
7454,7290,14
7455,7291,12
7456,7291,12
7457,7292,11
7458,7292,15
7459,7293,13
7460,7293,11
7461,7295,14
7462,7295,11
7463,7296,14
7464,7298,15
7465,7298,12
7466,7299,14
7467,7299,15
7468,7300,12
7469,7302,15
7470,7303,14
7471,7304,12
7472,7306,15
7473,7307,14
7474,7307,14
7475,7308,13
7476,7308,14
7477,7310,14
7478,7312,15
7479,7312,15
7480,7313,13
7481,7314,13
7482,7314,11
7483,7315,14
7484,7316,12
7485,7316,14
7486,7317,14
7487,7317,12
7488,7319,15
7489,7320,14
7490,7320,15
7491,7321,13
7492,7324,15
7493,7324,11
7494,7325,12
7495,7325,12
7496,7327,12
7497,7328,12
7498,7329,15
7499,7330,13
7500,7332,13
7501,7335,11
7502,7336,13
7503,7337,12
7504,7338,11
7505,7341,15
7506,7341,15
7507,7342,13
7508,7343,14
7509,7343,15
7510,7344,14
7511,7344,13
7512,7345,14
7513,7345,15
7514,7346,11
7515,7348,12
7516,7349,13
7517,7350,13
7518,7351,14
7519,7351,12
7520,7352,14
7521,7354,13
7522,7354,12
7523,7356,11
7524,7357,11
7525,7358,14
7526,7358,14
7527,7359,14
7528,7359,14
7529,7360,12
7530,7360,15
7531,7361,14
7532,7364,14
7533,7364,12
7534,7366,13
7535,7367,15
7536,7367,12
7537,7369,15
7538,7369,13
7539,7370,11
7540,7370,15
7541,7371,11
7542,7372,11
7543,7372,13
7544,7376,11
7545,7378,11
7546,7380,15
7547,7381,12
7548,7382,12
7549,7384,13
7550,7384,15
7551,7385,12
7552,7386,13
7553,7386,11
7554,7387,15
7555,7387,12
7556,7390,15
7557,7391,13
7558,7392,14
7559,7398,14
7560,7399,11
7561,7399,15
7562,7400,14
7563,7400,14
7564,7401,15
7565,7402,14
7566,7403,15
7567,7403,12
7568,7406,12
7569,7407,15
7570,7408,11
7571,7408,12
7572,7411,15
7573,7411,13
7574,7414,14
7575,7414,14
7576,7415,13
7577,7416,11
7578,7416,11
7579,7417,11
7580,7418,11
7581,7418,14
7582,7419,11
7583,7419,12
7584,7420,11
7585,7420,12
7586,7421,13
7587,7422,12
7588,7422,11
7589,7423,12
7590,7423,13
7591,7424,12
7592,7424,12
7593,7426,12
7594,7426,11
7595,7427,15
7596,7428,14
7597,7429,14
7598,7429,12
7599,7430,14
7600,7432,14
7601,7432,15
7602,7433,11
7603,7433,12
7604,7434,12
7605,7434,13
7606,7435,13
7607,7437,13
7608,7437,14
7609,7440,11
7610,7440,15
7611,7441,12
7612,7442,13
7613,7443,12
7614,7443,15
7615,7444,11
7616,7446,13
7617,7447,15
7618,7447,14
7619,7449,14
7620,7451,15
7621,7451,11
7622,7453,12
7623,7454,13
7624,7454,15
7625,7457,12
7626,7458,12
7627,7458,14
7628,7461,12
7629,7461,12
7630,7462,12
7631,7463,15
7632,7463,13
7633,7465,15
7634,7465,14
7635,7466,12
7636,7466,13
7637,7467,11
7638,7467,13
7639,7468,12
7640,7469,12
7641,7470,11
7642,7475,13
7643,7477,13
7644,7478,12
7645,7480,13
7646,7481,11
7647,7482,12
7648,7483,14
7649,7483,11
7650,7484,13
7651,7485,12
7652,7485,15
7653,7487,12
7654,7488,15
7655,7488,11
7656,7490,13
7657,7493,12
7658,7494,12
7659,7494,12
7660,7497,15
7661,7497,14
7662,7499,12
7663,7499,12
7664,7501,14
7665,7503,12
7666,7504,11
7667,7504,15
7668,7506,13
7669,7507,11
7670,7507,11
7671,7510,15
7672,7510,12
7673,7511,13
7674,7512,15
7675,7512,15
7676,7513,13
7677,7514,14
7678,7514,11
7679,7516,12
7680,7516,11
7681,7517,12
7682,7518,12
7683,7518,11
7684,7519,14
7685,7519,13
7686,7520,12
7687,7520,13
7688,7521,14
7689,7521,12
7690,7523,15
7691,7524,11
7692,7524,14
7693,7525,14
7694,7525,12
7695,7526,13
7696,7530,11
7697,7530,15
7698,7531,13
7699,7531,12
7700,7533,12
7701,7534,13
7702,7534,13
7703,7535,14
7704,7536,15
7705,7538,15
7706,7538,13
7707,7539,15
7708,7539,12
7709,7541,11
7710,7542,13
7711,7544,13
7712,7544,12
7713,7545,13
7714,7545,11
7715,7546,11
7716,7546,14
7717,7548,14
7718,7548,11
7719,7549,14
7720,7549,11
7721,7550,14
7722,7551,15
7723,7552,13
7724,7552,13
7725,7554,14
7726,7555,14
7727,7555,11
7728,7556,12
7729,7556,14
7730,7557,11
7731,7558,12
7732,7558,13
7733,7559,15
7734,7559,13
7735,7561,15
7736,7562,13
7737,7562,14
7738,7564,15
7739,7567,11
7740,7567,13
7741,7568,11
7742,7568,11
7743,7570,15
7744,7575,13
7745,7575,12
7746,7576,12
7747,7578,11
7748,7579,12
7749,7579,15
7750,7581,14
7751,7581,12
7752,7583,14
7753,7584,11
7754,7585,15
7755,7585,12
7756,7586,12
7757,7586,11
7758,7589,11
7759,7589,12
7760,7590,11
7761,7591,11
7762,7591,11
7763,7592,14
7764,7592,13
7765,7593,13
7766,7594,12
7767,7596,13
7768,7596,11
7769,7597,15
7770,7597,13
7771,7599,15
7772,7600,12
7773,7601,15
7774,7601,13
7775,7602,13
7776,7602,14
7777,7604,11
7778,7604,12
7779,7606,11
7780,7607,12
7781,7607,12
7782,7608,15
7783,7608,15
7784,7609,15
7785,7609,12
7786,7610,12
7787,7610,14
7788,7611,11
7789,7612,13
7790,7613,12
7791,7614,13
7792,7614,14
7793,7615,14
7794,7615,11
7795,7616,11
7796,7616,11
7797,7617,15
7798,7617,15
7799,7619,11
7800,7619,15
7801,7621,15
7802,7622,13
7803,7623,15
7804,7624,14
7805,7624,13
7806,7625,11
7807,7625,14
7808,7626,15
7809,7626,14
7810,7628,12
7811,7632,13
7812,7632,11
7813,7633,11
7814,7634,15
7815,7637,13
7816,7639,14
7817,7639,11
7818,7640,11
7819,7641,14
7820,7641,13
7821,7642,14
7822,7643,11
7823,7643,14
7824,7645,15
7825,7647,12
7826,7647,14
7827,7648,12
7828,7648,12
7829,7649,15
7830,7649,14
7831,7651,12
7832,7651,11
7833,7653,11
7834,7655,11
7835,7655,12
7836,7656,11
7837,7657,13
7838,7658,11
7839,7658,13
7840,7659,14
7841,7659,14
7842,7661,13
7843,7662,13
7844,7662,15
7845,7664,14
7846,7665,14
7847,7668,11
7848,7668,14
7849,7669,11
7850,7670,12
7851,7672,13
7852,7672,12
7853,7673,15
7854,7674,11
7855,7675,15
7856,7676,15
7857,7677,14
7858,7678,13
7859,7679,15
7860,7680,13
7861,7680,11
7862,7683,14
7863,7686,14
7864,7686,13
7865,7687,14
7866,7687,15
7867,7688,15
7868,7688,14
7869,7692,13
7870,7694,13
7871,7694,14
7872,7695,15
7873,7696,13
7874,7696,13
7875,7697,11
7876,7700,12
7877,7701,15
7878,7702,12
7879,7702,13
7880,7703,13
7881,7704,12
7882,7705,12
7883,7705,15
7884,7707,14
7885,7708,13
7886,7711,14
7887,7711,14
7888,7712,14
7889,7712,13
7890,7713,13
7891,7713,14
7892,7714,11
7893,7714,14
7894,7716,15
7895,7717,12
7896,7718,11
7897,7718,15
7898,7720,11
7899,7722,12
7900,7722,14
7901,7723,12
7902,7723,11
7903,7725,13
7904,7725,11
7905,7726,13
7906,7726,11
7907,7727,15
7908,7727,13
7909,7728,15
7910,7730,13
7911,7731,11
7912,7733,11
7913,7734,14
7914,7734,13
7915,7735,13
7916,7736,11
7917,7736,15
7918,7737,12
7919,7738,13
7920,7738,11
7921,7739,11
7922,7740,12
7923,7742,11
7924,7744,13
7925,7746,11
7926,7747,15
7927,7747,15
7928,7748,11
7929,7749,12
7930,7750,15
7931,7751,11
7932,7752,11
7933,7752,11
7934,7753,12
7935,7755,15
7936,7755,15
7937,7757,12
7938,7757,13
7939,7758,15
7940,7758,13
7941,7759,13
7942,7760,14
7943,7761,13
7944,7761,15
7945,7762,15
7946,7763,12
7947,7764,15
7948,7765,14
7949,7766,15
7950,7769,14
7951,7772,15
7952,7773,11
7953,7773,14
7954,7774,13
7955,7774,15
7956,7775,11
7957,7775,14
7958,7776,15
7959,7776,13
7960,7777,12
7961,7780,14
7962,7780,11
7963,7782,11
7964,7784,15
7965,7786,13
7966,7789,13
7967,7789,14
7968,7790,12
7969,7790,12
7970,7792,15
7971,7792,12
7972,7794,12
7973,7795,13
7974,7799,13
7975,7800,12
7976,7800,12
7977,7801,12
7978,7801,11
7979,7802,11
7980,7802,13
7981,7803,15
7982,7803,15
7983,7804,14
7984,7807,12
7985,7808,11
7986,7809,11
7987,7811,13
7988,7811,14
7989,7812,12
7990,7813,13
7991,7815,12
7992,7816,14
7993,7817,12
7994,7817,12
7995,7818,15
7996,7821,15
7997,7822,15
7998,7823,15
7999,7823,14
8000,7824,15
8001,7827,11
8002,7827,14
8003,7828,12
8004,7828,15
8005,7829,15
8006,7830,11
8007,7831,12
8008,7831,15
8009,7832,11
8010,7833,15
8011,7835,15
8012,7835,11
8013,7836,14
8014,7836,11
8015,7838,14
8016,7838,14
8017,7841,15
8018,7841,13
8019,7842,13
8020,7843,11
8021,7843,12
8022,7846,13
8023,7848,14
8024,7848,15
8025,7849,15
8026,7850,11
8027,7850,15
8028,7852,11
8029,7852,15
8030,7853,15
8031,7853,11
8032,7854,11
8033,7856,13
8034,7857,13
8035,7858,15
8036,7859,14
8037,7859,11
8038,7862,14
8039,7862,14
8040,7863,12
8041,7864,14
8042,7864,12
8043,7865,12
8044,7865,14
8045,7867,11
8046,7869,15
8047,7869,14
8048,7870,11
8049,7871,14
8050,7871,13
8051,7873,14
8052,7875,13
8053,7876,11
8054,7876,12
8055,7877,13
8056,7877,11
8057,7878,11
8058,7878,11
8059,7879,13
8060,7879,15
8061,7883,12
8062,7883,14
8063,7884,14
8064,7884,12
8065,7885,14
8066,7885,13
8067,7886,12
8068,7886,15
8069,7887,13
8070,7890,11
8071,7891,13
8072,7891,15
8073,7893,11
8074,7893,13
8075,7894,12
8076,7894,11
8077,7895,12
8078,7895,12
8079,7896,13
8080,7896,12
8081,7898,11
8082,7898,11
8083,7899,14
8084,7899,11
8085,7900,12
8086,7901,15
8087,7902,15
8088,7902,12
8089,7904,11
8090,7904,13
8091,7905,11
8092,7905,14
8093,7906,15
8094,7907,13
8095,7907,13
8096,7908,13
8097,7910,14
8098,7911,15
8099,7911,14
8100,7915,15
8101,7916,13
8102,7917,14
8103,7917,13
8104,7919,13
8105,7920,15
8106,7920,15
8107,7921,13
8108,7923,13
8109,7924,11
8110,7924,12
8111,7925,15
8112,7925,11
8113,7927,12
8114,7927,14
8115,7928,12
8116,7928,13
8117,7929,11
8118,7929,15
8119,7931,15
8120,7932,12
8121,7932,12
8122,7933,15
8123,7933,13
8124,7934,13
8125,7935,14
8126,7936,14
8127,7938,13
8128,7938,14
8129,7939,14
8130,7939,13
8131,7941,15
8132,7941,12
8133,7942,13
8134,7943,13
8135,7943,14
8136,7944,13
8137,7944,12
8138,7945,13
8139,7946,15
8140,7947,15
8141,7947,14
8142,7948,14
8143,7948,11
8144,7949,14
8145,7949,11
8146,7951,15
8147,7952,15
8148,7952,14
8149,7953,11
8150,7953,13
8151,7955,14
8152,7956,14
8153,7957,12
8154,7958,13
8155,7959,11
8156,7961,15
8157,7962,14
8158,7963,15
8159,7963,12
8160,7965,14
8161,7966,15
8162,7966,12
8163,7967,12
8164,7967,14
8165,7968,13
8166,7968,11
8167,7969,11
8168,7970,13
8169,7970,15
8170,7971,14
8171,7971,12
8172,7972,12
8173,7972,12
8174,7973,14
8175,7974,15
8176,7974,14
8177,7977,12
8178,7977,12
8179,7978,13
8180,7979,15
8181,7980,14
8182,7981,15
8183,7981,13
8184,7982,15
8185,7982,15
8186,7985,14
8187,7989,15
8188,7990,13
8189,7991,14
8190,7992,12
8191,7992,13
8192,7993,15
8193,7993,15
8194,7995,15
8195,7995,13
8196,7996,15
8197,8000,13
8198,8001,13
8199,8001,13
8200,8002,13
8201,8002,11
8202,8003,12
8203,8004,12
8204,8007,12
8205,8010,14
8206,8010,12
8207,8011,15
8208,8011,12
8209,8012,11
8210,8012,15
8211,8014,11
8212,8014,15
8213,8015,11
8214,8015,13
8215,8017,14
8216,8019,15
8217,8022,12
8218,8024,13
8219,8025,11
8220,8026,15
8221,8029,15
8222,8031,12
8223,8031,13
8224,8032,12
8225,8032,11
8226,8034,13
8227,8035,14
8228,8035,12
8229,8036,13
8230,8037,12
8231,8039,11
8232,8040,14
8233,8041,11
8234,8041,12
8235,8042,14
8236,8044,15
8237,8045,14
8238,8045,13
8239,8046,15
8240,8048,15
8241,8049,14
8242,8049,15
8243,8050,12
8244,8051,14
8245,8053,11
8246,8053,11
8247,8054,13
8248,8054,14
8249,8055,11
8250,8058,12
8251,8059,11
8252,8061,11
8253,8062,12
8254,8063,14
8255,8064,13
8256,8065,14
8257,8065,13
8258,8066,14
8259,8067,14
8260,8069,11
8261,8069,12
8262,8071,12
8263,8072,14
8264,8074,12
8265,8075,11
8266,8076,11
8267,8076,15
8268,8078,14
8269,8079,12
8270,8082,15
8271,8082,13
8272,8084,14
8273,8084,13
8274,8085,12
8275,8085,14
8276,8089,15
8277,8092,12
8278,8093,11
8279,8093,11
8280,8094,12
8281,8094,14
8282,8097,11
8283,8100,12
8284,8102,15
8285,8103,13
8286,8107,14
8287,8108,12
8288,8108,12
8289,8110,15
8290,8110,14
8291,8112,14
8292,8113,15
8293,8113,15
8294,8114,11
8295,8114,15
8296,8115,15
8297,8116,11
8298,8117,14
8299,8117,11
8300,8119,13
8301,8122,13
8302,8123,14
8303,8124,15
8304,8124,11
8305,8125,15
8306,8125,14
8307,8126,13
8308,8126,14
8309,8127,13
8310,8128,12
8311,8128,12
8312,8129,15
8313,8130,12
8314,8130,14
8315,8132,15
8316,8134,11
8317,8135,14
8318,8136,15
8319,8136,13
8320,8137,11
8321,8137,11
8322,8138,12
8323,8138,11
8324,8140,13
8325,8140,14
8326,8141,12
8327,8142,11
8328,8143,12
8329,8143,11
8330,8144,11
8331,8145,14
8332,8145,14
8333,8147,13
8334,8147,12
8335,8148,11
8336,8148,14
8337,8150,13
8338,8150,15
8339,8151,15
8340,8152,15
8341,8152,11
8342,8154,15
8343,8155,15
8344,8155,11
8345,8156,15
8346,8158,14
8347,8158,14
8348,8162,15
8349,8163,12
8350,8163,15
8351,8164,12
8352,8165,13
8353,8166,13
8354,8167,12
8355,8168,15
8356,8168,13
8357,8169,13
8358,8169,13
8359,8171,11
8360,8172,13
8361,8174,15
8362,8175,12
8363,8176,12
8364,8178,14
8365,8179,13
8366,8179,14
8367,8180,11
8368,8181,15
8369,8181,11
8370,8183,15
8371,8183,11
8372,8184,11
8373,8184,13
8374,8185,12
8375,8186,15
8376,8188,15
8377,8189,12
8378,8189,14
8379,8191,15
8380,8191,15
8381,8192,13
8382,8192,14
8383,8194,15
8384,8197,11
8385,8198,12
8386,8198,11
8387,8199,15
8388,8200,11
8389,8201,13
8390,8202,13
8391,8208,12
8392,8212,13
8393,8212,14
8394,8213,12
8395,8214,11
8396,8215,11
8397,8219,13
8398,8220,11
8399,8222,12
8400,8222,11
8401,8223,14
8402,8223,14
8403,8224,15
8404,8224,12
8405,8225,14
8406,8225,12
8407,8226,15
8408,8226,13
8409,8227,13
8410,8227,12
8411,8228,12
8412,8228,15
8413,8229,15
8414,8229,11
8415,8230,15
8416,8231,14
8417,8232,15
8418,8234,11
8419,8235,11
8420,8235,11
8421,8236,11
8422,8236,15
8423,8237,13
8424,8237,15
8425,8238,11
8426,8239,15
8427,8240,15
8428,8241,15
8429,8241,14
8430,8242,12
8431,8242,14
8432,8243,15
8433,8243,15
8434,8244,14
8435,8245,11
8436,8246,15
8437,8247,14
8438,8247,12
8439,8249,14
8440,8250,14
8441,8250,13
8442,8251,15
8443,8254,15
8444,8254,14
8445,8256,14
8446,8257,14
8447,8259,12
8448,8260,13
8449,8261,15
8450,8264,15
8451,8265,13
8452,8266,13
8453,8267,15
8454,8267,12
8455,8268,13
8456,8274,14
8457,8277,12
8458,8278,11
8459,8278,11
8460,8279,11
8461,8280,14
8462,8280,11
8463,8281,11
8464,8281,13
8465,8282,12
8466,8284,12
8467,8285,15
8468,8286,11
8469,8287,11
8470,8287,12
8471,8288,12
8472,8289,12
8473,8290,12
8474,8290,12
8475,8291,11
8476,8291,12
8477,8292,12
8478,8293,12
8479,8294,14
8480,8296,13
8481,8296,11
8482,8298,15
8483,8302,13
8484,8303,15
8485,8303,14
8486,8305,15
8487,8305,12
8488,8306,11
8489,8307,14
8490,8308,15
8491,8308,13
8492,8309,12
8493,8311,13
8494,8311,13
8495,8312,11
8496,8312,15
8497,8313,15
8498,8315,13
8499,8316,12
8500,8317,15
8501,8318,13
8502,8318,14
8503,8319,15
8504,8320,13
8505,8320,15
8506,8321,13
8507,8322,12
8508,8322,12
8509,8323,11
8510,8324,14
8511,8324,15
8512,8329,12
8513,8330,13
8514,8330,15
8515,8331,12
8516,8331,13
8517,8333,15
8518,8333,15
8519,8334,15
8520,8334,15
8521,8335,12
8522,8335,12
8523,8336,14
8524,8340,13
8525,8342,14
8526,8342,14
8527,8346,11
8528,8347,13
8529,8347,14
8530,8348,14
8531,8349,14
8532,8349,13
8533,8350,12
8534,8351,12
8535,8351,13
8536,8352,13
8537,8353,15
8538,8353,13
8539,8354,15
8540,8354,11
8541,8355,14
8542,8356,12
8543,8357,12
8544,8357,15
8545,8358,11
8546,8358,11
8547,8360,15
8548,8361,11
8549,8361,15
8550,8363,12
8551,8363,13
8552,8364,12
8553,8367,15
8554,8368,12
8555,8368,12
8556,8369,11
8557,8372,13
8558,8372,14
8559,8373,13
8560,8374,13
8561,8376,12
8562,8382,12
8563,8382,11
8564,8384,11
8565,8385,13
8566,8386,14
8567,8387,15
8568,8387,13
8569,8390,13
8570,8390,14
8571,8391,14
8572,8391,14
8573,8393,13
8574,8393,15
8575,8394,14
8576,8397,12
8577,8398,13
8578,8399,12
8579,8401,11
8580,8401,12
8581,8403,11
8582,8403,12
8583,8404,15
8584,8404,14
8585,8405,15
8586,8405,14
8587,8407,15
8588,8408,15
8589,8408,12
8590,8410,12
8591,8411,13
8592,8411,13
8593,8412,12
8594,8412,11
8595,8414,14
8596,8415,13
8597,8416,14
8598,8416,11
8599,8417,15
8600,8418,12
8601,8418,11
8602,8419,14
8603,8420,11
8604,8420,15
8605,8421,13
8606,8421,13
8607,8422,14
8608,8424,15
8609,8426,12
8610,8427,11
8611,8428,13
8612,8428,11
8613,8429,13
8614,8429,15
8615,8430,15
8616,8430,13
8617,8431,11
8618,8431,13
8619,8432,15
8620,8433,12
8621,8436,14
8622,8437,12
8623,8437,11
8624,8438,14
8625,8439,13
8626,8441,15
8627,8441,15
8628,8445,14
8629,8447,12
8630,8447,13
8631,8448,12
8632,8448,15
8633,8449,13
8634,8450,13
8635,8452,15
8636,8453,15
8637,8453,12
8638,8454,14
8639,8454,14
8640,8455,12
8641,8455,13
8642,8456,14
8643,8456,11
8644,8457,11
8645,8458,12
8646,8459,15
8647,8461,11
8648,8461,13
8649,8463,11
8650,8463,11
8651,8464,13
8652,8464,14
8653,8467,12
8654,8468,12
8655,8472,15
8656,8472,11
8657,8473,12
8658,8473,15
8659,8474,14
8660,8474,11
8661,8475,13
8662,8475,14
8663,8476,11
8664,8478,13
8665,8479,11
8666,8479,12
8667,8482,15
8668,8483,15
8669,8483,13
8670,8485,14
8671,8485,14
8672,8486,15
8673,8486,12
8674,8487,15
8675,8487,13
8676,8489,13
8677,8492,13
8678,8492,14
8679,8494,11
8680,8494,11
8681,8495,12
8682,8495,12
8683,8496,14
8684,8496,12
8685,8501,15
8686,8503,11
8687,8503,12
8688,8504,12
8689,8508,13
8690,8509,13
8691,8512,14
8692,8512,15
8693,8513,14
8694,8513,15
8695,8516,15
8696,8516,11
8697,8517,13
8698,8518,13
8699,8518,14
8700,8519,13
8701,8520,12
8702,8520,11
8703,8523,15
8704,8524,12
8705,8524,13
8706,8527,13
8707,8530,15
8708,8531,13
8709,8531,13
8710,8532,13
8711,8532,15
8712,8533,14
8713,8535,11
8714,8535,11
8715,8536,13
8716,8536,14
8717,8537,12
8718,8538,15
8719,8539,15
8720,8539,12
8721,8541,11
8722,8541,13
8723,8543,11
8724,8543,11
8725,8546,15
8726,8546,11
8727,8547,12
8728,8548,12
8729,8548,14
8730,8549,12
8731,8549,12
8732,8552,12
8733,8552,13
8734,8553,14
8735,8554,12
8736,8555,13
8737,8555,15
8738,8557,11
8739,8557,11
8740,8558,11
8741,8560,11
8742,8564,13
8743,8565,11
8744,8565,14
8745,8566,15
8746,8567,14
8747,8569,15
8748,8569,14
8749,8572,15
8750,8572,15
8751,8573,13
8752,8573,12
8753,8574,11
8754,8574,14
8755,8575,15
8756,8575,13
8757,8579,11
8758,8579,11
8759,8584,11
8760,8585,11
8761,8585,11
8762,8586,14
8763,8586,13
8764,8587,13
8765,8587,11
8766,8588,13
8767,8589,15
8768,8589,11
8769,8594,12
8770,8595,11
8771,8596,14
8772,8597,15
8773,8597,14
8774,8599,14
8775,8604,12
8776,8604,15
8777,8605,13
8778,8605,11
8779,8606,11
8780,8607,14
8781,8608,11
8782,8609,12
8783,8610,15
8784,8610,11
8785,8615,12
8786,8616,12
8787,8617,13
8788,8618,15
8789,8618,15
8790,8619,15
8791,8620,15
8792,8621,13
8793,8621,12
8794,8622,13
8795,8623,14
8796,8624,14
8797,8626,11
8798,8626,13
8799,8628,14
8800,8628,11
8801,8631,13
8802,8633,13
8803,8633,14
8804,8634,13
8805,8634,15
8806,8636,15
8807,8636,14
8808,8637,14
8809,8638,12
8810,8640,12
8811,8640,14
8812,8641,13
8813,8641,15
8814,8642,11
8815,8642,12
8816,8643,13
8817,8643,13
8818,8644,15
8819,8644,15
8820,8645,12
8821,8645,14
8822,8646,13
8823,8647,14
8824,8650,11
8825,8652,15
8826,8654,13
8827,8654,11
8828,8655,15
8829,8655,12
8830,8657,12
8831,8659,12
8832,8659,14
8833,8661,13
8834,8662,13
8835,8663,14
8836,8663,11
8837,8664,15
8838,8664,11
8839,8665,12
8840,8665,11
8841,8666,12
8842,8668,12
8843,8668,15
8844,8669,11
8845,8670,15
8846,8670,13
8847,8671,14
8848,8671,11
8849,8673,11
8850,8674,11
8851,8674,14
8852,8675,12
8853,8675,13
8854,8676,13
8855,8676,13
8856,8677,12
8857,8677,13
8858,8678,11
8859,8680,11
8860,8680,11
8861,8682,12
8862,8682,11
8863,8684,11
8864,8688,15
8865,8689,15
8866,8689,12
8867,8690,11
8868,8691,14
8869,8695,15
8870,8695,15
8871,8696,13
8872,8698,15
8873,8699,15
8874,8700,12
8875,8702,13
8876,8702,13
8877,8703,11
8878,8706,13
8879,8706,14
8880,8707,11
8881,8708,15
8882,8709,15
8883,8709,13
8884,8710,13
8885,8710,14
8886,8711,13
8887,8711,12
8888,8712,12
8889,8712,11
8890,8714,12
8891,8716,11
8892,8716,14
8893,8717,14
8894,8718,14
8895,8720,13
8896,8720,11
8897,8721,13
8898,8721,11
8899,8723,11
8900,8723,11
8901,8725,14
8902,8725,15
8903,8728,12
8904,8729,12
8905,8729,14
8906,8732,12
8907,8732,13
8908,8733,12
8909,8733,11
8910,8734,14
8911,8734,12
8912,8735,12
8913,8735,14
8914,8737,11
8915,8738,12
8916,8740,13
8917,8740,14
8918,8741,11
8919,8741,12
8920,8742,13
8921,8742,11
8922,8743,14
8923,8744,11
8924,8744,14
8925,8745,12
8926,8745,14
8927,8746,12
8928,8747,11
8929,8747,12
8930,8748,14
8931,8749,12
8932,8749,11
8933,8750,12
8934,8751,12
8935,8751,11
8936,8752,14
8937,8753,13
8938,8753,14
8939,8755,11
8940,8755,14
8941,8756,14
8942,8759,11
8943,8759,12
8944,8761,11
8945,8762,13
8946,8762,15
8947,8763,15
8948,8763,13
8949,8765,11
8950,8766,11
8951,8766,14
8952,8767,12
8953,8767,14
8954,8768,11
8955,8768,13
8956,8769,14
8957,8769,14
8958,8770,11
8959,8770,14
8960,8772,11
8961,8772,12
8962,8773,11
8963,8774,14
8964,8775,13
8965,8775,14
8966,8777,11
8967,8779,13
8968,8783,12
8969,8785,15
8970,8785,13
8971,8787,15
8972,8787,15
8973,8788,14
8974,8788,11
8975,8794,14
8976,8796,13
8977,8800,13
8978,8801,12
8979,8801,14
8980,8804,13
8981,8805,12
8982,8809,15
8983,8810,14
8984,8810,11
8985,8811,13
8986,8811,15
8987,8814,13
8988,8814,15
8989,8815,12
8990,8816,11
8991,8817,11
8992,8820,11
8993,8820,13
8994,8821,14
8995,8822,13
8996,8823,11
8997,8825,13
8998,8825,13
8999,8826,11
9000,8826,11
9001,8827,15
9002,8828,15
9003,8829,13
9004,8829,13
9005,8831,13
9006,8833,14
9007,8833,14
9008,8834,11
9009,8834,13
9010,8835,15
9011,8836,15
9012,8837,11
9013,8837,13
9014,8838,12
9015,8838,15
9016,8840,11
9017,8841,14
9018,8843,13
9019,8844,14
9020,8844,11
9021,8845,11
9022,8847,15
9023,8848,13
9024,8849,12
9025,8849,13
9026,8850,13
9027,8851,13
9028,8851,12
9029,8852,12
9030,8852,13
9031,8854,14
9032,8854,13
9033,8855,15
9034,8856,14
9035,8857,11
9036,8857,13
9037,8858,15
9038,8858,14
9039,8860,12
9040,8861,12
9041,8863,15
9042,8865,15
9043,8867,11
9044,8867,13
9045,8868,14
9046,8870,15
9047,8871,13
9048,8872,11
9049,8873,12
9050,8874,14
9051,8874,11
9052,8875,12
9053,8876,15
9054,8876,15
9055,8877,12
9056,8879,13
9057,8879,14
9058,8880,11
9059,8880,12
9060,8882,11
9061,8884,13
9062,8885,12
9063,8886,12
9064,8886,15
9065,8887,13
9066,8887,11
9067,8888,15
9068,8889,13
9069,8890,13
9070,8892,13
9071,8892,13
9072,8893,15
9073,8893,14
9074,8895,13
9075,8896,13
9076,8896,12
9077,8897,13
9078,8898,13
9079,8898,14
9080,8899,13
9081,8899,13
9082,8900,13
9083,8901,12
9084,8902,14
9085,8903,12
9086,8903,15
9087,8904,14
9088,8904,11
9089,8905,14
9090,8905,12
9091,8907,14
9092,8908,15
9093,8908,14
9094,8909,15
9095,8909,14
9096,8912,11
9097,8913,13
9098,8913,14
9099,8914,12
9100,8915,12
9101,8915,15
9102,8916,15
9103,8916,12
9104,8917,14
9105,8917,11
9106,8918,14
9107,8920,11
9108,8920,13
9109,8921,15
9110,8921,11
9111,8922,11
9112,8922,11
9113,8923,12
9114,8923,14
9115,8925,15
9116,8926,13
9117,8927,12
9118,8928,12
9119,8928,13
9120,8929,15
9121,8929,12
9122,8930,15
9123,8930,11
9124,8932,14
9125,8932,13
9126,8934,13
9127,8936,13
9128,8938,12
9129,8941,13
9130,8942,13
9131,8943,12
9132,8944,11
9133,8944,14
9134,8945,13
9135,8947,11
9136,8949,13
9137,8949,14
9138,8950,14
9139,8950,11
9140,8951,11
9141,8952,11
9142,8952,11
9143,8953,13
9144,8956,15
9145,8956,15
9146,8957,14
9147,8958,14
9148,8958,11
9149,8960,12
9150,8961,13
9151,8961,15
9152,8962,11
9153,8964,13
9154,8966,11
9155,8966,12
9156,8967,14
9157,8967,14
9158,8968,12
9159,8968,12
9160,8970,15
9161,8971,12
9162,8971,13
9163,8972,11
9164,8972,12
9165,8974,13
9166,8974,14
9167,8975,12
9168,8977,12
9169,8977,12
9170,8979,14
9171,8979,12
9172,8980,15
9173,8981,15
9174,8981,11
9175,8984,11
9176,8986,13
9177,8986,15
9178,8987,13
9179,8990,14
9180,8990,15
9181,8992,15
9182,8993,11
9183,8993,13
9184,8994,15
9185,8995,15
9186,8996,11
9187,8996,12
9188,8997,15
9189,8998,13
9190,8998,13
9191,9003,14
9192,9003,14
9193,9004,15
9194,9005,14
9195,9006,15
9196,9008,14
9197,9009,15
9198,9012,15
9199,9013,11
9200,9013,15
9201,9014,12
9202,9015,15
9203,9015,12
9204,9016,12
9205,9018,12
9206,9019,15
9207,9021,11
9208,9021,15
9209,9022,15
9210,9022,13
9211,9024,14
9212,9026,11
9213,9027,14
9214,9028,12
9215,9028,12
9216,9031,12
9217,9032,15
9218,9034,12
9219,9034,14
9220,9037,11
9221,9037,11
9222,9039,15
9223,9039,13
9224,9040,11
9225,9041,11
9226,9041,11
9227,9042,13
9228,9042,14
9229,9045,12
9230,9045,12
9231,9046,15
9232,9047,12
9233,9048,14
9234,9049,14
9235,9049,12
9236,9051,14
9237,9054,14
9238,9054,11
9239,9055,15
9240,9056,11
9241,9058,12
9242,9059,12
9243,9059,15
9244,9061,12
9245,9061,15
9246,9062,13
9247,9063,11
9248,9064,15
9249,9065,12
9250,9065,12
9251,9069,15
9252,9070,11
9253,9073,11
9254,9074,15
9255,9075,14
9256,9075,15
9257,9076,14
9258,9076,15
9259,9078,11
9260,9078,14
9261,9079,11
9262,9080,15
9263,9080,12
9264,9082,11
9265,9082,11
9266,9084,14
9267,9086,15
9268,9088,14
9269,9091,15
9270,9091,13
9271,9092,12
9272,9092,11
9273,9093,15
9274,9094,12
9275,9094,14
9276,9095,15
9277,9095,13
9278,9097,15
9279,9098,13
9280,9098,13
9281,9099,12
9282,9100,15
9283,9100,14
9284,9101,12
9285,9102,14
9286,9102,14
9287,9103,12
9288,9104,13
9289,9104,11
9290,9105,12
9291,9105,11
9292,9106,14
9293,9106,14
9294,9107,13
9295,9108,15
9296,9110,15
9297,9110,12
9298,9112,12
9299,9112,13
9300,9113,15
9301,9115,13
9302,9116,15
9303,9116,14
9304,9118,12
9305,9119,12
9306,9120,12
9307,9120,12
9308,9122,12
9309,9123,15
9310,9124,12
9311,9124,14
9312,9125,13
9313,9126,11
9314,9127,15
9315,9127,13
9316,9128,11
9317,9130,15
9318,9130,12
9319,9131,13
9320,9132,15
9321,9132,14
9322,9133,15
9323,9133,14
9324,9134,12
9325,9136,15
9326,9136,12
9327,9138,11
9328,9139,12
9329,9139,13
9330,9142,11
9331,9142,13
9332,9143,15
9333,9143,13
9334,9144,12
9335,9144,13
9336,9146,12
9337,9148,14
9338,9148,14
9339,9151,13
9340,9151,15
9341,9152,13
9342,9152,12
9343,9155,14
9344,9156,15
9345,9158,15
9346,9159,12
9347,9162,15
9348,9162,15
9349,9163,11
9350,9164,14
9351,9164,15
9352,9167,13
9353,9167,14
9354,9169,15
9355,9171,14
9356,9171,15
9357,9173,15
9358,9174,14
9359,9175,15
9360,9175,11
9361,9178,13
9362,9182,11
9363,9183,14
9364,9185,13
9365,9186,15
9366,9187,11
9367,9188,12
9368,9188,15
9369,9189,12
9370,9189,15
9371,9190,15
9372,9190,11
9373,9191,13
9374,9192,14
9375,9192,11
9376,9193,13
9377,9194,13
9378,9195,13
9379,9195,14
9380,9196,14
9381,9197,12
9382,9197,13
9383,9198,12
9384,9199,11
9385,9199,14
9386,9204,15
9387,9205,13
9388,9205,11
9389,9206,13
9390,9208,11
9391,9210,12
9392,9211,13
9393,9212,13
9394,9213,14
9395,9214,13
9396,9215,12
9397,9216,13
9398,9216,11
9399,9217,12
9400,9217,12
9401,9218,12
9402,9220,15
9403,9221,15
9404,9221,15
9405,9222,12
9406,9223,13
9407,9224,11
9408,9224,13
9409,9225,13
9410,9225,14
9411,9230,12
9412,9230,15
9413,9231,14
9414,9231,12
9415,9232,14
9416,9233,12
9417,9235,11
9418,9235,15
9419,9236,15
9420,9236,15
9421,9237,13
9422,9237,15
9423,9241,15
9424,9241,12
9425,9243,14
9426,9243,14
9427,9246,14
9428,9248,12
9429,9249,12
9430,9250,15
9431,9251,15
9432,9251,13
9433,9252,13
9434,9253,14
9435,9255,14
9436,9255,14
9437,9256,11
9438,9256,11
9439,9257,14
9440,9258,11
9441,9258,14
9442,9259,12
9443,9259,13
9444,9260,11
9445,9262,15
9446,9262,15
9447,9263,11
9448,9264,12
9449,9266,11
9450,9267,12
9451,9269,12
9452,9269,14
9453,9272,12
9454,9273,11
9455,9273,11
9456,9274,15
9457,9276,14
9458,9278,13
9459,9278,12
9460,9280,15
9461,9282,11
9462,9282,13
9463,9283,15
9464,9283,14
9465,9284,13
9466,9284,15
9467,9287,15
9468,9288,13
9469,9288,14
9470,9289,12
9471,9289,15
9472,9290,12
9473,9292,12
9474,9293,11
9475,9293,11
9476,9294,13
9477,9296,15
9478,9296,15
9479,9297,13
9480,9299,13
9481,9299,11
9482,9301,12
9483,9302,14
9484,9306,11
9485,9307,14
9486,9307,14
9487,9308,13
9488,9308,13
9489,9309,13
9490,9310,12
9491,9310,13
9492,9311,11
9493,9311,14
9494,9313,12
9495,9314,13
9496,9315,12
9497,9315,13
9498,9317,14
9499,9317,15
9500,9318,11
9501,9320,14
9502,9320,15
9503,9321,12
9504,9321,11
9505,9322,15
9506,9323,13
9507,9324,11
9508,9324,11
9509,9326,11
9510,9327,13
9511,9327,15
9512,9328,12
9513,9328,13
9514,9329,11
9515,9329,14
9516,9330,13
9517,9330,15
9518,9331,14
9519,9332,12
9520,9333,13
9521,9333,11
9522,9335,14
9523,9335,13
9524,9338,12
9525,9343,11
9526,9343,12
9527,9344,11
9528,9345,14
9529,9345,13
9530,9346,12
9531,9347,11
9532,9349,15
9533,9349,14
9534,9350,13
9535,9350,13
9536,9351,15
9537,9353,13
9538,9353,11
9539,9354,15
9540,9354,13
9541,9355,15
9542,9355,14
9543,9356,12
9544,9356,15
9545,9357,12
9546,9357,11
9547,9358,12
9548,9359,13
9549,9359,11
9550,9361,13
9551,9361,13
9552,9362,15
9553,9363,15
9554,9363,13
9555,9365,14
9556,9366,14
9557,9367,12
9558,9367,13
9559,9368,14
9560,9370,14
9561,9371,12
9562,9373,15
9563,9373,14
9564,9374,15
9565,9374,15
9566,9375,13
9567,9376,15
9568,9376,13
9569,9377,11
9570,9377,15
9571,9379,14
9572,9381,12
9573,9382,11
9574,9384,14
9575,9384,13
9576,9386,15
9577,9388,15
9578,9390,11
9579,9391,12
9580,9392,15
9581,9396,11
9582,9396,12
9583,9397,15
9584,9397,11
9585,9399,14
9586,9400,13
9587,9400,11
9588,9401,14
9589,9401,15
9590,9406,12
9591,9406,14
9592,9407,12
9593,9407,13
9594,9409,13
9595,9409,12
9596,9410,11
9597,9410,13
9598,9411,14
9599,9412,15
9600,9414,12
9601,9415,11
9602,9417,13
9603,9417,13
9604,9420,14
9605,9421,12
9606,9424,11
9607,9425,12
9608,9425,11
9609,9426,14
9610,9426,12
9611,9430,14
9612,9431,11
9613,9434,12
9614,9434,13
9615,9435,11
9616,9435,13
9617,9437,11
9618,9437,12
9619,9438,13
9620,9438,13
9621,9439,12
9622,9439,13
9623,9440,13
9624,9440,13
9625,9441,13
9626,9442,14
9627,9442,13
9628,9443,13
9629,9443,11
9630,9446,15
9631,9448,15
9632,9449,11
9633,9451,13
9634,9451,12
9635,9454,11
9636,9455,15
9637,9456,12
9638,9456,14
9639,9457,13
9640,9457,15
9641,9458,12
9642,9458,13
9643,9460,11
9644,9460,14
9645,9462,11
9646,9464,14
9647,9468,15
9648,9468,11
9649,9470,12
9650,9471,15
9651,9472,11
9652,9472,11
9653,9474,14
9654,9474,14
9655,9475,13
9656,9475,12
9657,9476,13
9658,9477,12
9659,9477,14
9660,9478,15
9661,9479,12
9662,9479,15
9663,9480,12
9664,9480,13
9665,9481,12
9666,9482,13
9667,9482,11
9668,9483,15
9669,9483,11
9670,9486,11
9671,9487,12
9672,9487,11
9673,9489,11
9674,9489,13
9675,9494,15
9676,9495,12
9677,9495,13
9678,9496,15
9679,9496,13
9680,9497,12
9681,9497,14
9682,9498,12
9683,9498,15
9684,9499,12
9685,9499,12
9686,9501,11
9687,9501,15
9688,9503,14
9689,9503,15
9690,9506,14
9691,9506,14
9692,9508,13
9693,9509,13
9694,9509,13
9695,9510,14
9696,9511,15
9697,9513,13
9698,9514,15
9699,9516,12
9700,9516,12
9701,9518,13
9702,9518,15
9703,9519,13
9704,9519,12
9705,9520,15
9706,9520,13
9707,9522,14
9708,9525,14
9709,9526,14
9710,9526,15
9711,9527,15
9712,9527,14
9713,9528,13
9714,9530,13
9715,9531,13
9716,9532,13
9717,9532,12
9718,9535,14
9719,9536,15
9720,9537,12
9721,9538,12
9722,9539,12
9723,9539,11
9724,9544,13
9725,9544,15
9726,9545,15
9727,9545,14
9728,9546,11
9729,9546,13
9730,9549,11
9731,9550,11
9732,9551,12
9733,9552,12
9734,9552,14
9735,9553,11
9736,9554,11
9737,9555,12
9738,9557,13
9739,9558,12
9740,9559,13
9741,9561,12
9742,9562,11
9743,9562,15
9744,9564,12
9745,9567,11
9746,9567,15
9747,9569,13
9748,9569,11
9749,9570,14
9750,9571,14
9751,9571,11
9752,9572,15
9753,9574,14
9754,9574,15
9755,9575,13
9756,9575,14
9757,9576,14
9758,9576,12
9759,9578,11
9760,9578,15
9761,9579,14
9762,9579,12
9763,9580,13
9764,9580,14
9765,9581,11
9766,9581,12
9767,9582,14
9768,9583,15
9769,9583,13
9770,9584,15
9771,9585,13
9772,9585,12
9773,9588,14
9774,9588,12
9775,9589,14
9776,9589,14
9777,9590,13
9778,9590,13
9779,9591,13
9780,9592,11
9781,9592,14
9782,9595,11
9783,9595,14
9784,9596,14
9785,9596,15
9786,9598,13
9787,9599,14
9788,9599,11
9789,9600,14
9790,9600,12
9791,9601,12
9792,9601,12
9793,9603,11
9794,9605,12
9795,9605,13
9796,9606,12
9797,9607,14
9798,9607,15
9799,9610,13
9800,9610,15
9801,9611,11
9802,9616,12
9803,9616,13
9804,9617,14
9805,9618,13
9806,9620,15
9807,9622,11
9808,9622,13
9809,9623,15
9810,9624,13
9811,9625,12
9812,9628,14
9813,9629,12
9814,9629,12
9815,9630,14
9816,9630,15
9817,9631,14
9818,9631,14
9819,9632,15
9820,9633,11
9821,9635,11
9822,9636,14
9823,9638,14
9824,9638,15
9825,9640,15
9826,9640,15
9827,9642,12
9828,9642,13
9829,9643,14
9830,9645,11
9831,9646,13
9832,9646,15
9833,9648,15
9834,9651,15
9835,9652,11
9836,9653,12
9837,9653,11
9838,9654,11
9839,9654,12
9840,9656,15
9841,9657,13
9842,9658,13
9843,9658,15
9844,9659,11
9845,9660,15
9846,9661,13
9847,9662,15
9848,9663,13
9849,9666,14
9850,9666,14
9851,9668,11
9852,9668,14
9853,9669,13
9854,9671,12
9855,9673,11
9856,9674,15
9857,9674,13
9858,9676,12
9859,9677,12
9860,9677,15
9861,9681,14
9862,9682,12
9863,9684,15
9864,9685,12
9865,9685,12
9866,9686,13
9867,9686,14
9868,9687,14
9869,9688,14
9870,9688,13
9871,9689,11
9872,9690,13
9873,9691,14
9874,9691,15
9875,9693,11
9876,9693,15
9877,9695,14
9878,9695,13
9879,9696,12
9880,9698,11
9881,9698,14
9882,9700,14
9883,9700,11
9884,9701,15
9885,9701,14
9886,9702,14
9887,9702,15
9888,9703,11
9889,9704,12
9890,9706,13
9891,9707,14
9892,9707,15
9893,9708,13
9894,9708,11
9895,9709,11
9896,9709,13
9897,9710,13
9898,9710,14
9899,9711,14
9900,9711,11
9901,9714,11
9902,9715,14
9903,9717,13
9904,9717,12
9905,9720,13
9906,9721,12
9907,9721,12
9908,9725,13
9909,9727,15
9910,9727,11
9911,9729,15
9912,9729,14
9913,9732,15
9914,9734,13
9915,9736,14
9916,9737,13
9917,9738,11
9918,9740,14
9919,9740,15
9920,9741,14
9921,9743,13
9922,9744,14
9923,9744,14
9924,9745,12
9925,9748,13
9926,9748,14
9927,9749,14
9928,9749,15
9929,9750,15
9930,9750,11
9931,9751,15
9932,9752,15
9933,9752,14
9934,9753,14
9935,9753,14
9936,9755,12
9937,9755,14
9938,9761,12
9939,9763,15
9940,9764,11
9941,9765,11
9942,9765,14
9943,9766,13
9944,9766,14
9945,9767,14
9946,9767,15
9947,9769,15
9948,9769,14
9949,9774,13
9950,9776,13
9951,9776,11
9952,9778,13
9953,9779,14
9954,9779,13
9955,9780,15
9956,9781,15
9957,9782,14
9958,9782,15
9959,9783,13
9960,9784,14
9961,9784,14
9962,9785,12
9963,9785,14
9964,9788,14
9965,9789,12
9966,9790,14
9967,9792,14
9968,9792,14
9969,9793,13
9970,9794,11
9971,9795,14
9972,9797,13
9973,9797,14
9974,9798,12
9975,9798,14
9976,9799,13
9977,9799,14
9978,9800,15
9979,9802,13
9980,9804,13
9981,9808,11
9982,9809,14
9983,9810,11
9984,9810,13
9985,9811,15
9986,9811,12
9987,9812,14
9988,9812,15
9989,9813,11
9990,9813,15
9991,9814,13
9992,9815,11
9993,9816,14
9994,9816,13
9995,9818,13
9996,9818,13
9997,9819,13
9998,9820,14
9999,9820,13
10000,9821,13
10001,9821,15
10002,9822,12
10003,9822,11
10004,9824,11
10005,9825,13
10006,9825,15
10007,9826,15
10008,9827,15
10009,9828,11
10010,9828,15
10011,9829,15
10012,9830,15
10013,9830,14
10014,9834,13
10015,9834,11
10016,9835,13
10017,9835,15
10018,9836,13
10019,9836,13
10020,9838,14
10021,9838,15
10022,9839,14
10023,9839,13
10024,9841,14
10025,9842,12
10026,9842,12
10027,9843,13
10028,9845,15
10029,9846,11
10030,9848,13
10031,9849,11
10032,9850,13
10033,9850,15
10034,9853,13
10035,9853,15
10036,9854,14
10037,9856,13
10038,9856,13
10039,9857,11
10040,9859,11
10041,9859,12
10042,9860,13
10043,9866,13
10044,9866,13
10045,9867,12
10046,9867,15
10047,9869,15
10048,9869,13
10049,9871,13
10050,9872,12
10051,9872,14
10052,9873,15
10053,9875,11
10054,9876,11
10055,9876,14
10056,9877,11
10057,9877,15
10058,9879,11
10059,9879,12
10060,9880,14
10061,9880,15
10062,9881,11
10063,9881,15
10064,9883,15
10065,9883,11
10066,9888,14
10067,9888,11
10068,9889,12
10069,9890,13
10070,9890,11
10071,9891,14
10072,9891,12
10073,9894,14
10074,9894,13
10075,9896,13
10076,9896,13
10077,9898,15
10078,9898,14
10079,9899,13
10080,9901,14
10081,9901,11
10082,9902,14
10083,9902,11
10084,9903,15
10085,9903,14
10086,9905,15
10087,9905,15
10088,9907,13
10089,9907,15
10090,9909,13
10091,9910,14
10092,9910,15
10093,9913,12
10094,9914,14
10095,9915,13
10096,9916,11
10097,9916,12
10098,9917,14
10099,9920,11
10100,9921,14
10101,9923,11
10102,9926,13
10103,9928,15
10104,9931,11
10105,9931,15
10106,9932,11
10107,9933,14
10108,9934,15
10109,9935,12
10110,9937,15
10111,9937,13
10112,9938,15
10113,9939,14
10114,9941,11
10115,9941,13
10116,9943,15
10117,9944,15
10118,9946,15
10119,9948,13
10120,9951,15
10121,9952,15
10122,9953,13
10123,9956,13
10124,9957,12
10125,9958,11
10126,9958,13
10127,9959,11
10128,9962,15
10129,9963,15
10130,9964,11
10131,9965,13
10132,9966,14
10133,9967,15
10134,9967,12
10135,9968,11
10136,9968,14
10137,9969,15
10138,9969,15
10139,9971,13
10140,9973,12
10141,9973,13
10142,9974,14
10143,9974,15
10144,9975,11
10145,9977,12
10146,9979,14
10147,9979,13
10148,9980,13
10149,9981,15
10150,9984,12
10151,9984,11
10152,9985,15
10153,9986,11
10154,9990,13
10155,9990,14
10156,9991,11
10157,9991,13
10158,9992,13
10159,9992,14
10160,9994,14
10161,9994,11
10162,9995,15
10163,9996,12
10164,9999,12
10165,10000,12
10166,10001,13
10167,10001,13
10168,10003,14
10169,10003,11
10170,10004,13
10171,10004,14
10172,10005,14
10173,10006,13
10174,10006,14
10175,10008,15
10176,10009,14
10177,10010,15
10178,10011,15
10179,10013,15
10180,10013,12
10181,10014,14
10182,10014,14
10183,10015,13
10184,10017,13
10185,10017,11
10186,10018,13
10187,10019,15
10188,10019,13
10189,10022,14
10190,10023,13
10191,10023,14
10192,10025,14
10193,10026,15
10194,10026,15
10195,10027,11
10196,10028,13
10197,10030,11
10198,10030,15
10199,10031,12
10200,10034,12
10201,10034,13
10202,10036,15
10203,10037,11
10204,10039,13
10205,10040,14
10206,10041,14
10207,10043,15
10208,10043,11
10209,10044,11
10210,10044,11
10211,10046,12
10212,10046,14
10213,10047,11
10214,10048,13
10215,10048,13
10216,10049,14
10217,10051,14
10218,10056,15
10219,10058,11
10220,10058,14
10221,10060,13
10222,10060,15
10223,10062,12
10224,10064,13
10225,10064,11
10226,10065,12
10227,10066,15
10228,10068,14
10229,10068,12
10230,10069,11
10231,10071,12
10232,10073,14
10233,10073,15
10234,10075,13
10235,10075,13
10236,10076,14
10237,10077,13
10238,10077,14
10239,10081,14
10240,10081,15
10241,10082,13
10242,10082,15
10243,10085,13
10244,10085,13
10245,10086,13
10246,10086,11
10247,10087,13
10248,10088,14
10249,10089,13
10250,10090,15
10251,10093,12
10252,10095,13
10253,10096,11
10254,10097,13
10255,10098,11
10256,10100,15
10257,10100,12
10258,10101,15
10259,10104,13
10260,10105,14
10261,10105,15
10262,10108,14
10263,10109,14
10264,10109,13
10265,10112,14
10266,10118,14
10267,10118,11
10268,10119,12
10269,10119,12
10270,10120,14
10271,10121,12
10272,10121,12
10273,10122,11
10274,10123,11
10275,10123,15
10276,10124,15
10277,10126,15
10278,10126,14
10279,10127,13
10280,10128,12
10281,10128,11
10282,10129,14
10283,10131,12
10284,10131,12
10285,10132,11
10286,10133,11
10287,10133,13
10288,10134,15
10289,10134,15
10290,10135,11
10291,10135,12
10292,10136,12
10293,10138,14
10294,10138,12
10295,10139,13
10296,10142,13
10297,10142,15
10298,10143,13
10299,10143,15
10300,10144,14
10301,10145,12
10302,10145,14
10303,10147,12
10304,10147,13
10305,10148,15
10306,10148,15
10307,10151,12
10308,10152,14
10309,10152,11
10310,10153,13
10311,10155,13
10312,10155,11
10313,10159,13
10314,10162,13
10315,10162,15
10316,10164,14
10317,10164,12
10318,10165,13
10319,10166,11
10320,10166,11
10321,10169,14
10322,10171,13
10323,10171,15
10324,10172,15
10325,10177,13
10326,10178,13
10327,10179,12
10328,10179,15
10329,10181,12
10330,10181,12
10331,10182,14
10332,10183,11
10333,10184,11
10334,10184,15
10335,10187,11
10336,10189,12
10337,10189,12
10338,10190,11
10339,10190,14
10340,10191,11
10341,10192,14
10342,10192,12
10343,10194,11
10344,10194,15
10345,10196,11
10346,10197,14
10347,10197,11
10348,10199,14
10349,10199,12
10350,10200,15
10351,10202,13
10352,10202,12
10353,10203,12
10354,10204,11
10355,10204,14
10356,10208,14
10357,10208,15
10358,10209,11
10359,10212,11
10360,10212,13
10361,10213,14
10362,10215,13
10363,10215,15
10364,10216,14
10365,10217,14
10366,10218,12
10367,10219,13
10368,10220,12
10369,10221,13
10370,10221,15
10371,10225,12
10372,10225,12
10373,10226,12
10374,10228,13
10375,10229,13
10376,10230,14
10377,10230,12
10378,10231,12
10379,10231,12
10380,10232,14
10381,10234,15
10382,10235,15
10383,10235,11
10384,10236,12
10385,10237,14
10386,10238,15
10387,10238,13
10388,10239,15
10389,10239,15
10390,10240,14
10391,10240,12
10392,10241,12
10393,10241,12
10394,10245,11
10395,10245,15
10396,10247,12
10397,10248,13
10398,10248,12
10399,10249,12
10400,10250,14
10401,10251,13
10402,10253,15
10403,10254,13
10404,10256,12
10405,10256,14
10406,10257,13
10407,10257,15
10408,10259,15
10409,10259,11
10410,10261,15
10411,10263,14
10412,10263,15
10413,10264,13
10414,10265,14
10415,10267,15
10416,10268,12
10417,10270,13
10418,10271,11
10419,10271,11
10420,10273,11
10421,10274,11
10422,10275,14
10423,10275,13
10424,10276,13
10425,10276,11
10426,10279,13
10427,10280,13
10428,10281,14
10429,10281,13
10430,10282,12
10431,10282,14
10432,10284,11
10433,10285,15
10434,10286,13
10435,10287,12
10436,10287,13
10437,10288,12
10438,10288,14
10439,10290,14
10440,10290,14
10441,10291,14
10442,10294,12
10443,10295,11
10444,10297,12
10445,10297,13
10446,10299,12
10447,10302,12
10448,10302,12
10449,10303,14
10450,10303,12
10451,10304,14
10452,10304,14
10453,10306,13
10454,10306,12
10455,10307,13
10456,10308,13
10457,10313,11
10458,10316,11
10459,10319,14
10460,10319,14
10461,10320,11
10462,10320,13
10463,10321,13
10464,10321,15
10465,10322,12
10466,10323,14
10467,10323,11
10468,10324,12
10469,10325,13
10470,10325,12
10471,10326,14
10472,10328,13
10473,10328,15
10474,10330,15
10475,10332,15
10476,10332,14
10477,10333,15
10478,10334,13
10479,10334,12
10480,10335,11
10481,10337,11
10482,10337,12
10483,10341,13
10484,10342,15
10485,10342,11
10486,10343,15
10487,10344,12
10488,10347,13
10489,10347,13
10490,10348,14
10491,10348,12
10492,10349,11
10493,10349,13
10494,10350,11
10495,10351,11
10496,10352,11
10497,10352,14
10498,10353,12
10499,10353,14
10500,10358,13
10501,10359,15
10502,10359,14
10503,10361,13
10504,10361,11
10505,10362,13
10506,10362,12
10507,10365,12
10508,10367,15
10509,10367,15
10510,10368,12
10511,10368,11
10512,10369,15
10513,10370,14
10514,10371,14
10515,10372,11
10516,10372,11
10517,10373,15
10518,10373,13
10519,10374,13
10520,10374,13
10521,10376,13
10522,10376,15
10523,10377,15
10524,10377,11
10525,10379,13
10526,10379,12
10527,10380,13
10528,10380,12
10529,10382,15
10530,10382,11
10531,10383,12
10532,10384,11
10533,10386,12
10534,10387,11
10535,10387,13
10536,10388,13
10537,10391,11
10538,10391,13
10539,10393,15
10540,10393,12
10541,10394,12
10542,10395,14
10543,10395,12
10544,10396,15
10545,10396,13
10546,10397,15
10547,10398,15
10548,10398,12
10549,10399,14
10550,10400,15
10551,10402,14
10552,10402,14
10553,10404,11
10554,10404,11
10555,10407,15
10556,10407,12
10557,10409,14
10558,10412,14
10559,10413,11
10560,10413,14
10561,10414,14
10562,10415,12
10563,10416,13
10564,10416,11
10565,10418,13
10566,10420,13
10567,10421,15
10568,10421,14
10569,10422,15
10570,10428,11
10571,10429,15
10572,10430,13
10573,10431,11
10574,10433,11
10575,10434,11
10576,10435,15
10577,10435,11
10578,10437,13
10579,10438,14
10580,10438,14
10581,10439,14
10582,10439,13
10583,10440,11
10584,10442,15
10585,10442,11
10586,10444,15
10587,10445,15
10588,10449,13
10589,10449,14
10590,10450,14
10591,10450,12
10592,10451,14
10593,10452,14
10594,10453,12
10595,10453,14
10596,10454,15
10597,10457,13
10598,10458,14
10599,10458,15
10600,10459,11
10601,10459,11
10602,10464,15
10603,10464,15
10604,10465,14
10605,10466,15
10606,10469,12
10607,10469,13
10608,10471,11
10609,10471,11
10610,10472,13
10611,10473,14
10612,10473,11
10613,10474,13
10614,10474,11
10615,10477,14
10616,10479,11
10617,10480,13
10618,10485,13
10619,10485,13
10620,10486,12
10621,10486,14
10622,10487,13
10623,10488,13
10624,10489,14
10625,10492,14
10626,10494,15
10627,10495,13
10628,10496,12
10629,10496,15
10630,10498,15
10631,10501,12
10632,10502,13
10633,10503,13
10634,10503,15
10635,10504,15
10636,10504,12
10637,10505,12
10638,10505,15
10639,10507,14
10640,10509,14
10641,10510,12
10642,10511,12
10643,10511,14
10644,10513,14
10645,10513,15
10646,10514,11
10647,10515,13
10648,10517,13
10649,10519,15
10650,10519,14
10651,10520,15
10652,10520,15
10653,10521,12
10654,10522,12
10655,10524,11
10656,10526,11
10657,10526,11
10658,10531,12
10659,10533,14
10660,10534,13
10661,10535,11
10662,10535,15
10663,10536,12
10664,10537,12
10665,10538,15
10666,10538,14
10667,10539,13
10668,10539,13
10669,10540,14
10670,10540,14
10671,10543,12
10672,10544,11
10673,10545,15
10674,10545,15
10675,10547,13
10676,10547,14
10677,10548,15
10678,10548,14
10679,10549,11
10680,10550,14
10681,10553,14
10682,10553,11
10683,10555,11
10684,10556,11
10685,10556,15
10686,10557,11
10687,10557,11
10688,10558,13
10689,10558,14
10690,10559,13
10691,10559,14
10692,10560,11
10693,10563,12
10694,10564,13
10695,10564,11
10696,10566,15
10697,10567,14
10698,10567,12
10699,10569,14
10700,10570,14
10701,10570,15
10702,10571,12
10703,10571,15
10704,10572,13
10705,10572,13
10706,10573,15
10707,10574,11
10708,10576,15
10709,10576,13
10710,10577,13
10711,10578,15
10712,10578,15
10713,10579,13
10714,10580,15
10715,10581,15
10716,10583,15
10717,10583,12
10718,10584,13
10719,10584,13
10720,10585,11
10721,10586,12
10722,10587,11
10723,10589,15
10724,10591,11
10725,10592,12
10726,10592,14
10727,10593,11
10728,10593,12
10729,10594,14
10730,10594,14
10731,10595,12
10732,10596,12
10733,10596,15
10734,10597,11
10735,10597,11
10736,10599,13
10737,10599,11
10738,10600,11
10739,10601,12
10740,10606,12
10741,10606,13
10742,10607,15
10743,10607,13
10744,10608,13
10745,10609,15
10746,10609,11
10747,10610,15
10748,10610,14
10749,10611,14
10750,10611,12
10751,10612,12
10752,10614,12
10753,10614,12
10754,10615,13
10755,10616,12
10756,10618,15
10757,10618,13
10758,10620,15
10759,10620,11
10760,10622,12
10761,10622,14
10762,10624,11
10763,10625,14
10764,10626,11
10765,10626,11
10766,10629,14
10767,10631,11
10768,10631,12
10769,10632,15
10770,10632,13
10771,10633,11
10772,10633,11
10773,10634,15
10774,10635,14
10775,10638,12
10776,10642,15
10777,10643,12
10778,10646,13
10779,10646,12
10780,10647,13
10781,10647,11
10782,10649,11
10783,10652,13
10784,10653,12
10785,10653,15
10786,10654,13
10787,10654,11
10788,10656,12
10789,10656,13
10790,10658,11
10791,10658,11
10792,10659,15
10793,10659,14
10794,10660,11
10795,10660,11
10796,10661,13
10797,10661,15
10798,10664,13
10799,10665,13
10800,10665,14
10801,10666,15
10802,10666,14
10803,10670,15
10804,10672,12
10805,10672,12
10806,10673,11
10807,10675,15
10808,10676,15
10809,10676,12
10810,10677,13
10811,10678,14
10812,10679,15
10813,10679,13
10814,10682,12
10815,10685,15
10816,10685,15
10817,10689,11
10818,10692,11
10819,10692,11
10820,10693,14
10821,10693,15
10822,10694,13
10823,10694,11
10824,10695,13
10825,10695,11
10826,10696,13
10827,10697,14
10828,10698,11
10829,10698,12
10830,10699,12
10831,10701,15
10832,10702,14
10833,10706,12
10834,10706,11
10835,10707,13
10836,10707,13
10837,10708,15
10838,10708,11
10839,10709,15
10840,10709,14
10841,10711,12
10842,10712,11
10843,10712,13
10844,10713,14
10845,10713,11
10846,10714,13
10847,10718,12
10848,10719,11
10849,10719,15
10850,10720,15
10851,10720,14
10852,10721,15
10853,10722,13
10854,10723,11
10855,10723,14
10856,10726,13
10857,10727,13
10858,10731,13
10859,10732,14
10860,10732,14
10861,10733,11
10862,10733,14
10863,10734,14
10864,10736,12
10865,10737,14
10866,10737,13
10867,10742,13
10868,10743,12
10869,10743,15
10870,10744,12
10871,10744,11
10872,10746,13
10873,10746,14
10874,10748,14
10875,10752,13
10876,10752,13
10877,10753,13
10878,10753,14
10879,10754,12
10880,10754,14
10881,10756,12
10882,10756,12
10883,10757,15
10884,10758,13
10885,10758,15
10886,10759,13
10887,10760,14
10888,10761,14
10889,10761,11
10890,10762,12
10891,10764,13
10892,10764,12
10893,10765,11
10894,10765,15
10895,10766,15
10896,10766,14
10897,10767,13
10898,10767,13
10899,10769,13
10900,10769,11
10901,10770,15
10902,10770,13
10903,10772,13
10904,10772,13
10905,10773,15
10906,10773,15
10907,10775,15
10908,10776,11
10909,10782,11
10910,10783,12
10911,10783,14
10912,10784,14
10913,10785,15
10914,10785,15
10915,10786,13
10916,10786,12
10917,10788,11
10918,10791,12
10919,10793,14
10920,10794,14
10921,10795,12
10922,10796,11
10923,10796,11
10924,10797,14
10925,10797,11
10926,10799,11
10927,10799,15
10928,10802,15
10929,10803,15
10930,10806,13
10931,10808,15
10932,10809,12
10933,10810,12
10934,10811,15
10935,10813,14
10936,10813,13
10937,10814,15
10938,10814,11
10939,10816,12
10940,10817,14
10941,10817,14
10942,10821,12
10943,10821,12
10944,10822,12
10945,10824,11
10946,10824,13
10947,10825,12
10948,10825,13
10949,10826,15
10950,10826,11
10951,10827,13
10952,10827,12
10953,10828,15
10954,10829,15
10955,10829,15
10956,10830,11
10957,10830,15
10958,10831,11
10959,10831,15
10960,10832,15
10961,10834,15
10962,10834,14
10963,10836,14
10964,10837,13
10965,10838,13
10966,10840,15
10967,10841,15
10968,10841,13
10969,10844,12
10970,10845,12
10971,10846,11
10972,10846,13
10973,10847,12
10974,10848,15
10975,10849,12
10976,10849,11
10977,10850,15
10978,10850,11
10979,10851,15
10980,10852,15
10981,10853,13
10982,10854,14
10983,10855,13
10984,10857,15
10985,10858,14
10986,10858,11
10987,10859,12
10988,10861,14
10989,10861,11
10990,10864,13
10991,10864,11
10992,10865,14
10993,10866,15
10994,10867,14
10995,10868,14
10996,10868,11
10997,10870,14
10998,10871,14
10999,10871,11
11000,10872,14
11001,10872,12
11002,10874,12
11003,10874,15
11004,10877,12
11005,10877,12
11006,10879,13
11007,10879,13
11008,10882,12
11009,10884,13
11010,10884,12
11011,10886,13
11012,10887,13
11013,10888,12
11014,10888,11
11015,10889,13
11016,10890,14
11017,10891,13
11018,10891,12
11019,10892,13
11020,10892,15
11021,10893,14
11022,10893,13
11023,10894,11
11024,10894,14
11025,10895,12
11026,10896,14
11027,10897,11
11028,10898,11
11029,10898,13
11030,10901,11
11031,10901,14
11032,10902,13
11033,10902,11
11034,10903,11
11035,10903,15
11036,10904,14
11037,10904,13
11038,10906,12
11039,10906,13
11040,10907,12
11041,10908,15
11042,10912,14
11043,10913,11
11044,10913,11
11045,10914,11
11046,10914,11
11047,10915,11
11048,10915,11
11049,10916,12
11050,10916,15
11051,10918,12
11052,10920,13
11053,10920,14
11054,10923,13
11055,10925,13
11056,10925,13
11057,10927,11
11058,10927,14
11059,10928,14
11060,10929,13
11061,10929,12
11062,10930,15
11063,10930,13
11064,10931,14
11065,10931,12
11066,10932,13
11067,10933,12
11068,10936,11
11069,10939,12
11070,10943,11
11071,10945,14
11072,10946,13
11073,10947,11
11074,10947,15
11075,10948,12
11076,10949,11
11077,10950,12
11078,10951,11
11079,10951,13
11080,10952,12
11081,10954,14
11082,10955,15
11083,10958,13
11084,10959,14
11085,10959,11
11086,10960,11
11087,10960,11
11088,10961,12
11089,10963,13
11090,10964,11
11091,10964,15
11092,10967,11
11093,10967,14
11094,10968,15
11095,10971,15
11096,10972,14
11097,10972,15
11098,10973,14
11099,10974,13
11100,10974,11
11101,10980,13
11102,10982,11
11103,10982,11
11104,10983,14
11105,10983,13
11106,10985,12
11107,10986,11
11108,10987,13
11109,10988,12
11110,10989,14
11111,10990,15
11112,10990,15
11113,10992,11
11114,10992,14
11115,10993,13
11116,10994,14
11117,10995,13
11118,10996,14
11119,10998,13
11120,10999,14
11121,10999,12
11122,11001,13
11123,11002,13
11124,11002,14
11125,11003,15
11126,11004,15
11127,11004,12
11128,11006,15
11129,11006,15
11130,11008,15
11131,11008,15
11132,11009,14
11133,11009,13
11134,11010,13
11135,11010,11
11136,11011,13
11137,11014,12
11138,11014,13
11139,11015,15
11140,11015,14
11141,11017,15
11142,11017,13
11143,11019,12
11144,11019,13
11145,11020,13
11146,11021,12
11147,11021,14
11148,11022,14
11149,11024,11
11150,11024,14
11151,11026,13
11152,11026,15
11153,11027,15
11154,11027,15
11155,11029,15
11156,11030,13
11157,11030,15
11158,11032,11
11159,11033,15
11160,11034,12
11161,11035,11
11162,11035,11
11163,11036,12
11164,11036,12
11165,11039,11
11166,11039,15
11167,11040,11
11168,11040,15
11169,11042,14
11170,11043,11
11171,11043,15
11172,11045,14
11173,11045,11
11174,11047,15
11175,11047,12
11176,11048,14
11177,11049,15
11178,11053,12
11179,11053,13
11180,11054,11
11181,11054,13
11182,11056,13
11183,11056,15
11184,11057,11
11185,11057,12
11186,11059,13
11187,11060,11
11188,11060,11
11189,11061,11
11190,11061,13
11191,11062,13
11192,11063,15
11193,11063,14
11194,11066,14
11195,11068,14
11196,11069,15
11197,11069,15
11198,11071,13
11199,11071,15
11200,11073,14
11201,11074,15
11202,11074,14
11203,11076,12
11204,11077,11
11205,11077,12
11206,11079,13
11207,11079,15
11208,11081,13
11209,11081,15
11210,11082,14
11211,11082,13
11212,11086,12
11213,11087,11
11214,11087,11
11215,11088,12
11216,11090,13
11217,11090,14
11218,11094,12
11219,11095,13
11220,11096,15
11221,11096,14
11222,11097,15
11223,11097,12
11224,11098,15
11225,11098,11
11226,11099,14
11227,11100,13
11228,11100,14
11229,11101,13
11230,11101,15
11231,11103,14
11232,11105,13
11233,11106,12
11234,11106,15
11235,11107,11
11236,11110,12
11237,11110,12
11238,11111,11
11239,11112,15
11240,11114,15
11241,11114,15
11242,11118,13
11243,11118,11
11244,11119,15
11245,11120,13
11246,11121,11
11247,11121,14
11248,11123,14
11249,11124,11
11250,11124,12
11251,11125,11
11252,11125,15
11253,11129,13
11254,11130,12
11255,11131,14
11256,11132,14
11257,11132,14
11258,11133,15
11259,11133,15
11260,11134,11
11261,11134,14
11262,11137,12
11263,11138,13
11264,11138,12
11265,11141,13
11266,11141,13
11267,11142,15
11268,11142,13
11269,11143,14
11270,11143,11
11271,11144,12
11272,11144,13
11273,11145,15
11274,11146,15
11275,11147,13
11276,11148,11
11277,11149,15
11278,11149,14
11279,11150,14
11280,11151,15
11281,11153,15
11282,11154,11
11283,11155,12
11284,11156,13
11285,11156,13
11286,11157,14
11287,11157,14
11288,11159,12
11289,11159,14
11290,11160,11
11291,11161,13
11292,11162,14
11293,11163,13
11294,11163,12
11295,11165,12
11296,11166,12
11297,11167,11
11298,11168,11
11299,11168,11
11300,11169,11
11301,11169,11
11302,11170,15
11303,11172,12
11304,11172,13
11305,11173,12
11306,11173,13
11307,11174,15
11308,11174,12
11309,11175,13
11310,11176,11
11311,11177,15
11312,11178,14
11313,11180,13
11314,11180,13
11315,11182,14
11316,11182,12
11317,11183,15
11318,11183,13
11319,11184,14
11320,11184,11
11321,11188,12
11322,11192,11
11323,11194,15
11324,11195,12
11325,11196,13
11326,11196,12
11327,11197,13
11328,11197,14
11329,11198,15
11330,11200,11
11331,11200,11
11332,11201,13
11333,11204,12
11334,11205,11
11335,11205,11
11336,11208,12
11337,11208,14
11338,11210,11
11339,11212,11
11340,11212,12
11341,11213,15
11342,11213,14
11343,11215,14
11344,11215,15
11345,11218,13
11346,11218,14
11347,11219,13
11348,11219,13
11349,11221,11
11350,11221,15
11351,11223,13
11352,11225,15
11353,11225,11
11354,11227,11
11355,11228,15
11356,11229,15
11357,11229,15
11358,11230,12
11359,11231,13
11360,11231,12
11361,11232,14
11362,11232,12
11363,11234,12
11364,11235,11
11365,11235,15
11366,11236,12
11367,11237,14
11368,11237,11
11369,11238,12
11370,11239,12
11371,11240,11
11372,11241,12
11373,11243,13
11374,11244,14
11375,11244,11
11376,11246,13
11377,11246,15
11378,11247,12
11379,11250,12
11380,11250,13
11381,11251,15
11382,11253,14
11383,11254,14
11384,11255,12
11385,11255,15
11386,11257,13
11387,11258,11
11388,11259,13
11389,11260,14
11390,11260,14
11391,11262,15
11392,11262,13
11393,11263,15
11394,11264,15
11395,11265,14
11396,11266,11
11397,11266,12
11398,11267,11
11399,11269,11
11400,11269,15
11401,11270,11
11402,11272,14
11403,11272,12
11404,11273,13
11405,11273,15
11406,11276,15
11407,11276,15
11408,11278,13
11409,11278,14
11410,11279,13
11411,11279,11
11412,11280,12
11413,11282,14
11414,11283,12
11415,11284,11
11416,11286,11
11417,11286,11
11418,11287,14
11419,11287,14
11420,11288,15
11421,11289,13
11422,11290,12
11423,11292,15
11424,11293,13
11425,11293,13
11426,11295,15
11427,11295,12
11428,11296,12
11429,11296,14
11430,11297,13
11431,11297,15
11432,11298,12
11433,11300,15
11434,11300,14
11435,11301,14
11436,11302,14
11437,11304,13
11438,11304,15
11439,11305,12
11440,11306,12
11441,11306,11
11442,11308,12
11443,11308,15
11444,11309,11
11445,11309,15
11446,11311,13
11447,11311,11
11448,11313,11
11449,11314,14
11450,11314,15
11451,11316,15
11452,11317,14
11453,11317,15
11454,11318,15
11455,11320,15
11456,11320,11
11457,11321,12
11458,11322,14
11459,11322,14
11460,11324,14
11461,11324,14
11462,11325,15
11463,11326,13
11464,11326,15
11465,11327,14
11466,11328,15
11467,11328,15
11468,11329,13
11469,11329,12
11470,11330,13
11471,11331,11
11472,11333,11
11473,11334,15
11474,11336,12
11475,11336,11
11476,11337,11
11477,11337,14
11478,11338,13
11479,11340,12
11480,11341,12
11481,11341,13
11482,11344,12
11483,11344,13
11484,11346,14
11485,11346,13
11486,11347,11
11487,11348,15
11488,11349,14
11489,11349,15
11490,11350,12
11491,11350,14
11492,11351,14
11493,11352,15
11494,11352,14
11495,11353,11
11496,11353,15
11497,11354,11
11498,11355,11
11499,11355,12
11500,11356,14
11501,11356,15
11502,11357,15
11503,11358,13
11504,11358,15
11505,11359,14
11506,11359,15
11507,11360,13
11508,11360,12
11509,11361,13
11510,11362,13
11511,11362,13
11512,11363,12
11513,11363,11
11514,11364,12
11515,11364,11
11516,11365,14
11517,11365,13
11518,11367,13
11519,11367,15
11520,11368,15
11521,11369,15
11522,11370,13
11523,11372,11
11524,11372,13
11525,11373,11
11526,11375,15
11527,11376,12
11528,11377,13
11529,11378,15
11530,11381,12
11531,11382,13
11532,11385,11
11533,11385,15
11534,11386,14
11535,11386,12
11536,11387,13
11537,11387,11
11538,11388,11
11539,11388,14
11540,11391,13
11541,11391,13
11542,11392,12
11543,11392,11
11544,11393,13
11545,11394,12
11546,11394,11
11547,11400,14
11548,11400,12
11549,11403,14
11550,11407,15
11551,11408,14
11552,11409,12
11553,11410,11
11554,11411,12
11555,11412,14
11556,11413,12
11557,11413,12
11558,11414,11
11559,11414,13
11560,11415,15
11561,11415,15
11562,11417,13
11563,11422,11
11564,11424,12
11565,11425,14
11566,11426,11
11567,11426,13
11568,11427,11
11569,11428,12
11570,11429,12
11571,11430,13
11572,11432,14
11573,11432,15
11574,11433,14
11575,11434,11
11576,11435,13
11577,11435,11
11578,11436,11
11579,11436,15
11580,11437,13
11581,11438,13
11582,11438,11
11583,11439,11
11584,11441,13
11585,11442,12
11586,11442,14
11587,11443,12
11588,11443,15
11589,11445,13
11590,11447,14
11591,11447,11
11592,11448,14
11593,11449,11
11594,11450,14
11595,11452,13
11596,11457,15
11597,11457,13
11598,11458,15
11599,11461,11
11600,11461,11
11601,11462,11
11602,11463,12
11603,11464,14
11604,11464,15
11605,11465,11
11606,11465,11
11607,11466,13
11608,11466,14
11609,11467,14
11610,11469,15
11611,11470,11
11612,11472,14
11613,11473,11
11614,11474,11
11615,11474,11
11616,11476,12
11617,11476,12
11618,11477,13
11619,11479,13
11620,11479,15
11621,11480,13
11622,11481,15
11623,11481,11
11624,11482,14
11625,11482,12
11626,11483,12
11627,11483,15
11628,11484,15
11629,11484,11
11630,11486,12
11631,11486,13
11632,11487,12
11633,11488,11
11634,11490,15
11635,11491,12
11636,11492,12
11637,11492,14
11638,11501,15
11639,11502,11
11640,11502,12
11641,11503,12
11642,11503,12
11643,11504,13
11644,11504,12
11645,11505,11
11646,11506,15
11647,11507,15
11648,11509,15
11649,11510,11
11650,11510,11
11651,11512,13
11652,11512,11
11653,11513,12
11654,11514,12
11655,11515,14
11656,11515,12
11657,11517,14
11658,11518,12
11659,11518,13
11660,11519,13
11661,11520,14
11662,11521,11
11663,11521,11
11664,11523,15
11665,11523,12
11666,11524,15
11667,11524,12
11668,11525,12
11669,11525,15
11670,11526,12
11671,11527,12
11672,11531,12
11673,11531,12
11674,11536,14
11675,11536,11
11676,11537,11
11677,11537,11
11678,11538,11
11679,11539,11
11680,11540,11
11681,11540,15
11682,11541,13
11683,11542,15
11684,11543,12
11685,11544,13
11686,11546,13
11687,11547,11
11688,11549,15
11689,11550,14
11690,11551,12
11691,11552,15
11692,11554,13
11693,11555,11
11694,11557,13
11695,11558,13
11696,11558,11
11697,11560,11
11698,11560,14
11699,11561,12
11700,11561,15
11701,11564,13
11702,11564,15
11703,11565,15
11704,11565,14
11705,11566,14
11706,11566,13
11707,11567,13
11708,11567,12
11709,11569,13
11710,11569,12
11711,11571,14
11712,11571,13
11713,11573,15
11714,11573,14
11715,11574,15
11716,11574,12
11717,11575,15
11718,11576,11
11719,11577,15
11720,11578,14
11721,11578,14
11722,11579,11
11723,11582,13
11724,11582,14
11725,11583,14
11726,11584,13
11727,11586,13
11728,11586,13
11729,11587,11
11730,11589,12
11731,11590,12
11732,11591,15
11733,11591,11
11734,11592,11
11735,11594,15
11736,11595,12
11737,11596,14
11738,11596,14
11739,11597,11
11740,11598,13
11741,11603,12
11742,11603,11
11743,11605,14
11744,11605,12
11745,11607,12
11746,11607,11
11747,11609,12
11748,11609,11
11749,11610,12
11750,11610,11
11751,11611,13
11752,11613,12
11753,11613,12
11754,11615,13
11755,11615,14
11756,11616,11
11757,11617,12
11758,11618,13
11759,11618,14
11760,11619,14
11761,11619,11
11762,11621,14
11763,11622,14
11764,11623,13
11765,11626,15
11766,11629,11
11767,11630,13
11768,11631,12
11769,11631,14
11770,11632,12
11771,11633,12
11772,11634,11
11773,11636,11
11774,11636,14
11775,11638,14
11776,11641,13
11777,11643,13
11778,11643,12
11779,11646,13
11780,11646,11
11781,11647,11
11782,11648,12
11783,11648,14
11784,11649,13
11785,11650,14
11786,11650,12
11787,11652,14
11788,11654,15
11789,11659,13
11790,11659,14
11791,11662,15
11792,11662,14
11793,11663,12
11794,11664,12
11795,11664,15
11796,11665,13
11797,11665,13
11798,11668,14
11799,11668,15
11800,11671,12
11801,11672,11
11802,11672,12
11803,11673,15
11804,11674,13
11805,11674,11
11806,11675,11
11807,11676,14
11808,11680,11
11809,11681,13
11810,11682,15
11811,11683,15
11812,11683,13
11813,11684,11
11814,11684,15
11815,11688,14
11816,11688,13
11817,11689,14
11818,11692,12
11819,11692,11
11820,11693,14
11821,11694,15
11822,11695,13
11823,11695,15
11824,11696,15
11825,11697,14
11826,11697,14
11827,11698,11
11828,11698,14
11829,11699,13
11830,11699,11
11831,11701,11
11832,11701,13
11833,11706,13
11834,11707,15
11835,11707,11
11836,11708,13
11837,11709,13
11838,11710,15
11839,11711,15
11840,11712,14
11841,11713,13
11842,11714,15
11843,11714,11
11844,11715,14
11845,11715,13
11846,11717,13
11847,11717,13
11848,11718,11
11849,11718,13
11850,11719,11
11851,11719,11
11852,11721,14
11853,11721,15
11854,11724,13
11855,11725,14
11856,11725,12
11857,11726,13
11858,11726,14
11859,11728,15
11860,11728,15
11861,11729,11
11862,11730,11
11863,11730,14
11864,11731,15
11865,11731,15
11866,11732,12
11867,11732,13
11868,11733,15
11869,11734,13
11870,11734,12
11871,11736,12
11872,11738,13
11873,11742,11
11874,11742,14
11875,11745,14
11876,11747,12
11877,11748,11
11878,11750,15
11879,11750,15
11880,11752,15
11881,11754,13
11882,11754,11
11883,11755,13
11884,11755,15
11885,11756,13
11886,11758,11
11887,11759,15
11888,11761,14
11889,11763,15
11890,11763,14
11891,11764,11
11892,11766,15
11893,11766,15
11894,11767,15
11895,11768,12
11896,11769,11
11897,11770,13
11898,11770,13
11899,11772,15
11900,11775,12
11901,11777,13
11902,11778,14
11903,11780,15
11904,11781,11
11905,11784,12
11906,11784,11
11907,11786,11
11908,11787,14
11909,11788,14
11910,11788,12
11911,11789,15
11912,11790,13
11913,11791,12
11914,11791,14
11915,11794,15
11916,11794,11
11917,11795,15
11918,11795,11
11919,11796,13
11920,11796,15
11921,11797,12
11922,11797,15
11923,11798,15
11924,11798,13
11925,11800,13
11926,11800,15
11927,11803,12
11928,11804,14
11929,11804,12
11930,11805,11
11931,11806,14
11932,11807,14
11933,11808,14
11934,11810,14
11935,11811,14
11936,11811,11
11937,11812,15
11938,11813,12
11939,11814,12
11940,11815,14
11941,11815,15
11942,11817,12
11943,11817,15
11944,11818,13
11945,11818,13
11946,11819,11
11947,11819,11
11948,11820,14
11949,11821,14
11950,11821,15
11951,11822,13
11952,11823,12
11953,11823,11
11954,11825,15
11955,11826,11
11956,11827,11
11957,11828,12
11958,11828,12
11959,11829,13
11960,11831,15
11961,11832,13
11962,11833,15
11963,11834,14
11964,11834,13
11965,11836,11
11966,11838,13
11967,11838,11
11968,11839,11
11969,11839,14
11970,11840,14
11971,11841,14
11972,11841,14
11973,11842,12
11974,11846,11
11975,11846,14
11976,11847,15
11977,11848,12
11978,11849,14
11979,11849,11
11980,11850,11
11981,11852,15
11982,11856,15
11983,11857,11
11984,11857,14
11985,11860,15
11986,11860,14
11987,11861,13
11988,11861,12
11989,11863,15
11990,11863,15
11991,11864,14
11992,11864,11
11993,11865,11
11994,11866,14
11995,11866,14
11996,11867,15
11997,11867,12
11998,11869,11
11999,11869,12
12000,11870,11
12001,11870,13
12002,11873,11
12003,11873,13
12004,11875,11
12005,11876,13
12006,11876,14
12007,11877,13
12008,11878,11
12009,11880,13
12010,11880,11
12011,11881,15
12012,11881,13
12013,11883,13
12014,11885,11
12015,11886,12
12016,11888,13
12017,11889,12
12018,11891,11
12019,11891,13
12020,11892,15
12021,11894,13
12022,11897,13
12023,11899,13
12024,11901,15
12025,11901,12
12026,11902,11
12027,11902,15
12028,11903,14
12029,11904,12
12030,11905,11
12031,11905,11
12032,11907,14
12033,11908,11
12034,11909,13
12035,11910,11
12036,11910,12
12037,11913,13
12038,11914,12
12039,11915,13
12040,11915,11
12041,11916,11
12042,11916,14
12043,11918,13
12044,11918,12
12045,11919,15
12046,11919,15
12047,11921,14
12048,11921,12
12049,11924,14
12050,11925,15
12051,11926,12
12052,11928,14
12053,11929,12
12054,11929,12
12055,11932,13
12056,11933,15
12057,11933,14
12058,11934,14
12059,11935,14
12060,11936,15
12061,11938,13
12062,11938,13
12063,11939,15
12064,11940,13
12065,11943,15
12066,11943,14
12067,11945,15
12068,11945,14
12069,11946,13
12070,11946,12
12071,11947,15
12072,11947,11
12073,11948,11
12074,11948,13
12075,11949,13
12076,11949,11
12077,11950,12
12078,11952,11
12079,11952,15
12080,11953,13
12081,11953,12
12082,11957,15
12083,11958,12
12084,11958,13
12085,11959,14
12086,11959,11
12087,11960,15
12088,11960,12
12089,11961,14
12090,11964,13
12091,11964,14
12092,11965,15
12093,11966,14
12094,11966,13
12095,11967,11
12096,11968,12
12097,11969,12
12098,11969,15
12099,11970,12
12100,11970,14
12101,11971,15
12102,11972,15
12103,11972,15
12104,11975,13
12105,11976,11
12106,11976,12
12107,11977,11
12108,11977,13
12109,11978,14
12110,11978,11
12111,11981,12
12112,11981,14
12113,11982,12
12114,11983,12
12115,11985,12
12116,11985,14
12117,11986,11
12118,11986,12
12119,11987,13
12120,11989,13
12121,11990,12
12122,11991,14
12123,11992,15
12124,11993,13
12125,11995,13
12126,11996,15
12127,11996,12
12128,11997,14
12129,11998,13
12130,11999,11
12131,11999,15
12132,12001,13
12133,12002,14
12134,12002,14
12135,12003,13
12136,12003,11
12137,12005,11
12138,12006,12
12139,12006,12
12140,12007,14
12141,12007,13
12142,12010,14
12143,12010,15
12144,12012,13
12145,12012,12
12146,12013,13
12147,12013,13
12148,12015,15
12149,12015,13
12150,12016,14
12151,12017,13
12152,12017,15
12153,12018,15
12154,12019,13
12155,12019,12
12156,12020,11
12157,12023,13
12158,12023,15
12159,12024,14
12160,12024,15
12161,12025,15
12162,12026,12
12163,12027,14
12164,12027,14
12165,12028,15
12166,12031,14
12167,12032,14
12168,12033,12
12169,12034,14
12170,12035,15
12171,12035,11
12172,12036,12
12173,12036,14
12174,12037,13
12175,12037,14
12176,12039,11
12177,12039,13
12178,12040,12
12179,12041,14
12180,12042,15
12181,12042,13
12182,12043,14
12183,12044,13
12184,12046,14
12185,12046,15
12186,12047,11
12187,12047,14
12188,12048,12
12189,12048,13
12190,12049,15
12191,12049,15
12192,12050,15
12193,12051,14
12194,12051,13
12195,12052,13
12196,12053,15
12197,12055,11
12198,12056,15
12199,12057,11
12200,12057,14
12201,12058,13
12202,12058,12
12203,12060,14
12204,12061,11
12205,12061,12
12206,12062,15
12207,12063,12
12208,12063,12
12209,12064,13
12210,12064,12
12211,12065,13
12212,12065,11
12213,12067,11
12214,12068,14
12215,12069,12
12216,12069,13
12217,12073,11
12218,12074,15
12219,12074,13
12220,12075,12
12221,12075,14
12222,12076,15
12223,12076,12
12224,12077,14
12225,12077,13
12226,12078,15
12227,12081,12
12228,12081,13
12229,12082,13
12230,12084,12
12231,12085,12
12232,12087,13
12233,12088,15
12234,12089,14
12235,12092,12
12236,12092,15
12237,12093,13
12238,12093,11
12239,12097,11
12240,12100,14
12241,12100,12
12242,12101,12
12243,12103,12
12244,12103,14
12245,12104,14
12246,12104,15
12247,12108,12
12248,12109,13
12249,12109,12
12250,12110,12
12251,12110,13
12252,12112,13
12253,12115,11
12254,12115,14
12255,12116,11
12256,12116,15
12257,12117,11
12258,12120,11
12259,12123,11
12260,12125,15
12261,12126,15
12262,12126,12
12263,12128,11
12264,12128,13
12265,12129,14
12266,12131,11
12267,12131,12
12268,12132,15
12269,12134,12
12270,12135,14
12271,12135,12
12272,12136,12
12273,12136,13
12274,12137,14
12275,12138,12
12276,12138,15
12277,12139,13
12278,12139,12
12279,12140,12
12280,12141,12
12281,12141,15
12282,12142,14
12283,12144,11
12284,12144,15
12285,12146,13
12286,12146,14
12287,12147,14
12288,12147,12
12289,12148,13
12290,12149,12
12291,12151,13
12292,12151,15
12293,12152,15
12294,12152,14
12295,12154,15
12296,12154,13
12297,12155,15
12298,12160,14
12299,12161,14
12300,12161,12
12301,12163,14
12302,12163,11
12303,12165,15
12304,12165,15
12305,12167,12
12306,12167,12
12307,12168,14
12308,12169,14
12309,12169,11
12310,12170,11
12311,12170,14
12312,12172,14
12313,12172,13
12314,12173,15
12315,12173,14
12316,12175,13
12317,12176,12
12318,12176,11
12319,12177,12
12320,12178,14
12321,12178,12
12322,12179,13
12323,12179,15
12324,12180,13
12325,12180,11
12326,12181,15
12327,12182,11
12328,12182,14
12329,12183,15
12330,12184,12
12331,12184,13
12332,12185,15
12333,12185,15
12334,12188,15
12335,12189,15
12336,12190,15
12337,12193,13
12338,12194,13
12339,12194,12
12340,12195,13
12341,12195,14
12342,12197,11
12343,12197,11
12344,12200,15
12345,12200,13
12346,12201,13
12347,12201,12
12348,12204,15
12349,12207,11
12350,12207,14
12351,12210,13
12352,12213,15
12353,12213,11
12354,12214,14
12355,12215,15
12356,12219,11
12357,12219,13
12358,12220,14
12359,12222,13
12360,12222,11
12361,12225,11
12362,12225,15
12363,12226,12
12364,12226,13
12365,12227,13
12366,12227,12
12367,12230,11
12368,12232,11
12369,12232,15
12370,12233,11
12371,12236,13
12372,12237,15
12373,12239,12
12374,12240,15
12375,12240,11
12376,12242,13
12377,12243,14
12378,12244,13
12379,12245,13
12380,12245,12
12381,12246,15
12382,12246,15
12383,12247,13
12384,12249,15
12385,12250,14
12386,12252,12
12387,12253,14
12388,12254,12
12389,12254,15
12390,12255,12
12391,12258,13
12392,12259,12
12393,12261,15
12394,12261,14
12395,12262,14
12396,12263,12
12397,12265,12
12398,12265,15
12399,12268,14
12400,12270,15
12401,12270,15
12402,12271,12
12403,12272,12
12404,12274,14
12405,12274,13
12406,12275,13
12407,12275,15
12408,12276,15
12409,12277,11
12410,12277,11
12411,12279,13
12412,12280,13
12413,12280,12
12414,12281,14
12415,12281,11
12416,12282,14
12417,12282,11
12418,12283,11
12419,12283,15
12420,12285,14
12421,12287,11
12422,12287,13
12423,12288,14
12424,12289,11
12425,12290,15
12426,12291,14
12427,12294,14
12428,12294,12
12429,12295,15
12430,12297,15
12431,12297,14
12432,12298,14
12433,12300,14
12434,12302,11
12435,12303,12
12436,12306,11
12437,12306,14
12438,12307,11
12439,12309,14
12440,12309,12
12441,12310,15
12442,12311,14
12443,12311,15
12444,12312,11
12445,12312,12
12446,12314,11
12447,12314,13
12448,12315,14
12449,12315,15
12450,12316,11
12451,12318,11
12452,12318,11
12453,12319,14
12454,12320,14
12455,12320,12
12456,12321,11
12457,12321,12
12458,12322,15
12459,12324,12
12460,12324,14
12461,12325,14
12462,12325,13
12463,12326,11
12464,12326,14
12465,12327,14
12466,12328,13
12467,12328,14
12468,12330,14
12469,12330,15
12470,12333,15
12471,12333,14
12472,12334,12
12473,12334,12
12474,12335,15
12475,12335,15
12476,12340,14
12477,12341,11
12478,12343,12
12479,12343,15
12480,12345,13
12481,12348,15
12482,12349,13
12483,12350,12
12484,12351,14
12485,12351,11
12486,12354,15
12487,12354,13
12488,12355,12
12489,12355,13
12490,12357,11
12491,12360,15
12492,12360,15
12493,12361,11
12494,12362,13
12495,12363,12
12496,12363,14
12497,12364,12
12498,12364,12
12499,12365,11
12500,12366,12
12501,12367,12
12502,12371,12
12503,12374,11
12504,12375,15
12505,12376,15
12506,12376,13
12507,12379,13
12508,12382,15
12509,12385,12
12510,12386,12
12511,12388,13
12512,12388,15
12513,12389,12
12514,12390,14
12515,12390,11
12516,12391,12
12517,12392,11
12518,12392,11
12519,12394,13
12520,12395,14
12521,12397,15
12522,12397,15
12523,12401,14
12524,12402,15
12525,12403,14
12526,12403,14
12527,12404,13
12528,12404,15
12529,12405,11
12530,12405,11
12531,12407,11
12532,12408,13
12533,12410,12
12534,12411,15
12535,12411,11
12536,12413,13
12537,12414,13
12538,12416,11
12539,12416,11
12540,12418,15
12541,12418,11
12542,12421,12
12543,12422,14
12544,12422,11
12545,12425,14
12546,12425,11
12547,12426,13
12548,12427,12
12549,12427,15
12550,12428,12
12551,12429,11
12552,12429,14
12553,12430,11
12554,12430,12
12555,12437,14
12556,12438,14
12557,12438,12
12558,12439,13
12559,12441,11
12560,12443,11
12561,12444,15
12562,12444,12
12563,12445,12
12564,12446,13
12565,12447,14
12566,12447,14
12567,12450,14
12568,12451,15
12569,12453,15
12570,12454,15
12571,12456,11
12572,12457,15
12573,12458,14
12574,12458,11
12575,12459,12
12576,12460,14
12577,12461,15
12578,12461,13
12579,12462,13
12580,12462,11
12581,12463,11
12582,12464,13
12583,12464,11
12584,12465,15
12585,12466,13
12586,12467,15
12587,12467,12
12588,12468,15
12589,12470,11
12590,12471,15
12591,12471,15
12592,12472,15
12593,12473,13
12594,12474,15
12595,12475,14
12596,12475,12
12597,12476,14
12598,12476,15
12599,12478,15
12600,12478,12
12601,12479,15
12602,12479,13
12603,12480,12
12604,12481,13
12605,12482,14
12606,12484,15
12607,12492,11
12608,12492,13
12609,12494,13
12610,12494,11
12611,12495,12
12612,12496,15
12613,12496,14
12614,12498,11
12615,12498,14
12616,12499,15
12617,12499,13
12618,12500,11
12619,12500,14
12620,12502,14
12621,12503,13
12622,12503,14
12623,12507,15
12624,12507,11
12625,12509,15
12626,12509,11
12627,12510,13
12628,12510,12
12629,12511,12
12630,12511,14
12631,12515,15
12632,12515,12
12633,12516,15
12634,12516,12
12635,12518,11
12636,12518,12
12637,12519,12
12638,12519,11
12639,12520,11
12640,12521,12
12641,12521,12
12642,12522,11
12643,12524,13
12644,12524,11
12645,12525,13
12646,12526,11
12647,12526,11
12648,12527,12
12649,12527,13
12650,12531,11
12651,12532,15
12652,12532,14
12653,12533,11
12654,12533,15
12655,12534,15
12656,12535,14
12657,12535,11
12658,12537,12
12659,12538,13
12660,12538,13
12661,12539,15
12662,12539,11
12663,12541,13
12664,12542,12
12665,12542,11
12666,12543,13
12667,12544,14
12668,12545,13
12669,12545,14
12670,12547,13
12671,12547,11
12672,12548,12
12673,12549,15
12674,12549,14
12675,12550,12
12676,12550,11
12677,12551,12
12678,12552,12
12679,12553,11
12680,12553,13
12681,12554,13
12682,12554,15
12683,12555,14
12684,12555,13
12685,12559,13
12686,12560,15
12687,12560,15
12688,12561,11
12689,12561,14
12690,12565,14
12691,12566,13
12692,12566,11
12693,12567,12
12694,12568,15
12695,12571,13
12696,12572,15
12697,12574,15
12698,12575,15
12699,12575,14
12700,12577,15
12701,12577,11
12702,12578,14
12703,12580,11
12704,12583,12
12705,12583,11
12706,12584,14
12707,12584,13
12708,12586,12
12709,12590,13
12710,12590,15
12711,12593,14
12712,12593,12
12713,12594,12
12714,12595,15
12715,12596,15
12716,12598,12
12717,12598,14
12718,12599,11
12719,12600,14
12720,12600,13
12721,12601,13
12722,12602,15
12723,12603,12
12724,12603,12
12725,12605,15
12726,12608,15
12727,12608,15
12728,12609,12
12729,12609,14
12730,12611,11
12731,12611,11
12732,12612,14
12733,12612,15
12734,12613,12
12735,12614,13
12736,12614,13
12737,12616,11
12738,12618,11
12739,12621,14
12740,12622,13
12741,12622,11
12742,12624,15
12743,12626,15
12744,12630,14
12745,12631,15
12746,12633,14
12747,12633,13
12748,12634,12
12749,12636,11
12750,12637,13
12751,12639,13
12752,12640,11
12753,12640,11
12754,12641,14
12755,12641,13
12756,12643,11
12757,12643,13
12758,12645,15
12759,12646,14
12760,12646,11
12761,12647,11
12762,12647,15
12763,12648,12
12764,12648,14
12765,12649,13
12766,12651,12
12767,12653,13
12768,12655,13
12769,12655,12
12770,12659,14
12771,12659,13
12772,12660,13
12773,12660,14
12774,12661,12
12775,12663,14
12776,12663,11
12777,12664,12
12778,12666,12
12779,12666,12
12780,12667,12
12781,12667,12
12782,12669,15
12783,12670,12
12784,12672,14
12785,12673,14
12786,12675,13
12787,12675,11
12788,12677,11
12789,12677,15
12790,12679,15
12791,12680,15
12792,12680,15
12793,12682,14
12794,12682,11
12795,12685,11
12796,12687,12
12797,12687,13
12798,12689,15
12799,12690,12
12800,12690,11
12801,12691,15
12802,12691,14
12803,12692,14
12804,12692,11
12805,12693,11
12806,12694,15
12807,12694,15
12808,12695,15
12809,12695,11
12810,12696,15
12811,12697,14
12812,12702,15
12813,12702,14
12814,12703,14
12815,12703,11
12816,12704,11
12817,12704,13
12818,12706,13
12819,12707,15
12820,12709,15
12821,12709,12
12822,12711,13
12823,12712,12
12824,12713,11
12825,12716,11
12826,12720,14
12827,12721,15
12828,12723,15
12829,12723,14
12830,12724,12
12831,12725,11
12832,12726,14
12833,12726,14
12834,12728,11
12835,12728,12
12836,12729,13
12837,12732,15
12838,12732,12
12839,12734,12
12840,12734,11
12841,12735,11
12842,12736,14
12843,12737,15
12844,12737,13
12845,12739,14
12846,12739,12
12847,12740,12
12848,12742,14
12849,12742,13
12850,12743,12
12851,12743,12
12852,12744,14
12853,12745,14
12854,12746,13
12855,12746,15
12856,12748,13
12857,12748,12
12858,12749,15
12859,12750,14
12860,12751,15
12861,12751,13
12862,12752,13
12863,12753,12
12864,12755,15
12865,12755,14
12866,12756,12
12867,12756,11
12868,12757,15
12869,12757,15
12870,12758,15
12871,12758,14
12872,12759,15
12873,12759,14
12874,12760,14
12875,12760,12
12876,12762,14
12877,12762,14
12878,12763,14
12879,12763,12
12880,12764,13
12881,12764,14
12882,12765,13
12883,12765,11
12884,12767,11
12885,12770,12
12886,12770,12
12887,12772,11
12888,12772,12
12889,12774,15
12890,12774,15
12891,12777,14
12892,12779,14
12893,12780,15
12894,12780,15
12895,12782,14
12896,12783,15
12897,12783,13
12898,12785,14
12899,12785,12
12900,12786,12
12901,12787,11
12902,12787,12
12903,12788,14
12904,12790,15
12905,12790,12
12906,12791,14
12907,12792,13
12908,12793,13
12909,12793,13
12910,12795,11
12911,12795,12
12912,12797,11
12913,12797,15
12914,12799,11
12915,12801,12
12916,12801,11
12917,12803,11
12918,12803,13
12919,12804,12
12920,12805,14
12921,12806,15
12922,12806,13
12923,12811,13
12924,12811,14
12925,12812,15
12926,12812,14
12927,12813,13
12928,12813,13
12929,12814,13
12930,12814,14
12931,12817,11
12932,12817,15
12933,12818,12
12934,12818,15
12935,12819,12
12936,12819,11
12937,12820,13
12938,12820,11
12939,12821,14
12940,12823,12
12941,12823,11
12942,12825,15
12943,12825,14
12944,12826,15
12945,12826,14
12946,12827,15
12947,12828,12
12948,12829,11
12949,12831,12
12950,12831,13
12951,12833,15
12952,12834,12
12953,12835,15
12954,12835,12
12955,12836,12
12956,12839,11
12957,12839,11
12958,12840,12
12959,12840,13
12960,12841,11
12961,12841,14
12962,12843,11
12963,12844,12
12964,12844,15
12965,12845,14
12966,12846,11
12967,12846,11
12968,12847,14
12969,12847,15
12970,12849,13
12971,12849,15
12972,12850,15
12973,12852,11
12974,12853,13
12975,12853,11
12976,12855,15
12977,12855,15
12978,12857,14
12979,12857,14
12980,12858,14
12981,12860,12
12982,12860,11
12983,12861,13
12984,12862,11
12985,12864,13
12986,12865,14
12987,12865,12
12988,12868,13
12989,12869,15
12990,12869,15
12991,12870,14
12992,12872,13
12993,12876,11
12994,12876,15
12995,12877,14
12996,12880,12
12997,12880,12
12998,12881,15
12999,12882,13
13000,12882,12
13001,12883,13
13002,12884,13
13003,12884,13
13004,12886,14
13005,12886,15
13006,12887,12
13007,12889,15
13008,12889,15
13009,12892,12
13010,12895,15
13011,12896,13
13012,12896,15
13013,12897,11
13014,12898,14
13015,12900,12
13016,12901,11
13017,12902,11
13018,12902,15
13019,12904,13
13020,12904,15
13021,12905,13
13022,12906,15
13023,12906,15
13024,12911,12
13025,12912,13
13026,12913,15
13027,12914,13
13028,12917,14
13029,12917,14
13030,12918,13
13031,12918,14
13032,12919,15
13033,12919,14
13034,12920,13
13035,12920,14
13036,12921,15
13037,12921,14
13038,12922,15
13039,12922,11
13040,12923,15
13041,12924,13
13042,12924,13
13043,12925,11
13044,12925,12
13045,12926,11
13046,12927,14
13047,12928,11
13048,12928,11
13049,12929,13
13050,12930,13
13051,12931,14
13052,12932,12
13053,12932,13
13054,12934,15
13055,12935,12
13056,12936,15
13057,12937,11
13058,12938,15
13059,12939,13
13060,12940,13
13061,12941,15
13062,12942,13
13063,12944,14
13064,12945,11
13065,12946,13
13066,12950,15
13067,12950,14
13068,12951,14
13069,12952,14
13070,12952,15
13071,12953,14
13072,12956,14
13073,12957,11
13074,12958,12
13075,12958,11
13076,12960,14
13077,12961,14
13078,12961,11
13079,12962,12
13080,12963,14
13081,12964,14
13082,12965,14
13083,12966,14
13084,12966,12
13085,12967,14
13086,12968,12
13087,12968,12
13088,12969,11
13089,12970,13
13090,12970,12
13091,12971,14
13092,12971,13
13093,12972,12
13094,12974,14
13095,12974,12
13096,12977,15
13097,12980,12
13098,12980,15
13099,12981,14
13100,12982,11
13101,12982,12
13102,12983,12
13103,12985,12
13104,12985,15
13105,12986,14
13106,12988,12
13107,12989,11
13108,12992,11
13109,12993,15
13110,12995,11
13111,12996,12
13112,12996,14
13113,12997,12
13114,12997,14
13115,12998,13
13116,12998,12
13117,12999,11
13118,12999,13
13119,13000,14
13120,13002,12
13121,13002,14
13122,13003,11
13123,13003,12
13124,13004,12
13125,13005,11
13126,13005,13
13127,13007,14
13128,13007,13
13129,13008,15
13130,13010,12
13131,13012,15
13132,13012,14
13133,13013,12
13134,13013,14
13135,13014,11
13136,13014,12
13137,13015,12
13138,13015,11
13139,13018,14
13140,13018,15
13141,13019,13
13142,13019,13
13143,13023,15
13144,13023,11
13145,13025,14
13146,13026,14
13147,13028,13
13148,13029,12
13149,13029,11
13150,13030,15
13151,13031,15
13152,13035,12
13153,13036,13
13154,13037,13
13155,13038,11
13156,13038,12
13157,13039,12
13158,13039,12
13159,13040,14
13160,13042,12
13161,13042,15
13162,13043,11
13163,13043,14
13164,13044,12
13165,13045,14
13166,13045,14
13167,13047,12
13168,13050,11
13169,13050,14
13170,13051,15
13171,13052,11
13172,13052,14
13173,13053,13
13174,13054,12
13175,13054,14
13176,13055,11
13177,13056,13
13178,13057,11
13179,13058,12
13180,13058,14
13181,13060,11
13182,13062,14
13183,13063,13
13184,13063,11
13185,13064,15
13186,13064,13
13187,13065,12
13188,13065,15
13189,13067,14
13190,13067,14
13191,13068,15
13192,13071,13
13193,13073,12
13194,13073,11
13195,13075,14
13196,13075,11
13197,13076,14
13198,13078,15
13199,13080,12
13200,13080,11
13201,13081,15
13202,13082,15
13203,13082,15
13204,13084,11
13205,13084,15
13206,13085,14
13207,13085,11
13208,13089,12
13209,13089,15
13210,13090,13
13211,13091,14
13212,13091,15
13213,13092,13
13214,13092,12
13215,13093,14
13216,13094,12
13217,13094,15
13218,13095,12
13219,13095,15
13220,13096,14
13221,13097,14
13222,13097,13
13223,13098,13
13224,13099,14
13225,13099,15
13226,13100,13
13227,13100,11
13228,13104,15
13229,13104,14
13230,13105,15
13231,13105,13
13232,13106,13
13233,13106,14
13234,13108,13
13235,13108,11
13236,13109,11
13237,13111,15
13238,13112,14
13239,13112,11
13240,13115,12
13241,13116,15
13242,13117,11
13243,13117,11
13244,13118,11
13245,13118,11
13246,13120,14
13247,13121,15
13248,13121,15
13249,13122,14
13250,13123,14
13251,13123,11
13252,13124,15
13253,13124,12
13254,13125,11
13255,13125,15
13256,13126,14
13257,13127,14
13258,13127,15
13259,13128,13
13260,13128,11
13261,13129,14
13262,13129,12
13263,13130,14
13264,13130,15
13265,13131,13
13266,13134,13
13267,13135,11
13268,13135,13
13269,13136,13
13270,13139,13
13271,13140,15
13272,13142,12
13273,13142,11
13274,13143,15
13275,13143,14
13276,13144,14
13277,13145,13
13278,13146,12
13279,13146,11
13280,13147,11
13281,13149,11
13282,13151,12
13283,13151,13
13284,13152,11
13285,13152,11
13286,13155,11
13287,13155,12
13288,13157,11
13289,13158,11
13290,13158,12
13291,13159,12
13292,13160,14
13293,13161,12
13294,13162,15
13295,13162,11
13296,13163,11
13297,13164,12
13298,13165,12
13299,13168,13
13300,13169,14
13301,13169,12
13302,13170,11
13303,13171,13
13304,13171,11
13305,13172,14
13306,13172,11
13307,13173,12
13308,13174,12
13309,13175,14
13310,13175,12
13311,13177,15
13312,13177,12
13313,13178,14
13314,13180,13
13315,13181,12
13316,13181,11
13317,13183,15
13318,13183,12
13319,13184,12
13320,13187,13
13321,13189,14
13322,13190,15
13323,13194,14
13324,13196,13
13325,13196,14
13326,13199,14
13327,13199,13
13328,13200,15
13329,13200,11
13330,13202,13
13331,13202,14
13332,13203,11
13333,13203,15
13334,13204,14
13335,13204,14
13336,13207,11
13337,13208,14
13338,13208,14
13339,13214,11
13340,13214,11
13341,13215,14
13342,13215,14
13343,13216,12
13344,13216,12
13345,13219,15
13346,13219,15
13347,13220,15
13348,13221,11
13349,13222,15
13350,13223,11
13351,13225,15
13352,13226,13
13353,13228,13
13354,13228,13
13355,13230,11
13356,13231,13
13357,13232,13
13358,13234,13
13359,13235,13
13360,13235,11
13361,13237,13
13362,13237,12
13363,13238,15
13364,13238,13
13365,13240,14
13366,13241,13
13367,13242,12
13368,13243,15
13369,13244,13
13370,13245,11
13371,13245,15
13372,13247,15
13373,13248,12
13374,13250,15
13375,13250,13
13376,13252,12
13377,13252,12
13378,13253,13
13379,13253,14
13380,13257,14
13381,13259,15
13382,13260,11
13383,13260,11
13384,13261,13
13385,13263,11
13386,13265,12
13387,13269,13
13388,13269,13
13389,13270,12
13390,13273,14
13391,13278,12
13392,13280,15
13393,13284,12
13394,13285,15
13395,13286,13
13396,13286,12
13397,13289,14
13398,13290,14
13399,13290,11
13400,13291,12
13401,13295,12
13402,13296,13
13403,13296,12
13404,13298,11
13405,13298,12
13406,13299,13
13407,13300,13
13408,13300,13
13409,13301,12
13410,13302,14
13411,13302,15
13412,13305,15
13413,13305,13
13414,13307,14
13415,13308,13
13416,13308,13
13417,13310,14
13418,13310,15
13419,13313,14
13420,13314,15
13421,13314,11
13422,13315,15
13423,13315,11
13424,13316,11
13425,13316,13
13426,13318,13
13427,13318,13
13428,13319,13
13429,13321,14
13430,13321,12
13431,13322,13
13432,13326,15
13433,13326,14
13434,13327,13
13435,13330,14
13436,13331,13
13437,13332,15
13438,13332,13
13439,13333,11
13440,13334,13
13441,13334,15
13442,13336,14
13443,13337,11
13444,13338,14
13445,13339,12
13446,13340,15
13447,13340,11
13448,13341,15
13449,13345,12
13450,13346,14
13451,13347,12
13452,13348,14
13453,13349,14
13454,13349,13
13455,13350,15
13456,13350,13
13457,13352,14
13458,13353,15
13459,13354,12
13460,13354,11
13461,13356,14
13462,13358,15
13463,13359,11
13464,13361,11
13465,13362,11
13466,13363,11
13467,13363,15
13468,13364,14
13469,13366,12
13470,13368,15
13471,13368,12
13472,13369,11
13473,13369,13
13474,13370,14
13475,13371,13
13476,13372,14
13477,13372,14
13478,13373,13
13479,13373,12
13480,13374,11
13481,13374,13
13482,13375,14
13483,13376,12
13484,13377,11
13485,13377,14
13486,13379,12
13487,13379,14
13488,13380,13
13489,13381,15
13490,13382,12
13491,13382,15
13492,13383,14
13493,13383,14
13494,13386,13
13495,13386,11
13496,13388,15
13497,13390,14
13498,13390,13
13499,13391,13
13500,13391,14
13501,13393,12
13502,13393,14
13503,13394,14
13504,13394,12
13505,13397,15
13506,13398,15
13507,13398,12
13508,13401,14
13509,13402,14
13510,13402,15
13511,13405,15
13512,13405,11
13513,13406,13
13514,13406,12
13515,13409,11
13516,13409,12
13517,13410,13
13518,13410,15
13519,13411,14
13520,13413,15
13521,13413,11
13522,13414,12
13523,13415,12
13524,13415,13
13525,13417,11
13526,13417,11
13527,13418,11
13528,13419,12
13529,13421,15
13530,13423,15
13531,13424,13
13532,13424,15
13533,13425,11
13534,13425,11
13535,13426,13
13536,13426,15
13537,13427,14
13538,13428,11
13539,13430,11
13540,13431,14
13541,13431,13
13542,13432,15
13543,13433,15
13544,13434,14
13545,13435,11
13546,13436,15
13547,13437,13
13548,13437,11
13549,13438,14
13550,13439,11
13551,13439,14
13552,13440,12
13553,13444,15
13554,13446,13
13555,13447,14
13556,13447,12
13557,13448,12
13558,13448,13
13559,13449,15
13560,13449,12
13561,13452,14
13562,13452,12
13563,13453,14
13564,13453,11
13565,13455,12
13566,13455,14
13567,13456,12
13568,13458,15
13569,13459,13
13570,13460,12
13571,13461,14
13572,13462,11
13573,13463,13
13574,13464,14
13575,13464,14
13576,13465,14
13577,13465,11
13578,13466,13
13579,13467,15
13580,13467,15
13581,13469,11
13582,13470,14
13583,13470,11
13584,13471,14
13585,13473,11
13586,13473,15
13587,13475,15
13588,13475,11
13589,13479,12
13590,13480,12
13591,13483,15
13592,13483,15
13593,13484,14
13594,13484,11
13595,13485,12
13596,13487,12
13597,13491,14
13598,13493,11
13599,13497,15
13600,13498,13
13601,13498,15
13602,13499,12
13603,13500,11
13604,13501,11
13605,13501,13
13606,13503,14
13607,13503,15
13608,13504,12
13609,13504,15
13610,13505,12
13611,13505,13
13612,13506,12
13613,13509,14
13614,13509,12
13615,13514,15
13616,13514,14
13617,13515,11
13618,13515,15
13619,13517,11
13620,13518,14
13621,13522,11
13622,13524,15
13623,13524,11
13624,13525,15
13625,13529,14
13626,13531,15
13627,13531,11
13628,13533,12
13629,13533,11
13630,13534,15
13631,13534,13
13632,13535,12
13633,13536,13
13634,13537,15
13635,13539,12
13636,13539,11
13637,13541,14
13638,13542,15
13639,13542,14
13640,13543,11
13641,13543,12
13642,13544,13
13643,13545,15
13644,13545,13
13645,13546,11
13646,13547,14
13647,13547,14
13648,13548,12
13649,13549,11
13650,13549,13
13651,13550,11
13652,13550,15
13653,13552,12
13654,13552,12
13655,13554,13
13656,13554,14
13657,13557,12
13658,13557,12
13659,13558,12
13660,13558,12
13661,13561,15
13662,13562,12
13663,13564,13
13664,13566,13
13665,13566,11
13666,13569,11
13667,13570,14
13668,13571,11
13669,13571,15
13670,13572,15
13671,13572,14
13672,13573,13
13673,13575,15
13674,13577,15
13675,13578,15
13676,13578,14
13677,13579,15
13678,13582,11
13679,13582,14
13680,13583,13
13681,13584,12
13682,13586,13
13683,13586,11
13684,13587,15
13685,13588,14
13686,13588,13
13687,13589,12
13688,13589,12
13689,13590,11
13690,13592,15
13691,13592,11
13692,13594,15
13693,13595,11
13694,13597,14
13695,13598,11
13696,13598,14
13697,13599,13
13698,13600,14
13699,13600,15
13700,13602,11
13701,13603,11
13702,13603,11
13703,13604,14
13704,13604,14
13705,13605,14
13706,13606,11
13707,13607,14
13708,13607,13
13709,13608,15
13710,13608,11
13711,13609,14
13712,13609,12
13713,13611,12
13714,13613,11
13715,13614,15
13716,13614,12
13717,13615,15
13718,13615,13
13719,13616,12
13720,13616,12
13721,13617,12
13722,13617,13
13723,13619,13
13724,13620,14
13725,13622,12
13726,13623,12
13727,13624,12
13728,13624,12
13729,13630,11
13730,13630,15
13731,13632,14
13732,13634,15
13733,13634,15
13734,13635,11
13735,13638,14
13736,13638,11
13737,13641,11
13738,13642,14
13739,13643,13
13740,13644,12
13741,13645,13
13742,13645,15
13743,13646,13
13744,13646,13
13745,13647,11
13746,13648,11
13747,13649,15
13748,13650,14
13749,13651,12
13750,13651,11
13751,13652,12
13752,13652,13
13753,13653,12
13754,13653,13
13755,13656,12
13756,13657,12
13757,13657,12
13758,13658,15
13759,13659,11
13760,13660,12
13761,13660,12
13762,13662,13
13763,13662,11
13764,13663,11
13765,13663,14
13766,13664,12
13767,13664,14
13768,13665,13
13769,13665,12
13770,13667,15
13771,13667,11
13772,13668,14
13773,13669,14
13774,13669,12
13775,13670,15
13776,13670,12
13777,13671,15
13778,13671,12
13779,13674,14
13780,13674,14
13781,13675,13
13782,13675,15
13783,13676,14
13784,13676,12
13785,13677,12
13786,13678,15
13787,13679,13
13788,13680,13
13789,13680,12
13790,13681,15
13791,13682,12
13792,13682,11
13793,13683,12
13794,13685,13
13795,13686,12
13796,13686,11
13797,13687,14
13798,13689,14
13799,13690,14
13800,13691,12
13801,13691,11
13802,13694,13
13803,13694,15
13804,13695,14
13805,13695,15
13806,13697,11
13807,13697,15
13808,13698,15
13809,13698,14
13810,13700,11
13811,13701,14
13812,13702,11
13813,13704,13
13814,13704,11
13815,13705,12
13816,13705,11
13817,13706,12
13818,13707,13
13819,13708,14
13820,13708,13
13821,13709,14
13822,13710,14
13823,13710,13
13824,13711,14
13825,13712,12
13826,13714,14
13827,13714,14
13828,13715,15
13829,13716,14
13830,13717,13
13831,13717,15
13832,13718,11
13833,13718,13
13834,13722,14
13835,13724,14
13836,13725,14
13837,13726,13
13838,13727,14
13839,13728,11
13840,13729,14
13841,13731,14
13842,13732,13
13843,13732,11
13844,13733,12
13845,13736,13
13846,13737,14
13847,13738,15
13848,13738,12
13849,13739,12
13850,13739,11
13851,13740,13
13852,13741,12
13853,13743,15
13854,13745,15
13855,13746,15
13856,13747,13
13857,13751,12
13858,13751,13
13859,13752,15
13860,13752,12
13861,13754,15
13862,13754,14
13863,13755,13
13864,13757,12
13865,13760,12
13866,13761,14
13867,13763,13
13868,13763,14
13869,13764,13
13870,13767,12
13871,13770,15
13872,13773,11
13873,13773,14
13874,13776,12
13875,13776,15
13876,13777,15
13877,13777,15
13878,13778,13
13879,13780,15
13880,13780,11
13881,13781,12
13882,13782,13
13883,13782,15
13884,13783,12
13885,13783,14
13886,13786,12
13887,13787,14
13888,13788,11
13889,13790,14
13890,13791,11
13891,13791,14
13892,13794,13
13893,13796,11
13894,13796,11
13895,13797,11
13896,13798,11
13897,13799,13
13898,13800,13
13899,13801,13
13900,13804,15
13901,13804,12
13902,13805,15
13903,13805,12
13904,13807,11
13905,13808,13
13906,13811,12
13907,13811,13
13908,13812,14
13909,13812,15
13910,13814,12
13911,13815,13
13912,13818,11
13913,13822,13
13914,13824,13
13915,13824,15
13916,13825,12
13917,13825,12
13918,13826,14
13919,13826,14
13920,13827,12
13921,13828,13
13922,13828,12
13923,13830,11
13924,13830,13
13925,13832,11
13926,13834,15
13927,13834,12
13928,13835,11
13929,13835,12
13930,13836,15
13931,13837,14
13932,13837,13
13933,13839,11
13934,13839,13
13935,13840,15
13936,13840,13
13937,13841,13
13938,13841,15
13939,13843,11
13940,13843,11
13941,13844,11
13942,13845,12
13943,13845,14
13944,13847,14
13945,13848,15
13946,13849,12
13947,13850,15
13948,13851,13
13949,13852,14
13950,13853,11
13951,13853,13
13952,13854,13
13953,13854,11
13954,13855,12
13955,13856,13
13956,13856,12
13957,13858,15
13958,13860,11
13959,13861,11
13960,13861,12
13961,13862,14
13962,13862,11
13963,13867,12
13964,13868,13
13965,13869,13
13966,13869,12
13967,13870,12
13968,13871,14
13969,13871,12
13970,13873,15
13971,13874,12
13972,13874,13
13973,13875,15
13974,13877,14
13975,13878,14
13976,13878,14
13977,13879,13
13978,13879,13
13979,13881,12
13980,13881,11
13981,13882,12
13982,13883,15
13983,13887,14
13984,13888,14
13985,13889,11
13986,13889,15
13987,13890,14
13988,13892,12
13989,13895,13
13990,13895,11
13991,13896,12
13992,13896,11
13993,13897,11
13994,13898,12
13995,13898,15
13996,13899,12
13997,13899,14
13998,13900,12
13999,13901,12
14000,13903,12
14001,13905,11
14002,13906,13
14003,13906,15
14004,13909,12
14005,13909,14
14006,13911,13
14007,13911,12
14008,13915,14
14009,13916,15
14010,13916,11
14011,13918,12
14012,13919,11
14013,13919,11
14014,13920,11
14015,13921,14
14016,13921,12
14017,13923,15
14018,13924,14
14019,13927,15
14020,13927,13
14021,13930,13
14022,13931,12
14023,13932,11
14024,13933,15
14025,13933,14
14026,13934,11
14027,13935,12
14028,13935,15
14029,13936,15
14030,13937,14
14031,13937,14
14032,13943,11
14033,13943,15
14034,13947,12
14035,13947,12
14036,13949,11
14037,13949,15
14038,13950,15
14039,13951,15
14040,13954,15
14041,13954,12
14042,13955,13
14043,13955,14
14044,13956,11
14045,13957,15
14046,13958,12
14047,13959,14
14048,13959,13
14049,13960,11
14050,13962,13
14051,13962,13
14052,13965,11
14053,13965,12
14054,13966,14
14055,13967,14
14056,13967,14
14057,13969,13
14058,13969,11
14059,13970,15
14060,13970,13
14061,13971,11
14062,13971,13
14063,13973,11
14064,13973,14
14065,13976,14
14066,13981,15
14067,13981,13
14068,13984,13
14069,13984,15
14070,13985,13
14071,13987,11
14072,13988,11
14073,13990,14
14074,13990,13
14075,13991,11
14076,13991,13
14077,13992,11
14078,13993,12
14079,13993,13
14080,13995,15
14081,13995,15
14082,13996,11
14083,13997,11
14084,13997,12
14085,13998,11
14086,14001,11
14087,14002,14
14088,14002,11
14089,14003,11
14090,14004,14
14091,14006,12
14092,14007,13
14093,14007,12
14094,14009,12
14095,14010,12
14096,14011,15
14097,14011,12
14098,14012,15
14099,14013,14
14100,14014,14
14101,14016,14
14102,14016,12
14103,14017,14
14104,14017,13
14105,14018,15
14106,14018,11
14107,14021,13
14108,14022,14
14109,14024,15
14110,14024,11
14111,14025,12
14112,14025,11
14113,14027,14
14114,14027,12
14115,14031,14
14116,14031,13
14117,14034,14
14118,14034,13
14119,14035,12
14120,14035,14
14121,14036,14
14122,14039,11
14123,14039,11
14124,14041,13
14125,14042,14
14126,14043,15
14127,14044,15
14128,14044,11
14129,14045,13
14130,14045,14
14131,14046,12
14132,14046,13
14133,14048,13
14134,14048,13
14135,14049,13
14136,14050,12
14137,14050,12
14138,14051,15
14139,14051,12
14140,14053,13
14141,14055,13
14142,14056,13
14143,14056,11
14144,14059,11
14145,14059,12
14146,14060,15
14147,14062,14
14148,14062,12
14149,14063,13
14150,14063,12
14151,14064,11
14152,14067,13
14153,14067,14
14154,14068,15
14155,14072,14
14156,14072,12
14157,14073,13
14158,14075,14
14159,14075,12
14160,14076,12
14161,14076,15
14162,14077,13
14163,14079,15
14164,14079,15
14165,14081,15
14166,14085,13
14167,14085,11
14168,14086,12
14169,14086,14
14170,14088,14
14171,14089,14
14172,14093,14
14173,14093,12
14174,14094,15
14175,14094,14
14176,14096,15
14177,14096,13
14178,14098,11
14179,14098,11
14180,14099,15
14181,14100,14
14182,14100,12
14183,14101,11
14184,14101,14
14185,14102,11
14186,14102,13
14187,14104,14
14188,14104,15
14189,14105,14
14190,14105,11
14191,14106,13
14192,14106,11
14193,14107,13
14194,14107,11
14195,14109,14
14196,14109,15
14197,14110,11
14198,14110,15
14199,14111,12
14200,14111,12
14201,14112,14
14202,14113,11
14203,14114,14
14204,14114,15
14205,14117,14
14206,14117,13
14207,14120,15
14208,14120,14
14209,14121,11
14210,14123,13
14211,14124,14
14212,14125,11
14213,14125,13
14214,14126,11
14215,14127,13
14216,14129,14
14217,14129,14
14218,14130,13
14219,14130,15
14220,14131,13
14221,14133,14
14222,14133,12
14223,14136,15
14224,14136,14
14225,14137,15
14226,14138,11
14227,14139,11
14228,14139,12
14229,14140,14
14230,14141,14
14231,14141,13
14232,14144,11
14233,14144,12
14234,14146,12
14235,14147,11
14236,14148,12
14237,14150,11
14238,14150,15
14239,14153,15
14240,14154,13
14241,14157,14
14242,14158,14
14243,14158,13
14244,14159,15
14245,14159,13
14246,14160,12
14247,14160,12
14248,14163,13
14249,14163,14
14250,14164,15
14251,14165,15
14252,14166,11
14253,14166,13
14254,14167,13
14255,14169,14
14256,14169,14
14257,14170,11
14258,14172,15
14259,14173,12
14260,14173,11
14261,14174,11
14262,14174,15
14263,14176,13
14264,14176,12
14265,14180,14
14266,14180,14
14267,14182,11
14268,14185,11
14269,14185,13
14270,14187,13
14271,14187,14
14272,14190,13
14273,14191,15
14274,14191,11
14275,14194,11
14276,14194,12
14277,14195,11
14278,14195,15
14279,14197,11
14280,14197,12
14281,14198,15
14282,14198,12
14283,14199,12
14284,14199,12
14285,14200,11
14286,14201,11
14287,14201,11
14288,14203,12
14289,14203,14
14290,14204,11
14291,14205,14
14292,14206,13
14293,14206,11
14294,14207,11
14295,14207,15
14296,14208,12
14297,14210,14
14298,14210,15
14299,14211,13
14300,14211,14
14301,14212,13
14302,14213,14
14303,14213,13
14304,14214,14
14305,14215,11
14306,14218,15
14307,14220,15
14308,14220,12
14309,14221,13
14310,14221,11
14311,14223,12
14312,14224,13
14313,14224,14
14314,14225,14
14315,14226,12
14316,14227,13
14317,14227,14
14318,14228,13
14319,14228,15
14320,14230,15
14321,14233,14
14322,14235,12
14323,14235,11
14324,14236,11
14325,14236,11
14326,14237,11
14327,14239,14
14328,14242,14
14329,14243,14
14330,14244,11
14331,14244,12
14332,14246,13
14333,14246,12
14334,14248,13
14335,14251,11
14336,14251,11
14337,14252,11
14338,14252,13
14339,14254,14
14340,14254,14
14341,14255,14
14342,14255,14
14343,14256,15
14344,14256,12
14345,14257,12
14346,14258,15
14347,14258,11
14348,14259,15
14349,14259,15
14350,14261,13
14351,14262,11
14352,14264,11
14353,14265,12
14354,14265,11
14355,14269,14
14356,14269,12
14357,14270,14
14358,14271,15
14359,14272,14
14360,14272,11
14361,14273,14
14362,14273,14
14363,14274,13
14364,14274,15
14365,14275,11
14366,14275,15
14367,14276,11
14368,14277,11
14369,14279,13
14370,14279,14
14371,14280,11
14372,14283,15
14373,14283,14
14374,14284,11
14375,14284,11
14376,14285,12
14377,14285,13
14378,14286,14
14379,14286,13
14380,14289,11
14381,14289,15
14382,14290,11
14383,14290,15
14384,14291,12
14385,14291,14
14386,14293,12
14387,14294,14
14388,14294,11
14389,14296,12
14390,14297,11
14391,14297,11
14392,14298,15
14393,14298,15
14394,14301,11
14395,14302,12
14396,14302,15
14397,14305,12
14398,14305,11
14399,14306,11
14400,14306,15
14401,14310,15
14402,14310,14
14403,14312,13
14404,14312,12
14405,14314,15
14406,14315,11
14407,14316,15
14408,14317,14
14409,14317,15
14410,14318,15
14411,14318,13
14412,14319,13
14413,14319,15
14414,14320,15
14415,14323,13
14416,14323,12
14417,14324,14
14418,14325,11
14419,14325,13
14420,14326,13
14421,14326,11
14422,14328,13
14423,14329,13
14424,14329,13
14425,14330,11
14426,14330,11
14427,14332,14
14428,14333,13
14429,14333,11
14430,14334,12
14431,14335,12
14432,14335,13
14433,14337,14
14434,14337,15
14435,14339,12
14436,14340,13
14437,14340,13
14438,14341,12
14439,14341,11
14440,14342,11
14441,14345,11
14442,14346,11
14443,14347,15
14444,14347,15
14445,14348,15
14446,14349,15
14447,14349,12
14448,14350,15
14449,14350,14
14450,14353,13
14451,14353,11
14452,14354,13
14453,14354,15
14454,14355,15
14455,14357,15
14456,14358,14
14457,14359,12
14458,14360,12
14459,14361,11
14460,14361,15
14461,14362,11
14462,14363,15
14463,14363,11
14464,14364,12
14465,14365,13
14466,14367,11
14467,14367,11
14468,14368,14
14469,14368,14
14470,14369,12
14471,14370,15
14472,14370,13
14473,14371,11
14474,14372,11
14475,14373,15
14476,14374,13
14477,14374,14
14478,14375,13
14479,14377,12
14480,14377,15
14481,14378,11
14482,14378,12
14483,14382,14
14484,14382,14
14485,14383,11
14486,14384,14
14487,14384,15
14488,14386,13
14489,14389,11
14490,14390,12
14491,14390,13
14492,14394,15
14493,14395,14
14494,14396,11
14495,14398,14
14496,14398,11
14497,14400,11
14498,14401,14
14499,14402,14
14500,14404,14
14501,14405,11
14502,14406,11
14503,14406,15
14504,14407,13
14505,14408,15
14506,14409,13
14507,14409,15
14508,14410,11
14509,14411,12
14510,14412,15
14511,14412,11
14512,14413,14
14513,14414,13
14514,14414,12
14515,14415,15
14516,14415,14
14517,14417,11
14518,14422,11
14519,14424,13
14520,14425,14
14521,14425,14
14522,14428,15
14523,14428,12
14524,14429,15
14525,14434,12
14526,14435,11
14527,14435,13
14528,14436,14
14529,14436,14
14530,14437,12
14531,14437,14
14532,14438,14
14533,14438,13
14534,14439,14
14535,14443,13
14536,14446,13
14537,14448,15
14538,14449,11
14539,14449,15
14540,14450,14
14541,14450,14
14542,14451,15
14543,14451,12
14544,14453,11
14545,14454,15
14546,14458,15
14547,14458,11
14548,14459,13
14549,14460,14
14550,14460,11
14551,14465,12
14552,14468,11
14553,14472,15
14554,14472,14
14555,14473,13
14556,14473,15
14557,14475,12
14558,14475,12
14559,14476,15
14560,14477,15
14561,14477,15
14562,14479,12
14563,14479,14
14564,14480,12
14565,14481,13
14566,14482,12
14567,14483,14
14568,14483,14
14569,14485,15
14570,14485,13
14571,14488,13
14572,14489,11
14573,14489,13
14574,14490,11
14575,14490,14
14576,14491,12
14577,14491,12
14578,14494,13
14579,14494,12
14580,14495,12
14581,14495,14
14582,14496,14
14583,14496,11
14584,14497,12
14585,14501,12
14586,14501,11
14587,14502,15
14588,14503,15
14589,14503,12
14590,14504,12
14591,14504,13
14592,14506,15
14593,14507,14
14594,14507,13
14595,14510,13
14596,14511,15
14597,14512,15
14598,14512,14
14599,14515,13
14600,14516,15
14601,14517,13
14602,14518,12
14603,14519,11
14604,14521,11
14605,14521,13
14606,14522,14
14607,14522,13
14608,14524,13
14609,14524,11
14610,14525,13
14611,14525,13
14612,14526,14
14613,14526,11
14614,14527,15
14615,14527,12
14616,14528,11
14617,14528,15
14618,14529,14
14619,14530,14
14620,14533,12
14621,14534,11
14622,14535,11
14623,14537,11
14624,14537,11
14625,14538,14
14626,14538,11
14627,14540,12
14628,14540,11
14629,14541,12
14630,14543,15
14631,14543,13
14632,14544,13
14633,14545,14
14634,14547,11
14635,14548,14
14636,14548,12
14637,14549,12
14638,14551,14
14639,14553,14
14640,14553,14
14641,14554,14
14642,14555,15
14643,14555,12
14644,14556,11
14645,14556,14
14646,14558,15
14647,14558,15
14648,14559,13
14649,14562,14
14650,14563,12
14651,14565,13
14652,14565,11
14653,14566,14
14654,14569,12
14655,14570,12
14656,14571,13
14657,14571,12
14658,14574,13
14659,14575,11
14660,14575,11
14661,14576,11
14662,14577,11
14663,14577,13
14664,14578,12
14665,14579,14
14666,14579,12
14667,14581,12
14668,14582,13
14669,14583,15
14670,14583,12
14671,14584,12
14672,14585,15
14673,14585,13
14674,14587,11
14675,14588,15
14676,14588,11
14677,14589,14
14678,14590,13
14679,14591,11
14680,14592,13
14681,14592,14
14682,14594,11
14683,14594,11
14684,14595,13
14685,14598,15
14686,14598,12
14687,14600,12
14688,14600,13
14689,14601,11
14690,14601,13
14691,14603,12
14692,14603,13
14693,14604,13
14694,14607,13
14695,14607,11
14696,14608,13
14697,14609,15
14698,14609,13
14699,14610,14
14700,14612,12
14701,14612,14
14702,14613,12
14703,14613,11
14704,14614,13
14705,14614,11
14706,14615,13
14707,14616,12
14708,14617,13
14709,14617,13
14710,14618,14
14711,14618,13
14712,14621,13
14713,14622,12
14714,14622,12
14715,14623,15
14716,14625,12
14717,14625,11
14718,14626,14
14719,14626,13
14720,14627,14
14721,14630,15
14722,14630,12
14723,14632,13
14724,14632,11
14725,14633,12
14726,14633,14
14727,14634,15
14728,14635,14
14729,14635,14
14730,14636,15
14731,14638,13
14732,14638,15
14733,14639,11
14734,14639,15
14735,14642,15
14736,14643,12
14737,14643,12
14738,14644,13
14739,14644,12
14740,14645,12
14741,14645,14
14742,14646,15
14743,14646,12
14744,14647,13
14745,14649,12
14746,14649,13
14747,14650,15
14748,14650,12
14749,14651,13
14750,14652,15
14751,14652,13
14752,14653,13
14753,14654,14
14754,14654,12
14755,14655,11
14756,14655,14
14757,14656,13
14758,14656,12
14759,14659,14
14760,14659,15
14761,14660,11
14762,14660,14
14763,14661,15
14764,14662,11
14765,14663,12
14766,14663,15
14767,14666,15
14768,14667,12
14769,14667,11
14770,14669,14
14771,14671,14
14772,14671,12
14773,14672,12
14774,14674,13
14775,14674,14
14776,14676,15
14777,14678,14
14778,14678,14
14779,14679,14
14780,14680,15
14781,14680,14
14782,14681,12
14783,14681,15
14784,14682,14
14785,14682,15
14786,14683,13
14787,14683,14
14788,14684,11
14789,14684,13
14790,14685,11
14791,14686,14
14792,14686,14
14793,14687,11
14794,14688,12
14795,14689,11
14796,14690,13
14797,14691,11
14798,14693,11
14799,14695,15
14800,14696,15
14801,14697,13
14802,14697,12
14803,14700,11
14804,14700,14
14805,14701,15
14806,14701,12
14807,14702,13
14808,14702,14
14809,14703,11
14810,14705,14
14811,14706,11
14812,14707,13
14813,14708,12
14814,14710,15
14815,14711,13
14816,14714,13
14817,14714,12
14818,14715,11
14819,14716,13
14820,14716,11
14821,14718,14
14822,14719,11
14823,14720,15
14824,14724,13
14825,14727,13
14826,14728,11
14827,14730,12
14828,14732,13
14829,14732,11
14830,14733,15
14831,14734,13
14832,14737,13
14833,14739,14
14834,14741,12
14835,14741,11
14836,14742,13
14837,14743,14
14838,14743,14
14839,14746,14
14840,14747,11
14841,14748,13
14842,14748,13
14843,14749,15
14844,14749,15
14845,14750,12
14846,14750,14
14847,14752,14
14848,14753,14
14849,14753,13
14850,14755,11
14851,14755,11
14852,14756,11
14853,14756,11
14854,14758,11
14855,14758,15
14856,14759,14
14857,14759,14
14858,14761,15
14859,14761,15
14860,14764,14
14861,14765,13
14862,14766,14
14863,14767,14
14864,14767,14
14865,14768,11
14866,14768,14
14867,14769,13
14868,14771,15
14869,14771,15
14870,14772,12
14871,14773,13
14872,14773,11
14873,14774,12
14874,14775,15
14875,14775,14
14876,14776,11
14877,14777,14
14878,14781,12
14879,14782,11
14880,14783,12
14881,14783,15
14882,14785,12
14883,14787,13
14884,14788,14
14885,14789,15
14886,14795,11
14887,14795,11
14888,14796,15
14889,14797,13
14890,14797,12
14891,14798,14
14892,14798,14
14893,14799,14
14894,14800,11
14895,14800,12
14896,14801,12
14897,14802,12
14898,14802,13
14899,14803,13
14900,14805,14
14901,14806,14
14902,14806,11
14903,14807,11
14904,14808,15
14905,14809,13
14906,14812,15
14907,14812,12
14908,14813,13
14909,14814,15
14910,14818,11
14911,14818,12
14912,14819,15
14913,14819,14
14914,14820,13
14915,14821,14
14916,14821,12
14917,14822,11
14918,14822,13
14919,14824,11
14920,14825,14
14921,14825,14
14922,14826,14
14923,14826,12
14924,14828,14
14925,14830,15
14926,14830,14
14927,14832,12
14928,14832,15
14929,14836,14
14930,14837,12
14931,14838,11
14932,14840,13
14933,14840,12
14934,14841,12
14935,14841,14
14936,14842,13
14937,14842,15
14938,14843,14
14939,14845,11
14940,14846,11
14941,14847,14
14942,14848,15
14943,14848,14
14944,14849,13
14945,14850,13
14946,14851,14
14947,14851,13
14948,14853,15
14949,14856,14
14950,14856,14
14951,14858,12
14952,14858,11
14953,14860,11
14954,14860,12
14955,14861,15
14956,14862,13
14957,14863,11
14958,14863,14
14959,14864,11
14960,14865,15
14961,14867,13
14962,14867,11
14963,14868,13
14964,14869,11
14965,14869,13
14966,14870,14
14967,14872,11
14968,14872,11
14969,14873,14
14970,14873,12
14971,14876,12
14972,14876,14
14973,14880,13
14974,14880,11
14975,14881,15
14976,14881,14
14977,14882,11
14978,14883,14
14979,14883,11
14980,14884,12
14981,14884,11
14982,14885,13
14983,14886,11
14984,14887,15
14985,14888,15
14986,14889,12
14987,14889,12
14988,14891,11
14989,14892,14
14990,14893,15
14991,14895,14
14992,14896,13
14993,14896,13
14994,14897,12
14995,14897,12
14996,14898,12
14997,14899,15
14998,14901,13
14999,14901,14
15000,14903,12
15001,14905,15
15002,14905,13
15003,14906,11
15004,14908,11
15005,14908,11
15006,14910,15
15007,14910,13
15008,14911,11
15009,14912,11
15010,14913,13
15011,14913,15
15012,14914,11
15013,14915,13
15014,14917,15
15015,14917,14
15016,14919,11
15017,14919,13
15018,14920,14
15019,14921,15
15020,14922,11
15021,14923,14
15022,14925,15
15023,14926,15
15024,14927,15
15025,14927,11
15026,14930,11
15027,14930,14
15028,14931,13
15029,14932,13
15030,14932,13
15031,14936,15
15032,14937,13
15033,14938,12
15034,14938,11
15035,14939,13
15036,14939,11
15037,14940,13
15038,14941,15
15039,14941,13
15040,14942,11
15041,14943,14
15042,14945,13
15043,14945,14
15044,14946,14
15045,14947,11
15046,14947,12
15047,14948,11
15048,14950,11
15049,14952,14
15050,14953,11
15051,14954,11
15052,14954,12
15053,14955,15
15054,14955,13
15055,14959,14
15056,14960,11
15057,14962,15
15058,14963,15
15059,14964,12
15060,14965,14
15061,14965,11
15062,14966,14
15063,14966,11
15064,14968,13
15065,14968,14
15066,14970,13
15067,14970,15
15068,14973,13
15069,14974,13
15070,14974,11
15071,14976,13
15072,14977,14
15073,14977,11
15074,14978,13
15075,14981,11
15076,14983,13
15077,14984,14
15078,14989,11
15079,14990,11
15080,14991,14
15081,14991,11
15082,14992,12
15083,14992,13
15084,14993,12
15085,14993,14
15086,14995,15
15087,14995,15
15088,14996,14
15089,14997,11
15090,14998,13
15091,14999,13
15092,14999,11
15093,15000,12
15094,15000,12
15095,15001,15
15096,15001,13
15097,15002,14
15098,15003,15
15099,15003,13
15100,15004,13
15101,15005,11
15102,15005,15
15103,15007,15
15104,15007,12
15105,15010,11
15106,15013,11
15107,15014,11
15108,15014,14
15109,15019,13
15110,15021,13
15111,15021,13
15112,15022,14
15113,15022,11
15114,15024,11
15115,15025,15
15116,15028,13
15117,15028,14
15118,15029,15
15119,15031,12
15120,15031,11
15121,15032,11
15122,15034,13
15123,15035,11
15124,15035,12
15125,15036,13
15126,15036,14
15127,15039,11
15128,15039,14
15129,15041,14
15130,15042,14
15131,15043,11
15132,15045,11
15133,15046,11
15134,15048,14
15135,15049,12
15136,15053,12
15137,15054,11
15138,15054,15
15139,15055,14
15140,15056,11
15141,15058,15
15142,15058,13
15143,15062,15
15144,15063,13
15145,15065,11
15146,15065,13
15147,15067,15
15148,15067,12
15149,15068,14
15150,15071,12
15151,15072,14
15152,15072,14
15153,15073,13
15154,15073,14
15155,15074,11
15156,15075,14
15157,15075,13
15158,15077,12
15159,15078,11
15160,15078,13
15161,15079,11
15162,15079,11
15163,15080,13
15164,15082,15
15165,15084,13
15166,15084,12
15167,15085,14
15168,15085,11
15169,15086,14
15170,15086,14
15171,15087,13
15172,15087,14
15173,15088,15
15174,15088,15
15175,15091,11
15176,15091,15
15177,15094,13
15178,15095,11
15179,15095,13
15180,15096,13
15181,15097,11
15182,15097,15
15183,15099,14
15184,15099,14
15185,15100,15
15186,15100,15
15187,15103,11
15188,15103,11
15189,15104,13
15190,15104,13
15191,15105,13
15192,15105,14
15193,15106,14
15194,15106,15
15195,15110,14
15196,15111,15
15197,15111,15
15198,15112,11
15199,15112,15
15200,15113,14
15201,15115,13
15202,15116,15
15203,15117,15
15204,15117,11
15205,15118,12
15206,15119,12
15207,15120,13
15208,15120,13
15209,15121,14
15210,15124,13
15211,15124,15
15212,15126,15
15213,15126,14
15214,15127,14
15215,15127,15
15216,15129,13
15217,15129,12
15218,15130,12
15219,15130,14
15220,15131,11
15221,15131,11
15222,15132,15
15223,15133,12
15224,15134,12
15225,15134,12
15226,15136,13
15227,15136,15
15228,15138,11
15229,15139,15
15230,15139,15
15231,15140,13
15232,15144,13
15233,15146,12
15234,15148,15
15235,15149,12
15236,15149,14
15237,15150,11
15238,15150,13
15239,15152,14
15240,15152,12
15241,15153,13
15242,15153,11
15243,15154,15
15244,15154,14
15245,15156,14
15246,15157,13
15247,15158,11
15248,15159,11
15249,15159,13
15250,15160,12
15251,15161,11
15252,15161,14
15253,15162,15
15254,15162,12
15255,15165,11
15256,15167,13
15257,15168,12
15258,15168,13
15259,15170,13
15260,15171,13
15261,15171,11
15262,15173,12
15263,15173,13
15264,15174,13
15265,15176,13
15266,15176,11
15267,15177,12
15268,15177,11
15269,15178,15
15270,15184,13
15271,15185,12
15272,15187,14
15273,15187,15
15274,15188,11
15275,15189,13
15276,15190,13
15277,15190,12
15278,15192,14
15279,15192,14
15280,15193,12
15281,15194,13
15282,15194,13
15283,15196,12
15284,15197,15
15285,15197,11
15286,15198,13
15287,15199,15
15288,15199,11
15289,15201,15
15290,15202,12
15291,15203,15
15292,15206,12
15293,15206,15
15294,15208,13
15295,15209,13
15296,15210,13
15297,15213,14
15298,15213,14
15299,15215,15
15300,15215,12
15301,15216,14
15302,15216,11
15303,15217,11
15304,15217,11
15305,15218,15
15306,15219,14
15307,15219,15
15308,15220,13
15309,15222,14
15310,15222,11
15311,15223,14
15312,15225,14
15313,15225,14
15314,15226,13
15315,15226,11
15316,15229,11
15317,15229,12
15318,15230,11
15319,15230,15
15320,15231,12
15321,15233,15
15322,15233,13
15323,15234,12
15324,15236,14
15325,15236,11
15326,15237,13
15327,15237,13
15328,15239,14
15329,15240,15
15330,15241,13
15331,15241,12
15332,15242,11
15333,15243,15
15334,15243,15
15335,15245,15
15336,15245,11
15337,15246,11
15338,15251,13
15339,15251,12
15340,15252,14
15341,15253,13
15342,15253,11
15343,15254,14
15344,15255,12
15345,15255,15
15346,15256,11
15347,15257,15
15348,15257,11
15349,15258,13
15350,15259,11
15351,15260,12
15352,15261,12
15353,15262,13
15354,15263,14
15355,15263,13
15356,15264,11
15357,15264,14
15358,15265,14
15359,15267,12
15360,15268,13
15361,15268,13
15362,15269,14
15363,15269,11
15364,15271,14
15365,15271,11
15366,15272,13
15367,15273,12
15368,15273,14
15369,15274,13
15370,15274,14
15371,15279,11
15372,15279,13
15373,15280,11
15374,15281,14
15375,15281,12
15376,15284,13
15377,15284,12
15378,15286,14
15379,15291,13
15380,15291,12
15381,15292,12
15382,15293,14
15383,15299,11
15384,15299,14
15385,15300,15
15386,15301,13
15387,15303,12
15388,15303,12
15389,15304,15
15390,15304,13
15391,15307,15
15392,15308,14
15393,15310,11
15394,15310,13
15395,15311,12
15396,15311,13
15397,15312,15
15398,15312,15
15399,15313,15
15400,15313,12
15401,15315,14
15402,15315,15
15403,15316,13
15404,15318,15
15405,15318,11
15406,15320,13
15407,15320,12
15408,15322,11
15409,15322,15
15410,15327,13
15411,15327,13
15412,15330,12
15413,15330,11
15414,15331,12
15415,15331,14
15416,15335,11
15417,15336,15
15418,15337,12
15419,15337,14
15420,15342,15
15421,15342,12
15422,15343,13
15423,15346,13
15424,15347,13
15425,15347,12
15426,15351,14
15427,15351,14
15428,15352,12
15429,15354,11
15430,15356,11
15431,15358,14
15432,15359,13
15433,15359,13
15434,15360,15
15435,15362,12
15436,15362,11
15437,15364,13
15438,15364,15
15439,15368,13
15440,15370,11
15441,15370,13
15442,15371,14
15443,15371,13
15444,15372,12
15445,15372,12
15446,15373,15
15447,15373,12
15448,15374,14
15449,15374,13
15450,15376,11
15451,15376,13
15452,15377,11
15453,15377,13
15454,15379,12
15455,15380,13
15456,15380,11
15457,15382,13
15458,15382,14
15459,15383,14
15460,15384,14
15461,15384,14
15462,15385,11
15463,15386,11
15464,15387,15
15465,15389,15
15466,15390,14
15467,15391,13
15468,15391,11
15469,15392,13
15470,15393,12
15471,15394,14
15472,15394,13
15473,15395,14
15474,15396,12
15475,15397,11
15476,15398,13
15477,15399,14
15478,15399,13
15479,15406,14
15480,15407,12
15481,15407,14
15482,15408,15
15483,15408,11
15484,15410,11
15485,15411,15
15486,15412,15
15487,15413,12
15488,15413,14
15489,15414,15
15490,15414,14
15491,15415,14
15492,15415,11
15493,15417,12
15494,15418,12
15495,15418,11
15496,15419,12
15497,15419,11
15498,15420,11
15499,15420,12
15500,15422,13
15501,15422,11
15502,15423,11
15503,15424,11
15504,15424,12
15505,15425,13
15506,15426,12
15507,15428,11
15508,15431,14
15509,15431,13
15510,15432,15
15511,15433,12
15512,15433,14
15513,15434,15
15514,15434,15
15515,15435,15
15516,15435,12
15517,15436,11
15518,15437,15
15519,15437,13
15520,15438,11
15521,15439,11
15522,15440,14
15523,15440,15
15524,15441,15
15525,15442,13
15526,15443,15
15527,15443,14
15528,15444,14
15529,15444,12
15530,15445,15
15531,15445,12
15532,15448,12
15533,15448,15
15534,15451,12
15535,15452,12
15536,15454,13
15537,15454,15
15538,15457,14
15539,15457,13
15540,15458,14
15541,15458,12
15542,15460,15
15543,15460,12
15544,15461,13
15545,15462,14
15546,15462,12
15547,15464,15
15548,15464,12
15549,15465,15
15550,15466,11
15551,15466,14
15552,15467,15
15553,15468,14
15554,15469,11
15555,15469,11
15556,15471,14
15557,15473,13
15558,15474,15
15559,15474,15
15560,15475,12
15561,15476,13
15562,15477,12
15563,15478,15
15564,15479,12
15565,15482,12
15566,15483,14
15567,15484,12
15568,15485,12
15569,15487,13
15570,15487,13
15571,15488,12
15572,15489,14
15573,15490,13
15574,15492,11
15575,15494,13
15576,15494,12
15577,15495,15
15578,15495,12
15579,15496,14
15580,15496,14
15581,15497,11
15582,15497,14
15583,15498,14
15584,15498,11
15585,15500,13
15586,15500,15
15587,15503,12
15588,15503,12
15589,15504,14
15590,15506,14
15591,15507,13
15592,15507,14
15593,15509,11
15594,15513,14
15595,15514,13
15596,15514,15
15597,15515,11
15598,15516,13
15599,15517,14
15600,15517,12
15601,15518,12
15602,15521,13
15603,15523,13
15604,15525,14
15605,15526,12
15606,15527,14
15607,15530,15
15608,15531,15
15609,15531,13
15610,15532,14
15611,15534,14
15612,15534,14
15613,15538,15
15614,15538,11
15615,15540,12
15616,15541,13
15617,15543,15
15618,15545,11
15619,15546,13
15620,15548,15
15621,15549,12
15622,15550,13
15623,15550,15
15624,15551,12
15625,15551,14
15626,15553,15
15627,15554,14
15628,15556,15
15629,15559,15
15630,15560,14
15631,15560,12
15632,15561,13
15633,15562,11
15634,15562,15
15635,15564,12
15636,15565,15
15637,15566,13
15638,15566,11
15639,15570,14
15640,15570,14
15641,15571,13
15642,15571,15
15643,15572,13
15644,15572,14
15645,15582,15
15646,15583,11
15647,15583,14
15648,15586,14
15649,15587,12
15650,15587,11
15651,15589,12
15652,15589,12
15653,15590,13
15654,15591,15
15655,15592,13
15656,15592,12
15657,15594,11
15658,15595,15
15659,15595,15
15660,15596,12
15661,15597,15
15662,15597,14
15663,15598,12
15664,15599,14
15665,15600,11
15666,15603,12
15667,15604,12
15668,15604,12
15669,15605,15
15670,15606,12
15671,15606,12
15672,15608,12
15673,15613,11
15674,15613,14
15675,15614,11
15676,15614,15
15677,15615,12
15678,15615,15
15679,15617,12
15680,15621,15
15681,15622,15
15682,15623,13
15683,15623,13
15684,15625,14
15685,15625,13
15686,15626,14
15687,15627,11
15688,15627,11
15689,15628,15
15690,15628,13
15691,15629,14
15692,15629,11
15693,15630,11
15694,15630,15
15695,15631,11
15696,15634,13
15697,15634,13
15698,15636,11
15699,15637,11
15700,15639,14
15701,15642,11
15702,15643,15
15703,15643,11
15704,15644,11
15705,15646,15
15706,15646,12
15707,15647,14
15708,15647,12
15709,15648,12
15710,15648,14
15711,15649,15
15712,15652,14
15713,15652,13
15714,15653,14
15715,15653,14
15716,15656,12
15717,15657,12
15718,15657,13
15719,15658,15
15720,15662,15
15721,15662,12
15722,15668,15
15723,15668,14
15724,15671,15
15725,15671,15
15726,15672,14
15727,15673,15
15728,15673,11
15729,15674,14
15730,15676,14
15731,15676,12
15732,15677,14
15733,15677,11
15734,15678,15
15735,15679,15
15736,15679,11
15737,15680,12
15738,15681,14
15739,15681,14
15740,15682,12
15741,15682,14
15742,15683,14
15743,15683,13
15744,15684,13
15745,15685,11
15746,15685,13
15747,15686,12
15748,15688,15
15749,15690,13
15750,15690,14
15751,15691,15
15752,15691,15
15753,15692,14
15754,15693,13
15755,15694,12
15756,15695,14
15757,15695,13
15758,15696,15
15759,15697,12
15760,15697,12
15761,15699,13
15762,15699,15
15763,15700,12
15764,15703,11
15765,15703,15
15766,15704,14
15767,15706,12
15768,15706,15
15769,15708,14
15770,15712,15
15771,15713,12
15772,15713,12
15773,15714,15
15774,15715,14
15775,15715,12
15776,15717,13
15777,15718,12
15778,15718,15
15779,15719,12
15780,15719,11
15781,15720,13
15782,15720,13
15783,15722,11
15784,15723,12
15785,15725,14
15786,15725,11
15787,15726,11
15788,15726,13
15789,15727,13
15790,15730,13
15791,15730,15
15792,15731,14
15793,15732,15
15794,15733,11
15795,15733,13
15796,15734,15
15797,15735,14
15798,15736,12
15799,15739,13
15800,15740,12
15801,15742,11
15802,15742,11
15803,15743,14
15804,15745,15
15805,15746,11
15806,15747,12
15807,15747,15
15808,15750,15
15809,15750,14
15810,15751,14
15811,15752,14
15812,15753,13
15813,15753,11
15814,15754,15
15815,15755,12
15816,15756,14
15817,15756,11
15818,15758,13
15819,15759,12
15820,15759,15
15821,15761,15
15822,15762,14
15823,15763,13
15824,15763,15
15825,15765,14
15826,15765,12
15827,15766,13
15828,15766,13
15829,15767,15
15830,15767,14
15831,15769,12
15832,15769,11
15833,15771,11
15834,15772,15
15835,15774,14
15836,15776,14
15837,15776,11
15838,15778,12
15839,15779,14
15840,15783,14
15841,15784,11
15842,15785,14
15843,15785,13
15844,15786,14
15845,15786,15
15846,15789,14
15847,15789,12
15848,15790,15
15849,15791,15
15850,15793,13
15851,15793,11
15852,15794,14
15853,15794,12
15854,15795,14
15855,15795,12
15856,15796,12
15857,15796,11
15858,15797,13
15859,15797,12
15860,15798,11
15861,15798,14
15862,15799,11
15863,15800,13
15864,15800,14
15865,15801,11
15866,15801,11
15867,15803,14
15868,15803,11
15869,15804,13
15870,15805,12
15871,15805,15
15872,15808,15
15873,15808,12
15874,15809,15
15875,15810,13
15876,15810,11
15877,15811,13
15878,15811,14
15879,15812,11
15880,15813,12
15881,15815,13
15882,15815,13
15883,15816,15
15884,15816,13
15885,15818,13
15886,15818,13
15887,15820,11
15888,15824,14
15889,15824,12
15890,15828,15
15891,15828,15
15892,15829,12
15893,15830,14
15894,15831,15
15895,15831,15
15896,15832,14
15897,15833,14
15898,15833,11
15899,15835,11
15900,15836,12
15901,15836,11
15902,15837,15
15903,15840,15
15904,15840,11
15905,15841,14
15906,15841,14
15907,15842,11
15908,15843,15
15909,15844,14
15910,15849,13
15911,15851,11
15912,15851,13
15913,15853,13
15914,15853,14
15915,15854,13
15916,15855,12
15917,15856,14
15918,15857,13
15919,15857,12
15920,15859,13
15921,15859,13
15922,15860,11
15923,15860,12
15924,15861,14
15925,15861,13
15926,15862,12
15927,15862,14
15928,15863,13
15929,15864,12
15930,15864,12
15931,15865,13
15932,15865,13
15933,15866,11
15934,15869,15
15935,15870,15
15936,15870,11
15937,15871,11
15938,15871,13
15939,15872,11
15940,15873,12
15941,15873,15
15942,15874,13
15943,15875,13
15944,15875,12
15945,15876,13
15946,15877,13
15947,15879,15
15948,15879,14
15949,15880,13
15950,15881,11
15951,15885,13
15952,15885,13
15953,15887,15
15954,15887,15
15955,15888,15
15956,15888,13
15957,15889,14
15958,15889,15
15959,15890,13
15960,15890,12
15961,15891,12
15962,15895,12
15963,15897,12
15964,15898,13
15965,15899,13
15966,15899,13
15967,15900,11
15968,15903,15
15969,15904,11
15970,15904,12
15971,15905,12
15972,15905,11
15973,15906,13
15974,15906,13
15975,15908,13
15976,15908,15
15977,15909,11
15978,15909,13
15979,15910,12
15980,15911,11
15981,15911,14
15982,15912,13
15983,15912,11
15984,15913,15
15985,15913,15
15986,15914,12
15987,15915,13
15988,15915,15
15989,15916,14
15990,15916,13
15991,15917,14
15992,15920,15
15993,15920,11
15994,15921,13
15995,15921,13
15996,15923,13
15997,15923,14
15998,15925,13
15999,15928,15
16000,15931,11
16001,15931,13
16002,15934,11
16003,15935,13
16004,15937,12
16005,15938,13
16006,15939,13
16007,15940,14
16008,15940,13
16009,15942,11
16010,15942,11
16011,15943,11
16012,15943,13
16013,15944,15
16014,15945,12
16015,15946,14
16016,15946,13
16017,15947,11
16018,15948,12
16019,15948,13
16020,15949,15
16021,15949,11
16022,15950,11
16023,15950,14
16024,15951,12
16025,15951,11
16026,15954,11
16027,15955,14
16028,15955,13
16029,15957,15
16030,15957,15
16031,15958,15
16032,15959,15
16033,15959,11
16034,15962,12
16035,15963,13
16036,15963,13
16037,15964,12
16038,15964,15
16039,15967,11
16040,15968,13
16041,15969,12
16042,15969,11
16043,15973,12
16044,15973,14
16045,15974,15
16046,15974,14
16047,15975,13
16048,15975,14
16049,15976,15
16050,15977,15
16051,15977,11
16052,15978,13
16053,15979,11
16054,15979,11
16055,15981,13
16056,15981,15
16057,15982,13
16058,15982,13
16059,15984,13
16060,15984,14
16061,15985,13
16062,15986,12
16063,15986,15
16064,15988,13
16065,15988,11
16066,15989,14
16067,15990,13
16068,15995,12
16069,15995,15
16070,15997,13
16071,15997,11
16072,15998,15
16073,15998,14
16074,15999,13
16075,15999,15
16076,16000,14
16077,16000,13
16078,16001,12
16079,16004,13
16080,16004,14
16081,16005,14
16082,16005,15
16083,16007,11
16084,16009,12
16085,16010,13
16086,16010,15
16087,16012,15
16088,16012,15
16089,16015,15
16090,16015,15
16091,16016,13
16092,16018,12
16093,16019,15
16094,16020,14
16095,16023,11
16096,16025,12
16097,16025,13
16098,16026,14
16099,16026,12
16100,16027,15
16101,16029,11
16102,16029,13
16103,16030,15
16104,16030,14
16105,16031,12
16106,16032,13
16107,16034,14
16108,16034,13
16109,16035,14
16110,16036,11
16111,16038,12
16112,16040,11
16113,16040,15
16114,16041,11
16115,16041,15
16116,16043,13
16117,16044,11
16118,16045,11
16119,16045,15
16120,16046,14
16121,16046,15
16122,16047,15
16123,16047,15
16124,16050,15
16125,16050,12
16126,16051,11
16127,16051,14
16128,16053,13
16129,16053,12
16130,16055,11
16131,16058,12
16132,16059,15
16133,16059,11
16134,16060,12
16135,16062,15
16136,16064,11
16137,16065,11
16138,16066,12
16139,16066,13
16140,16068,11
16141,16070,11
16142,16071,15
16143,16073,13
16144,16074,12
16145,16074,11
16146,16075,13
16147,16075,15
16148,16076,13
16149,16076,11
16150,16077,13
16151,16077,14
16152,16079,12
16153,16079,14
16154,16080,15
16155,16080,15
16156,16082,15
16157,16083,15
16158,16085,11
16159,16086,12
16160,16086,11
16161,16087,11
16162,16087,13
16163,16088,11
16164,16089,11
16165,16089,15
16166,16090,13
16167,16091,15
16168,16092,12
16169,16092,14
16170,16093,11
16171,16094,14
16172,16095,12
16173,16095,15
16174,16096,11
16175,16096,14
16176,16097,13
16177,16098,12
16178,16098,11
16179,16099,12
16180,16100,11
16181,16102,13
16182,16102,13
16183,16103,11
16184,16103,14
16185,16104,12
16186,16106,11
16187,16107,15
16188,16107,12
16189,16108,15
16190,16108,11
16191,16109,12
16192,16109,11
16193,16110,12
16194,16110,11
16195,16112,12
16196,16112,11
16197,16116,15
16198,16116,11
16199,16118,15
16200,16119,12
16201,16119,14
16202,16121,13
16203,16121,15
16204,16122,13
16205,16124,13
16206,16125,15
16207,16125,11
16208,16129,14
16209,16129,13
16210,16131,11
16211,16131,14
16212,16135,14
16213,16135,15
16214,16136,13
16215,16139,15
16216,16140,12
16217,16140,14
16218,16145,13
16219,16146,14
16220,16148,12
16221,16149,14
16222,16149,13
16223,16150,14
16224,16151,15
16225,16152,12
16226,16154,11
16227,16156,13
16228,16156,11
16229,16157,15
16230,16157,15
16231,16158,11
16232,16158,13
16233,16159,13
16234,16159,14
16235,16162,11
16236,16163,14
16237,16163,14
16238,16164,11
16239,16166,11
16240,16166,14
16241,16167,15
16242,16167,14
16243,16169,12
16244,16170,11
16245,16170,12
16246,16171,12
16247,16171,12
16248,16172,12
16249,16174,15
16250,16175,12
16251,16177,14
16252,16178,11
16253,16179,14
16254,16179,13
16255,16180,15
16256,16180,11
16257,16181,12
16258,16182,11
16259,16184,13
16260,16186,13
16261,16187,13
16262,16188,14
16263,16190,14
16264,16190,14
16265,16191,11
16266,16192,15
16267,16193,13
16268,16194,14
16269,16195,15
16270,16195,15
16271,16196,15
16272,16197,13
16273,16197,15
16274,16198,13
16275,16199,12
16276,16199,11
16277,16200,15
16278,16200,15
16279,16201,12
16280,16203,12
16281,16204,15
16282,16204,12
16283,16205,14
16284,16206,13
16285,16206,14
16286,16209,15
16287,16209,11
16288,16212,14
16289,16212,14
16290,16213,15
16291,16213,12
16292,16216,11
16293,16217,13
16294,16217,13
16295,16218,15
16296,16218,11
16297,16219,11
16298,16219,11
16299,16221,15
16300,16221,15
16301,16222,11
16302,16222,15
16303,16223,14
16304,16224,14
16305,16225,15
16306,16228,14
16307,16228,15
16308,16229,13
16309,16229,14
16310,16230,14
16311,16231,13
16312,16231,14
16313,16232,11
16314,16232,12
16315,16233,14
16316,16233,14
16317,16236,14
16318,16238,12
16319,16239,12
16320,16239,12
16321,16240,14
16322,16240,14
16323,16243,11
16324,16244,13
16325,16248,11
16326,16248,14
16327,16250,11
16328,16252,14
16329,16253,15
16330,16253,14
16331,16254,13
16332,16255,14
16333,16255,14
16334,16257,13
16335,16258,11
16336,16259,14
16337,16260,14
16338,16260,12
16339,16262,11
16340,16262,11
16341,16263,15
16342,16263,12
16343,16264,14
16344,16266,13
16345,16269,13
16346,16269,12
16347,16270,12
16348,16271,11
16349,16272,15
16350,16275,11
16351,16275,15
16352,16276,14
16353,16279,14
16354,16279,11
16355,16280,11
16356,16280,13
16357,16281,11
16358,16281,11
16359,16282,15
16360,16283,11
16361,16284,13
16362,16286,11
16363,16286,14
16364,16288,12
16365,16289,15
16366,16290,15
16367,16290,14
16368,16292,11
16369,16292,12
16370,16294,15
16371,16298,12
16372,16300,13
16373,16301,11
16374,16302,11
16375,16303,11
16376,16304,15
16377,16304,14
16378,16305,14
16379,16305,15
16380,16307,12
16381,16307,14
16382,16308,11
16383,16308,14
16384,16309,14
16385,16310,14
16386,16310,14
16387,16311,13
16388,16311,12
16389,16312,12
16390,16313,13
16391,16313,14
16392,16316,15
16393,16316,13
16394,16317,11
16395,16318,12
16396,16322,12
16397,16322,13
16398,16324,12
16399,16325,13
16400,16328,12
16401,16330,14
16402,16331,15
16403,16331,14
16404,16332,13
16405,16332,14
16406,16333,12
16407,16333,14
16408,16335,12
16409,16336,13
16410,16337,12
16411,16337,12
16412,16338,13
16413,16341,12
16414,16342,11
16415,16342,15
16416,16343,12
16417,16343,13
16418,16344,15
16419,16345,12
16420,16346,13
16421,16346,15
16422,16347,12
16423,16347,13
16424,16348,14
16425,16350,11
16426,16350,15
16427,16352,11
16428,16352,13
16429,16354,12
16430,16354,14
16431,16356,14
16432,16357,13
16433,16361,13
16434,16363,12
16435,16363,13
16436,16364,15
16437,16365,14
16438,16365,11
16439,16366,15
16440,16366,12
16441,16368,15
16442,16370,13
16443,16371,14
16444,16373,11
16445,16374,13
16446,16374,13
16447,16376,14
16448,16377,11
16449,16379,11
16450,16379,12
16451,16382,15
16452,16383,13
16453,16384,14
16454,16385,11
16455,16385,12
16456,16386,11
16457,16386,14
16458,16387,13
16459,16389,15
16460,16389,12
16461,16390,11
16462,16390,12
16463,16394,12
16464,16394,11
16465,16397,13
16466,16397,13
16467,16398,15
16468,16398,11
16469,16399,13
16470,16400,11
16471,16401,11
16472,16401,11
16473,16402,13
16474,16402,14
16475,16404,14
16476,16405,11
16477,16406,11
16478,16411,11
16479,16412,13
16480,16412,13
16481,16413,13
16482,16413,14
16483,16414,14
16484,16414,15
16485,16416,15
16486,16417,14
16487,16417,12
16488,16418,14
16489,16418,13
16490,16419,14
16491,16422,12
16492,16422,15
16493,16424,15
16494,16425,15
16495,16425,11
16496,16427,11
16497,16427,12
16498,16428,13
16499,16429,12
16500,16430,12
16501,16430,11
16502,16431,14
16503,16432,12
16504,16432,14
16505,16433,12
16506,16434,13
16507,16434,14
16508,16436,12
16509,16436,14
16510,16437,11
16511,16437,15
16512,16440,13
16513,16441,14
16514,16441,15
16515,16442,13
16516,16442,11
16517,16443,15
16518,16443,11
16519,16444,14
16520,16445,15
16521,16445,11
16522,16449,11
16523,16450,14
16524,16450,15
16525,16452,12
16526,16452,15
16527,16453,11
16528,16454,14
16529,16456,14
16530,16457,12
16531,16457,12
16532,16458,15
16533,16459,15
16534,16459,11
16535,16460,13
16536,16461,15
16537,16461,11
16538,16462,15
16539,16463,14
16540,16463,15
16541,16465,13
16542,16465,13
16543,16466,12
16544,16468,11
16545,16469,12
16546,16469,11
16547,16472,15
16548,16473,13
16549,16474,13
16550,16474,12
16551,16476,12
16552,16477,11
16553,16479,14
16554,16479,11
16555,16481,13
16556,16481,14
16557,16482,14
16558,16482,11
16559,16483,13
16560,16483,13
16561,16484,14
16562,16485,15
16563,16485,11
16564,16486,11
16565,16487,14
16566,16488,11
16567,16488,12
16568,16489,14
16569,16489,13
16570,16490,13
16571,16490,12
16572,16492,12
16573,16494,15
16574,16495,14
16575,16496,13
16576,16496,14
16577,16497,14
16578,16498,14
16579,16498,12
16580,16499,11
16581,16500,11
16582,16500,15
16583,16501,12
16584,16502,13
16585,16502,11
16586,16503,13
16587,16504,13
16588,16504,12
16589,16507,14
16590,16507,11
16591,16508,11
16592,16510,13
16593,16511,12
16594,16511,13
16595,16512,11
16596,16513,12
16597,16513,14
16598,16514,13
16599,16515,12
16600,16517,15
16601,16517,11
16602,16519,12
16603,16519,14
16604,16520,15
16605,16521,11
16606,16521,13
16607,16522,12
16608,16522,11
16609,16523,14
16610,16524,11
16611,16525,14
16612,16526,12
16613,16527,15
16614,16527,11
16615,16528,15
16616,16529,14
16617,16531,15
16618,16531,15
16619,16533,15
16620,16533,11
16621,16534,11
16622,16534,11
16623,16537,15
16624,16541,14
16625,16542,12
16626,16542,12
16627,16543,14
16628,16544,11
16629,16546,13
16630,16546,11
16631,16547,11
16632,16547,14
16633,16549,14
16634,16549,13
16635,16551,15
16636,16551,13
16637,16552,13
16638,16553,11
16639,16553,13
16640,16555,15
16641,16556,14
16642,16556,11
16643,16557,12
16644,16559,11
16645,16559,15
16646,16560,14
16647,16564,15
16648,16566,15
16649,16567,15
16650,16570,11
16651,16570,13
16652,16572,15
16653,16572,13
16654,16573,12
16655,16573,15
16656,16576,11
16657,16576,11
16658,16577,12
16659,16578,12
16660,16578,13
16661,16579,12
16662,16579,14
16663,16580,15
16664,16580,13
16665,16582,14
16666,16584,15
16667,16584,15
16668,16586,11
16669,16587,11
16670,16587,13
16671,16588,15
16672,16590,14
16673,16592,15
16674,16592,15
16675,16593,14
16676,16593,12
16677,16594,12
16678,16594,13
16679,16595,11
16680,16595,12
16681,16597,13
16682,16600,12
16683,16601,15
16684,16601,13
16685,16602,13
16686,16602,15
16687,16604,14
16688,16605,13
16689,16605,14
16690,16606,15
16691,16607,12
16692,16609,13
16693,16609,12
16694,16610,11
16695,16610,14
16696,16611,12
16697,16613,12
16698,16614,14
16699,16615,14
16700,16615,13
16701,16616,14
16702,16618,11
16703,16618,12
16704,16619,13
16705,16621,13
16706,16622,15
16707,16624,14
16708,16624,13
16709,16625,15
16710,16625,11
16711,16626,15
16712,16626,14
16713,16627,12
16714,16628,15
16715,16629,14
16716,16630,12
16717,16630,14
16718,16631,13
16719,16631,12
16720,16633,15
16721,16635,14
16722,16635,13
16723,16636,11
16724,16638,14
16725,16639,12
16726,16640,12
16727,16640,14
16728,16642,14
16729,16642,15
16730,16643,15
16731,16643,12
16732,16647,15
16733,16648,14
16734,16648,12
16735,16649,13
16736,16650,11
16737,16650,14
16738,16651,15
16739,16653,14
16740,16654,11
16741,16654,13
16742,16655,12
16743,16656,13
16744,16656,14
16745,16657,11
16746,16658,11
16747,16658,13
16748,16659,14
16749,16659,13
16750,16661,11
16751,16661,14
16752,16663,15
16753,16664,11
16754,16665,15
16755,16666,15
16756,16666,11
16757,16667,12
16758,16669,14
16759,16669,14
16760,16670,12
16761,16670,13
16762,16671,15
16763,16672,12
16764,16672,11
16765,16673,15
16766,16673,11
16767,16674,15
16768,16675,12
16769,16675,13
16770,16676,13
16771,16677,11
16772,16679,15
16773,16680,14
16774,16681,15
16775,16681,11
16776,16682,15
16777,16682,11
16778,16683,15
16779,16687,11
16780,16687,12
16781,16688,11
16782,16688,13
16783,16690,15
16784,16690,13
16785,16691,11
16786,16691,14
16787,16692,15
16788,16692,11
16789,16693,12
16790,16693,11
16791,16694,12
16792,16696,11
16793,16696,12
16794,16700,13
16795,16700,15
16796,16702,11
16797,16702,13
16798,16703,11
16799,16703,12
16800,16704,11
16801,16704,14
16802,16705,12
16803,16705,15
16804,16706,14
16805,16707,12
16806,16707,12
16807,16709,14
16808,16709,13
16809,16710,11
16810,16710,13
16811,16711,11
16812,16711,14
16813,16712,11
16814,16712,11
16815,16713,11
16816,16713,14
16817,16714,12
16818,16714,14
16819,16715,12
16820,16715,15
16821,16716,14
16822,16716,15
16823,16717,15
16824,16719,15
16825,16720,13
16826,16720,15
16827,16722,14
16828,16722,15
16829,16723,14
16830,16724,15
16831,16724,15
16832,16725,14
16833,16725,13
16834,16726,14
16835,16727,14
16836,16730,13
16837,16730,13
16838,16731,14
16839,16731,14
16840,16732,12
16841,16732,15
16842,16733,13
16843,16735,11
16844,16735,14
16845,16736,12
16846,16737,14
16847,16740,12
16848,16741,13
16849,16744,14
16850,16745,14
16851,16745,14
16852,16746,11
16853,16747,12
16854,16747,14
16855,16748,11
16856,16748,11
16857,16749,12
16858,16751,14
16859,16752,14
16860,16753,12
16861,16754,12
16862,16754,12
16863,16755,14
16864,16755,11
16865,16756,14
16866,16756,13
16867,16757,14
16868,16758,11
16869,16759,15
16870,16759,14
16871,16760,15
16872,16761,12
16873,16762,12
16874,16762,15
16875,16763,13
16876,16763,15
16877,16764,15
16878,16766,14
16879,16766,11
16880,16768,15
16881,16769,11
16882,16769,12
16883,16770,11
16884,16772,12
16885,16773,12
16886,16780,13
16887,16781,13
16888,16781,12
16889,16783,14
16890,16783,14
16891,16784,13
16892,16785,14
16893,16785,15
16894,16786,13
16895,16786,14
16896,16788,15
16897,16789,11
16898,16790,11
16899,16790,13
16900,16791,11
16901,16792,13
16902,16792,11
16903,16793,13
16904,16794,12
16905,16795,11
16906,16797,15
16907,16797,11
16908,16798,14
16909,16799,13
16910,16800,15
16911,16803,13
16912,16803,11
16913,16804,15
16914,16806,12
16915,16806,12
16916,16807,13
16917,16808,15
16918,16808,14
16919,16810,11
16920,16812,15
16921,16816,14
16922,16816,12
16923,16818,15
16924,16819,13
16925,16820,12
16926,16820,11
16927,16821,12
16928,16821,11
16929,16822,11
16930,16823,13
16931,16823,15
16932,16824,12
16933,16826,11
16934,16826,12
16935,16830,12
16936,16830,13
16937,16831,14
16938,16832,14
16939,16835,11
16940,16835,15
16941,16836,15
16942,16836,13
16943,16837,11
16944,16842,15
16945,16842,15
16946,16843,15
16947,16844,11
16948,16844,12
16949,16846,15
16950,16846,11
16951,16847,13
16952,16847,12
16953,16848,14
16954,16848,14
16955,16849,13
16956,16850,13
16957,16850,13
16958,16852,13
16959,16853,15
16960,16853,13
16961,16854,13
16962,16856,15
16963,16857,13
16964,16858,11
16965,16858,13
16966,16859,15
16967,16860,11
16968,16860,15
16969,16861,12
16970,16863,14
16971,16865,14
16972,16865,12
16973,16867,14
16974,16867,15
16975,16871,15
16976,16871,11
16977,16872,14
16978,16872,12
16979,16875,15
16980,16875,12
16981,16876,12
16982,16876,15
16983,16878,11
16984,16878,13
16985,16879,13
16986,16879,13
16987,16880,14
16988,16880,13
16989,16883,14
16990,16883,12
16991,16884,15
16992,16887,11
16993,16887,14
16994,16888,11
16995,16889,14
16996,16890,11
16997,16891,13
16998,16891,13
16999,16893,12
17000,16893,15
17001,16895,14
17002,16897,14
17003,16898,14
17004,16898,14
17005,16899,14
17006,16899,11
17007,16900,15
17008,16900,15
17009,16901,14
17010,16901,15
17011,16902,14
17012,16903,14
17013,16904,12
17014,16905,14
17015,16905,14
17016,16906,15
17017,16906,13
17018,16907,12
17019,16907,13
17020,16909,14
17021,16910,12
17022,16912,11
17023,16913,14
17024,16914,15
17025,16914,11
17026,16915,12
17027,16919,12
17028,16919,13
17029,16921,15
17030,16921,15
17031,16922,15
17032,16922,11
17033,16923,11
17034,16923,14
17035,16924,15
17036,16926,11
17037,16928,13
17038,16930,11
17039,16930,12
17040,16932,13
17041,16932,13
17042,16935,15
17043,16937,11
17044,16937,13
17045,16938,11
17046,16938,12
17047,16941,13
17048,16942,13
17049,16943,13
17050,16946,11
17051,16949,14
17052,16950,12
17053,16950,11
17054,16953,11
17055,16953,13
17056,16954,14
17057,16956,15
17058,16956,15
17059,16957,14
17060,16958,12
17061,16959,14
17062,16960,15
17063,16961,15
17064,16961,11
17065,16962,12
17066,16963,12
17067,16964,14
17068,16965,15
17069,16966,14
17070,16966,12
17071,16968,14
17072,16969,13
17073,16969,14
17074,16970,11
17075,16970,15
17076,16971,15
17077,16972,14
17078,16972,11
17079,16973,14
17080,16974,13
17081,16974,12
17082,16975,15
17083,16976,14
17084,16976,15
17085,16977,15
17086,16978,11
17087,16978,11
17088,16979,12
17089,16979,13
17090,16982,15
17091,16986,11
17092,16987,11
17093,16990,14
17094,16991,11
17095,16993,14
17096,16994,11
17097,16994,12
17098,16995,11
17099,16997,15
17100,16997,13
17101,17000,13
17102,17000,13
17103,17001,14
17104,17002,11
17105,17004,15
17106,17006,13
17107,17007,14
17108,17007,12
17109,17010,11
17110,17011,13
17111,17011,12
17112,17012,15
17113,17013,12
17114,17016,13
17115,17016,15
17116,17018,15
17117,17018,15
17118,17020,14
17119,17020,12
17120,17021,13
17121,17021,12
17122,17022,11
17123,17022,15
17124,17023,11
17125,17024,12
17126,17024,13
17127,17025,11
17128,17027,13
17129,17028,15
17130,17030,11
17131,17031,13
17132,17032,14
17133,17034,13
17134,17034,15
17135,17035,12
17136,17035,15
17137,17037,12
17138,17039,12
17139,17039,15
17140,17043,15
17141,17045,11
17142,17047,12
17143,17049,15
17144,17050,12
17145,17051,15
17146,17052,12
17147,17053,15
17148,17055,13
17149,17055,13
17150,17057,11
17151,17058,15
17152,17059,13
17153,17060,13
17154,17061,11
17155,17063,13
17156,17063,15
17157,17065,13
17158,17066,15
17159,17066,15
17160,17068,11
17161,17069,12
17162,17069,15
17163,17070,12
17164,17070,12
17165,17072,14
17166,17073,14
17167,17073,11
17168,17075,13
17169,17075,12
17170,17076,15
17171,17076,12
17172,17078,14
17173,17078,15
17174,17079,11
17175,17079,15
17176,17081,12
17177,17081,12
17178,17083,14
17179,17086,13
17180,17086,15
17181,17090,14
17182,17090,15
17183,17092,13
17184,17093,15
17185,17094,13
17186,17095,15
17187,17095,14
17188,17097,13
17189,17097,12
17190,17098,11
17191,17100,15
17192,17102,12
17193,17103,12
17194,17103,12
17195,17104,11
17196,17104,14
17197,17106,14
17198,17106,12
17199,17107,14
17200,17109,13
17201,17109,14
17202,17110,14
17203,17111,11
17204,17111,11
17205,17114,14
17206,17114,13
17207,17115,14
17208,17115,14
17209,17116,12
17210,17116,12
17211,17117,13
17212,17117,11
17213,17121,12
17214,17122,15
17215,17122,15
17216,17127,12
17217,17127,14
17218,17128,14
17219,17128,14
17220,17131,12
17221,17131,13
17222,17132,12
17223,17132,11
17224,17134,15
17225,17134,14
17226,17135,11
17227,17136,12
17228,17137,15
17229,17137,13
17230,17138,11
17231,17139,15
17232,17141,14
17233,17142,12
17234,17144,15
17235,17144,12
17236,17145,12
17237,17146,13
17238,17147,13
17239,17150,14
17240,17150,12
17241,17152,15
17242,17152,15
17243,17153,13
17244,17154,14
17245,17154,13
17246,17155,14
17247,17155,12
17248,17156,11
17249,17156,12
17250,17158,13
17251,17158,12
17252,17160,11
17253,17161,15
17254,17161,15
17255,17162,14
17256,17163,15
17257,17165,13
17258,17166,13
17259,17167,12
17260,17168,14
17261,17169,15
17262,17169,12
17263,17172,15
17264,17172,14
17265,17173,15
17266,17173,13
17267,17174,14
17268,17175,12
17269,17176,13
17270,17177,13
17271,17180,12
17272,17183,11
17273,17183,13
17274,17184,14
17275,17184,13
17276,17185,11
17277,17186,12
17278,17186,13
17279,17188,15
17280,17190,13
17281,17190,12
17282,17191,14
17283,17192,13
17284,17192,11
17285,17193,14
17286,17195,13
17287,17195,15
17288,17196,12
17289,17198,12
17290,17199,14
17291,17202,11
17292,17203,14
17293,17204,15
17294,17204,14
17295,17205,14
17296,17205,14
17297,17206,12
17298,17206,13
17299,17207,15
17300,17207,13
17301,17208,14
17302,17208,13
17303,17209,15
17304,17210,12
17305,17211,12
17306,17212,11
17307,17214,11
17308,17215,11
17309,17215,11
17310,17216,15
17311,17217,15
17312,17217,14
17313,17218,12
17314,17219,13
17315,17219,13
17316,17220,12
17317,17220,12
17318,17222,12
17319,17223,12
17320,17223,12
17321,17224,14
17322,17225,15
17323,17228,11
17324,17228,12
17325,17229,11
17326,17230,15
17327,17230,12
17328,17232,13
17329,17233,14
17330,17235,11
17331,17235,15
17332,17236,11
17333,17236,13
17334,17239,14
17335,17240,11
17336,17241,13
17337,17242,14
17338,17242,14
17339,17243,14
17340,17243,15
17341,17244,15
17342,17247,12
17343,17247,11
17344,17248,12
17345,17248,14
17346,17249,13
17347,17249,15
17348,17251,15
17349,17252,15
17350,17252,13
17351,17254,12
17352,17254,13
17353,17255,15
17354,17255,12
17355,17256,13
17356,17256,11
17357,17259,13
17358,17259,15
17359,17260,13
17360,17262,11
17361,17263,11
17362,17264,12
17363,17265,13
17364,17266,13
17365,17266,12
17366,17267,15
17367,17268,12
17368,17271,12
17369,17272,15
17370,17272,13
17371,17275,13
17372,17275,13
17373,17276,11
17374,17276,11
17375,17277,11
17376,17277,11
17377,17279,12
17378,17282,11
17379,17283,14
17380,17284,14
17381,17285,11
17382,17285,14
17383,17286,12
17384,17288,12
17385,17288,15
17386,17289,14
17387,17291,14
17388,17291,13
17389,17295,15
17390,17295,13
17391,17296,11
17392,17296,12
17393,17297,15
17394,17299,12
17395,17299,13
17396,17301,12
17397,17301,12
17398,17302,14
17399,17303,12
17400,17303,12
17401,17304,15
17402,17305,14
17403,17306,12
17404,17306,14
17405,17309,14
17406,17309,15
17407,17314,14
17408,17314,14
17409,17316,11
17410,17316,11
17411,17318,11
17412,17318,13
17413,17320,14
17414,17321,14
17415,17323,13
17416,17326,12
17417,17327,11
17418,17328,13
17419,17328,14
17420,17331,13
17421,17331,14
17422,17332,14
17423,17332,12
17424,17333,14
17425,17333,15
17426,17334,12
17427,17335,14
17428,17338,11
17429,17339,15
17430,17340,15
17431,17341,14
17432,17341,13
17433,17342,13
17434,17342,15
17435,17343,13
17436,17343,11
17437,17344,11
17438,17344,11
17439,17345,12
17440,17346,13
17441,17347,14
17442,17347,13
17443,17348,11
17444,17348,14
17445,17349,12
17446,17350,12
17447,17350,13
17448,17352,12
17449,17354,11
17450,17354,13
17451,17358,13
17452,17359,13
17453,17359,11
17454,17360,13
17455,17360,14
17456,17361,12
17457,17361,11
17458,17362,14
17459,17363,11
17460,17364,12
17461,17364,11
17462,17365,14
17463,17368,13
17464,17368,13
17465,17369,12
17466,17369,15
17467,17372,13
17468,17372,11
17469,17373,14
17470,17374,15
17471,17375,12
17472,17376,11
17473,17377,14
17474,17379,11
17475,17380,11
17476,17380,11
17477,17383,14
17478,17383,11
17479,17384,13
17480,17385,12
17481,17385,12
17482,17387,15
17483,17388,11
17484,17388,14
17485,17390,13
17486,17390,14
17487,17391,11
17488,17393,14
17489,17394,13
17490,17395,14
17491,17395,15
17492,17396,15
17493,17396,15
17494,17397,13
17495,17398,15
17496,17398,11
17497,17399,13
17498,17399,13
17499,17401,11
17500,17402,15
17501,17402,14
17502,17404,15
17503,17406,13
17504,17406,13
17505,17407,11
17506,17407,15
17507,17409,12
17508,17410,14
17509,17411,12
17510,17411,14
17511,17412,14
17512,17413,12
17513,17414,12
17514,17414,13
17515,17415,11
17516,17415,11
17517,17417,15
17518,17418,14
17519,17418,15
17520,17420,15
17521,17422,15
17522,17424,15
17523,17425,15
17524,17425,11
17525,17426,12
17526,17426,14
17527,17429,12
17528,17429,11
17529,17431,12
17530,17432,12
17531,17432,11
17532,17433,13
17533,17434,12
17534,17434,11
17535,17436,13
17536,17436,12
17537,17438,15
17538,17440,11
17539,17441,14
17540,17442,13
17541,17446,11
17542,17446,12
17543,17447,15
17544,17448,12
17545,17451,11
17546,17451,14
17547,17452,12
17548,17452,11
17549,17453,11
17550,17454,15
17551,17454,14
17552,17455,14
17553,17456,15
17554,17456,12
17555,17458,12
17556,17458,11
17557,17459,14
17558,17460,14
17559,17461,15
17560,17463,13
17561,17465,13
17562,17465,13
17563,17466,14
17564,17467,11
17565,17467,11
17566,17468,13
17567,17470,15
17568,17470,15
17569,17473,14
17570,17473,14
17571,17474,11
17572,17474,14
17573,17475,11
17574,17476,12
17575,17476,12
17576,17477,15
17577,17478,11
17578,17481,15
17579,17482,11
17580,17484,15
17581,17485,15
17582,17485,11
17583,17486,15
17584,17489,14
17585,17490,13
17586,17491,11
17587,17491,14
17588,17493,14
17589,17493,15
17590,17494,13
17591,17494,14
17592,17496,14
17593,17496,15
17594,17497,15
17595,17497,12
17596,17499,12
17597,17500,11
17598,17500,15
17599,17501,11
17600,17501,13
17601,17502,13
17602,17504,13
17603,17504,14
17604,17505,15
17605,17506,14
17606,17506,12
17607,17507,11
17608,17509,14
17609,17510,13
17610,17513,15
17611,17513,13
17612,17514,15
17613,17514,11
17614,17515,15
17615,17515,13
17616,17517,12
17617,17517,15
17618,17520,11
17619,17520,11
17620,17523,12
17621,17524,14
17622,17524,13
17623,17527,12
17624,17529,13
17625,17530,11
17626,17533,14
17627,17533,13
17628,17534,14
17629,17536,13
17630,17537,15
17631,17537,15
17632,17538,15
17633,17538,15
17634,17541,11
17635,17542,13
17636,17542,14
17637,17544,14
17638,17547,15
17639,17547,14
17640,17548,14
17641,17548,12
17642,17549,15
17643,17549,13
17644,17550,12
17645,17550,13
17646,17551,11
17647,17552,11
17648,17552,13
17649,17553,15
17650,17553,12
17651,17555,15
17652,17555,14
17653,17556,14
17654,17556,14
17655,17558,11
17656,17558,13
17657,17559,13
17658,17560,15
17659,17561,13
17660,17564,13
17661,17569,13
17662,17570,15
17663,17571,13
17664,17572,11
17665,17572,12
17666,17574,15
17667,17574,14
17668,17575,11
17669,17576,11
17670,17576,14
17671,17578,12
17672,17578,12
17673,17579,13
17674,17581,11
17675,17581,14
17676,17582,15
17677,17582,12
17678,17583,15
17679,17586,15
17680,17586,12
17681,17589,13
17682,17589,14
17683,17590,11
17684,17591,12
17685,17592,12
17686,17593,13
17687,17595,14
17688,17595,14
17689,17596,14
17690,17596,12
17691,17597,11
17692,17597,14
17693,17598,11
17694,17600,15
17695,17602,12
17696,17605,13
17697,17605,15
17698,17606,14
17699,17606,11
17700,17607,13
17701,17608,13
17702,17609,14
17703,17610,15
17704,17611,14
17705,17611,12
17706,17612,12
17707,17612,13
17708,17613,11
17709,17614,14
17710,17615,12
17711,17616,13
17712,17616,15
17713,17618,15
17714,17619,15
17715,17619,12
17716,17621,11
17717,17621,13
17718,17622,12
17719,17622,12
17720,17623,11
17721,17623,15
17722,17624,11
17723,17624,12
17724,17625,15
17725,17626,14
17726,17627,13
17727,17627,13
17728,17628,12
17729,17629,11
17730,17629,11
17731,17631,11
17732,17634,11
17733,17634,11
17734,17637,11
17735,17638,12
17736,17639,15
17737,17640,14
17738,17640,14
17739,17641,14
17740,17641,13
17741,17642,12
17742,17644,12
17743,17644,15
17744,17645,15
17745,17645,14
17746,17646,13
17747,17647,14
17748,17648,11
17749,17650,15
17750,17651,14
17751,17651,11
17752,17654,15
17753,17655,13
17754,17655,12
17755,17656,11
17756,17656,12
17757,17657,11
17758,17657,12
17759,17658,15
17760,17659,14
17761,17659,15
17762,17660,15
17763,17661,13
17764,17662,15
17765,17663,13
17766,17666,11
17767,17667,12
17768,17667,15
17769,17669,11
17770,17670,14
17771,17671,15
17772,17671,13
17773,17673,11
17774,17674,12
17775,17675,12
17776,17677,14
17777,17677,15
17778,17679,15
17779,17680,11
17780,17681,11
17781,17681,13
17782,17682,13
17783,17684,12
17784,17685,13
17785,17689,11
17786,17689,11
17787,17690,12
17788,17690,12
17789,17693,11
17790,17693,13
17791,17694,14
17792,17694,11
17793,17696,14
17794,17696,15
17795,17697,15
17796,17697,14
17797,17698,14
17798,17698,12
17799,17700,12
17800,17701,14
17801,17701,13
17802,17702,12
17803,17704,15
17804,17705,11
17805,17709,12
17806,17712,13
17807,17712,13
17808,17713,15
17809,17713,12
17810,17714,12
17811,17714,12
17812,17716,13
17813,17716,14
17814,17718,15
17815,17718,13
17816,17719,12
17817,17719,12
17818,17720,13
17819,17722,14
17820,17722,12
17821,17723,12
17822,17724,11
17823,17724,11
17824,17726,13
17825,17726,12
17826,17727,12
17827,17729,11
17828,17729,13
17829,17730,15
17830,17730,15
17831,17731,14
17832,17732,14
17833,17735,15
17834,17736,14
17835,17739,15
17836,17739,13
17837,17740,13
17838,17740,14
17839,17742,11
17840,17743,11
17841,17745,15
17842,17746,13
17843,17746,11
17844,17747,15
17845,17747,14
17846,17748,12
17847,17748,15
17848,17750,12
17849,17751,11
17850,17751,14
17851,17752,11
17852,17753,11
17853,17753,13
17854,17755,14
17855,17758,15
17856,17758,15
17857,17759,13
17858,17759,13
17859,17760,13
17860,17761,13
17861,17761,14
17862,17766,14
17863,17767,13
17864,17768,12
17865,17768,13
17866,17769,13
17867,17769,11
17868,17770,15
17869,17772,15
17870,17772,11
17871,17775,11
17872,17775,14
17873,17776,12
17874,17777,15
17875,17778,12
17876,17778,13
17877,17779,14
17878,17779,11
17879,17780,11
17880,17780,14
17881,17782,11
17882,17782,13
17883,17785,15
17884,17785,14
17885,17786,15
17886,17786,11
17887,17787,12
17888,17788,15
17889,17788,13
17890,17789,12
17891,17789,15
17892,17790,14
17893,17790,15
17894,17792,14
17895,17792,14
17896,17793,13
17897,17793,14
17898,17794,12
17899,17794,13
17900,17795,13
17901,17795,12
17902,17796,14
17903,17797,12
17904,17797,12
17905,17798,12
17906,17799,14
17907,17801,13
17908,17801,11
17909,17802,11
17910,17803,12
17911,17805,14
17912,17805,13
17913,17807,14
17914,17807,13
17915,17808,14
17916,17810,15
17917,17810,11
17918,17811,14
17919,17812,13
17920,17812,13
17921,17813,11
17922,17813,11
17923,17814,12
17924,17814,15
17925,17815,13
17926,17816,13
17927,17816,12
17928,17817,15
17929,17818,13
17930,17819,11
17931,17823,13
17932,17823,12
17933,17826,11
17934,17828,13
17935,17828,12
17936,17829,14
17937,17829,12
17938,17830,15
17939,17830,12
17940,17831,15
17941,17831,13
17942,17832,13
17943,17833,11
17944,17833,11
17945,17835,12
17946,17835,15
17947,17836,12
17948,17836,14
17949,17837,14
17950,17839,14
17951,17840,12
17952,17843,14
17953,17845,14
17954,17845,13
17955,17847,15
17956,17849,11
17957,17849,11
17958,17851,11
17959,17852,14
17960,17853,12
17961,17854,15
17962,17857,13
17963,17857,11
17964,17858,15
17965,17858,15
17966,17859,13
17967,17860,13
17968,17860,14
17969,17861,14
17970,17862,12
17971,17862,13
17972,17863,13
17973,17864,12
17974,17865,12
17975,17865,11
17976,17866,14
17977,17866,14
17978,17867,12
17979,17867,12
17980,17868,15
17981,17870,13
17982,17871,11
17983,17872,12
17984,17873,13
17985,17873,13
17986,17874,13
17987,17876,13
17988,17876,15
17989,17877,15
17990,17878,11
17991,17879,12
17992,17879,11
17993,17880,14
17994,17883,15
17995,17884,14
17996,17884,15
17997,17885,14
17998,17886,11
17999,17886,11
18000,17887,11
18001,17887,12
18002,17888,11
18003,17889,14
18004,17889,15
18005,17891,12
18006,17893,15
18007,17894,11
18008,17894,15
18009,17896,14
18010,17897,15
18011,17898,11
18012,17899,11
18013,17899,15
18014,17900,12
18015,17900,14
18016,17903,11
18017,17903,14
18018,17904,15
18019,17904,11
18020,17905,11
18021,17905,11
18022,17906,12
18023,17906,14
18024,17907,12
18025,17908,15
18026,17908,11
18027,17909,11
18028,17910,11
18029,17911,15
18030,17911,14
18031,17912,12
18032,17913,12
18033,17913,14
18034,17914,15
18035,17914,13
18036,17917,15
18037,17917,12
18038,17918,12
18039,17918,12
18040,17919,11
18041,17920,15
18042,17921,15
18043,17922,11
18044,17922,15
18045,17925,12
18046,17925,13
18047,17926,14
18048,17927,15
18049,17927,13
18050,17929,14
18051,17930,11
18052,17930,13
18053,17931,11
18054,17931,12
18055,17932,15
18056,17932,11
18057,17933,13
18058,17934,12
18059,17934,15
18060,17935,14
18061,17935,15
18062,17936,14
18063,17936,12
18064,17937,13
18065,17937,11
18066,17938,12
18067,17939,11
18068,17939,11
18069,17941,11
18070,17941,12
18071,17942,15
18072,17946,13
18073,17946,13
18074,17947,14
18075,17947,11
18076,17949,12
18077,17951,14
18078,17954,12
18079,17955,14
18080,17958,13
18081,17960,11
18082,17961,14
18083,17961,12
18084,17964,11
18085,17964,12
18086,17965,14
18087,17965,11
18088,17966,15
18089,17966,15
18090,17969,12
18091,17970,12
18092,17973,13
18093,17973,13
18094,17974,11
18095,17977,14
18096,17977,12
18097,17979,11
18098,17979,15
18099,17980,15
18100,17981,14
18101,17982,15
18102,17982,12
18103,17984,14
18104,17985,12
18105,17985,14
18106,17986,11
18107,17986,14
18108,17988,12
18109,17988,15
18110,17989,13
18111,17990,15
18112,17993,12
18113,17994,13
18114,17995,15
18115,17995,14
18116,17996,12
18117,17996,11
18118,17997,14
18119,17998,11
18120,17998,15
18121,17999,11
18122,18000,11
18123,18002,14
18124,18003,15
18125,18004,12
18126,18005,13
18127,18005,15
18128,18006,14
18129,18006,13
18130,18008,15
18131,18010,15
18132,18011,12
18133,18012,12
18134,18012,14
18135,18014,15
18136,18014,13
18137,18015,11
18138,18016,15
18139,18017,12
18140,18018,12
18141,18018,14
18142,18019,14
18143,18020,11
18144,18020,11
18145,18021,13
18146,18025,12
18147,18025,14
18148,18026,11
18149,18027,12
18150,18027,13
18151,18028,15
18152,18028,14
18153,18029,12
18154,18029,12
18155,18030,15
18156,18031,11
18157,18031,11
18158,18032,15
18159,18033,13
18160,18033,12
18161,18034,15
18162,18035,12
18163,18035,14
18164,18037,14
18165,18038,13
18166,18039,11
18167,18040,15
18168,18042,15
18169,18042,12
18170,18044,12
18171,18044,11
18172,18046,12
18173,18046,12
18174,18047,11
18175,18047,11
18176,18048,14
18177,18048,15
18178,18049,14
18179,18049,14
18180,18050,11
18181,18050,12
18182,18051,15
18183,18051,12
18184,18053,12
18185,18054,11
18186,18055,14
18187,18056,15
18188,18057,14
18189,18058,14
18190,18059,14
18191,18059,11
18192,18060,15
18193,18062,12
18194,18063,15
18195,18063,14
18196,18065,13
18197,18066,13
18198,18067,14
18199,18068,13
18200,18068,15
18201,18069,14
18202,18069,11
18203,18070,15
18204,18070,11
18205,18077,12
18206,18077,13
18207,18078,14
18208,18078,12
18209,18079,15
18210,18080,13
18211,18080,13
18212,18081,13
18213,18081,13
18214,18083,14
18215,18084,14
18216,18084,12
18217,18086,12
18218,18086,13
18219,18088,13
18220,18088,14
18221,18090,14
18222,18091,14
18223,18091,13
18224,18092,14
18225,18092,12
18226,18095,12
18227,18095,12
18228,18096,11
18229,18098,11
18230,18098,11
18231,18101,13
18232,18101,14
18233,18102,13
18234,18104,12
18235,18104,13
18236,18105,15
18237,18105,15
18238,18106,13
18239,18106,13
18240,18108,11
18241,18109,15
18242,18109,11
18243,18110,11
18244,18111,14
18245,18112,12
18246,18115,11
18247,18117,15
18248,18117,15
18249,18118,14
18250,18118,14
18251,18119,13
18252,18119,14
18253,18120,14
18254,18121,13
18255,18121,13
18256,18124,13
18257,18124,14
18258,18125,11
18259,18125,15
18260,18126,14
18261,18126,14
18262,18127,12
18263,18127,13
18264,18129,14
18265,18129,11
18266,18131,14
18267,18132,13
18268,18133,15
18269,18134,13
18270,18135,14
18271,18137,12
18272,18137,13
18273,18138,13
18274,18140,11
18275,18145,13
18276,18145,12
18277,18146,15
18278,18146,14
18279,18149,14
18280,18150,11
18281,18150,13
18282,18151,12
18283,18152,13
18284,18152,12
18285,18153,15
18286,18153,12
18287,18154,14
18288,18157,11
18289,18159,14
18290,18160,11
18291,18162,11
18292,18163,12
18293,18163,11
18294,18164,15
18295,18165,15
18296,18166,13
18297,18167,11
18298,18167,11
18299,18168,14
18300,18168,15
18301,18169,12
18302,18169,11
18303,18170,14
18304,18171,11
18305,18173,15
18306,18173,14
18307,18174,14
18308,18175,12
18309,18177,13
18310,18177,13
18311,18178,14
18312,18178,11
18313,18179,13
18314,18180,14
18315,18180,11
18316,18181,12
18317,18181,14
18318,18182,15
18319,18183,11
18320,18184,13
18321,18184,14
18322,18185,14
18323,18185,12
18324,18186,14
18325,18187,13
18326,18189,13
18327,18189,14
18328,18192,11
18329,18194,12
18330,18194,11
18331,18195,14
18332,18196,12
18333,18196,12
18334,18198,15
18335,18199,13
18336,18199,12
18337,18200,13
18338,18203,12
18339,18204,15
18340,18204,15
18341,18205,13
18342,18207,13
18343,18207,14
18344,18208,15
18345,18208,13
18346,18210,11
18347,18210,13
18348,18211,15
18349,18212,15
18350,18216,14
18351,18217,13
18352,18217,15
18353,18218,13
18354,18218,13
18355,18219,11
18356,18219,13
18357,18220,14
18358,18220,14
18359,18221,14
18360,18222,15
18361,18224,15
18362,18224,13
18363,18225,15
18364,18225,12
18365,18226,12
18366,18227,12
18367,18227,11
18368,18229,12
18369,18229,13
18370,18230,11
18371,18232,12
18372,18232,14
18373,18233,14
18374,18233,11
18375,18234,14
18376,18234,11
18377,18236,13
18378,18239,14
18379,18239,12
18380,18240,14
18381,18240,13
18382,18241,12
18383,18242,12
18384,18242,15
18385,18244,14
18386,18244,13
18387,18245,15
18388,18245,15
18389,18247,11
18390,18249,15
18391,18249,12
18392,18250,14
18393,18251,14
18394,18252,15
18395,18252,11
18396,18253,11
18397,18254,15
18398,18254,12
18399,18257,15
18400,18257,12
18401,18258,14
18402,18258,11
18403,18259,11
18404,18259,11
18405,18260,13
18406,18261,11
18407,18261,11
18408,18262,14
18409,18262,14
18410,18263,13
18411,18266,14
18412,18267,15
18413,18267,12
18414,18270,15
18415,18272,12
18416,18273,14
18417,18273,11
18418,18274,11
18419,18274,11
18420,18275,15
18421,18275,13
18422,18276,14
18423,18279,14
18424,18279,11
18425,18280,12
18426,18281,12
18427,18288,14
18428,18288,14
18429,18291,14
18430,18292,13
18431,18293,12
18432,18293,12
18433,18295,12
18434,18295,13
18435,18296,11
18436,18297,15
18437,18297,15
18438,18298,11
18439,18298,14
18440,18299,15
18441,18300,11
18442,18300,12
18443,18301,15
18444,18301,13
18445,18302,11
18446,18303,13
18447,18304,12
18448,18304,12
18449,18305,11
18450,18305,13
18451,18306,11
18452,18307,11
18453,18307,11
18454,18309,12
18455,18309,11
18456,18313,15
18457,18313,11
18458,18314,13
18459,18316,11
18460,18316,13
18461,18317,14
18462,18317,13
18463,18318,12
18464,18318,14
18465,18319,13
18466,18319,11
18467,18322,14
18468,18322,11
18469,18323,15
18470,18323,11
18471,18324,14
18472,18324,14
18473,18326,11
18474,18326,13
18475,18327,14
18476,18328,13
18477,18329,12
18478,18329,14
18479,18330,13
18480,18332,11
18481,18333,13
18482,18334,15
18483,18335,15
18484,18337,12
18485,18339,11
18486,18340,13
18487,18340,15
18488,18341,15
18489,18341,11
18490,18342,12
18491,18342,15
18492,18344,14
18493,18346,11
18494,18348,13
18495,18349,15
18496,18349,14
18497,18350,12
18498,18350,15
18499,18351,15
18500,18353,13
18501,18353,11
18502,18355,14
18503,18355,15
18504,18356,12
18505,18356,15
18506,18357,12
18507,18357,11
18508,18358,15
18509,18358,13
18510,18361,11
18511,18361,13
18512,18362,14
18513,18362,12
18514,18363,12
18515,18363,11
18516,18364,12
18517,18364,11
18518,18365,12
18519,18365,12
18520,18370,12
18521,18371,11
18522,18372,15
18523,18373,14
18524,18379,13
18525,18380,13
18526,18381,12
18527,18385,14
18528,18385,13
18529,18387,13
18530,18387,13
18531,18388,11
18532,18391,12
18533,18391,11
18534,18392,13
18535,18392,11
18536,18394,12
18537,18396,12
18538,18396,12
18539,18397,12
18540,18397,12
18541,18400,15
18542,18402,15
18543,18403,11
18544,18404,15
18545,18406,13
18546,18406,12
18547,18407,11
18548,18409,15
18549,18409,14
18550,18411,11
18551,18412,15
18552,18412,13
18553,18413,11
18554,18413,15
18555,18415,15
18556,18419,12
18557,18420,12
18558,18422,13
18559,18423,13
18560,18423,12
18561,18424,11
18562,18426,14
18563,18426,11
18564,18427,11
18565,18428,15
18566,18428,15
18567,18431,14
18568,18432,13
18569,18432,13
18570,18433,13
18571,18433,14
18572,18435,12
18573,18435,15
18574,18436,12
18575,18436,11
18576,18437,15
18577,18437,12
18578,18438,14
18579,18439,11
18580,18439,14
18581,18440,14
18582,18444,13
18583,18446,11
18584,18446,15
18585,18447,14
18586,18450,11
18587,18451,15
18588,18451,12
18589,18452,15
18590,18452,11
18591,18454,15
18592,18454,13
18593,18455,11
18594,18455,15
18595,18456,14
18596,18457,15
18597,18457,14
18598,18458,11
18599,18458,11
18600,18459,15
18601,18459,13
18602,18460,15
18603,18460,11
18604,18462,14
18605,18464,11
18606,18465,15
18607,18465,12
18608,18466,14
18609,18466,14
18610,18467,15
18611,18467,13
18612,18468,14
18613,18468,14
18614,18469,11
18615,18470,15
18616,18471,13
18617,18472,11
18618,18472,11
18619,18474,13
18620,18474,14
18621,18475,11
18622,18476,13
18623,18477,11
18624,18477,15
18625,18478,14
18626,18478,11
18627,18479,15
18628,18479,15
18629,18480,11
18630,18482,14
18631,18482,15
18632,18484,11
18633,18486,15
18634,18487,13
18635,18489,13
18636,18489,14
18637,18490,12
18638,18492,13
18639,18494,14
18640,18496,12
18641,18496,15
18642,18497,15
18643,18497,12
18644,18499,12
18645,18503,15
18646,18503,12
18647,18504,12
18648,18505,11
18649,18505,14
18650,18507,13
18651,18507,11
18652,18508,13
18653,18509,11
18654,18511,11
18655,18512,12
18656,18513,15
18657,18513,13
18658,18515,15
18659,18519,13
18660,18519,12
18661,18520,14
18662,18520,14
18663,18522,11
18664,18525,15
18665,18526,11
18666,18527,13
18667,18530,12
18668,18530,11
18669,18535,11
18670,18535,15
18671,18538,11
18672,18538,11
18673,18539,12
18674,18540,13
18675,18540,15
18676,18541,15
18677,18542,13
18678,18542,12
18679,18543,13
18680,18544,12
18681,18545,14
18682,18546,14
18683,18549,15
18684,18549,15
18685,18550,14
18686,18552,13
18687,18552,15
18688,18553,15
18689,18554,13
18690,18556,11
18691,18558,12
18692,18558,13
18693,18559,13
18694,18560,13
18695,18560,13
18696,18561,11
18697,18562,11
18698,18563,12
18699,18564,14
18700,18565,11
18701,18567,13
18702,18567,12
18703,18568,15
18704,18568,12
18705,18569,15
18706,18569,13
18707,18570,15
18708,18570,14
18709,18571,11
18710,18573,12
18711,18573,12
18712,18575,12
18713,18575,13
18714,18577,14
18715,18578,13
18716,18579,15
18717,18580,12
18718,18580,14
18719,18582,11
18720,18582,14
18721,18584,15
18722,18585,14
18723,18585,11
18724,18587,12
18725,18590,12
18726,18590,15
18727,18591,15
18728,18591,15
18729,18592,12
18730,18593,12
18731,18593,15
18732,18595,13
18733,18595,11
18734,18596,12
18735,18596,15
18736,18598,13
18737,18599,13
18738,18600,13
18739,18601,15
18740,18605,15
18741,18605,15
18742,18606,13
18743,18606,14
18744,18607,11
18745,18608,11
18746,18608,11
18747,18610,13
18748,18610,13
18749,18611,14
18750,18612,14
18751,18614,15
18752,18614,14
18753,18617,13
18754,18617,11
18755,18619,12
18756,18619,15
18757,18621,14
18758,18622,12
18759,18622,15
18760,18623,12
18761,18626,15
18762,18626,15
18763,18627,12
18764,18627,15
18765,18628,12
18766,18628,14
18767,18629,15
18768,18629,14
18769,18631,15
18770,18631,12
18771,18632,14
18772,18632,13
18773,18633,12
18774,18634,13
18775,18634,12
18776,18635,15
18777,18636,11
18778,18636,11
18779,18637,11
18780,18641,13
18781,18643,14
18782,18643,13
18783,18644,12
18784,18644,12
18785,18647,14
18786,18647,11
18787,18648,13
18788,18650,12
18789,18651,15
18790,18651,12
18791,18653,15
18792,18654,11
18793,18655,12
18794,18658,13
18795,18660,12
18796,18660,14
18797,18662,15
18798,18662,15
18799,18663,15
18800,18663,11
18801,18664,12
18802,18666,14
18803,18666,13
18804,18667,14
18805,18667,15
18806,18668,15
18807,18670,12
18808,18670,14
18809,18671,12
18810,18672,11
18811,18673,14
18812,18673,13
18813,18674,13
18814,18676,13
18815,18676,13
18816,18677,12
18817,18679,13
18818,18679,13
18819,18682,14
18820,18682,12
18821,18685,15
18822,18685,15
18823,18686,11
18824,18687,13
18825,18687,11
18826,18688,15
18827,18688,13
18828,18689,12
18829,18689,12
18830,18690,14
18831,18691,14
18832,18691,11
18833,18692,11
18834,18692,14
18835,18693,13
18836,18693,13
18837,18696,14
18838,18696,15
18839,18697,14
18840,18697,15
18841,18698,14
18842,18699,12
18843,18700,13
18844,18700,14
18845,18701,12
18846,18701,11
18847,18702,14
18848,18704,13
18849,18704,12
18850,18705,13
18851,18705,14
18852,18706,15
18853,18707,13
18854,18709,14
18855,18709,13
18856,18712,11
18857,18712,15
18858,18715,12
18859,18715,14
18860,18716,12
18861,18717,11
18862,18717,12
18863,18718,15
18864,18718,11
18865,18719,11
18866,18719,14
18867,18720,11
18868,18720,13
18869,18723,15
18870,18723,11
18871,18724,11
18872,18727,11
18873,18727,12
18874,18728,13
18875,18732,13
18876,18733,11
18877,18733,13
18878,18734,13
18879,18736,11
18880,18736,11
18881,18737,12
18882,18739,15
18883,18743,14
18884,18746,13
18885,18746,13
18886,18748,14
18887,18748,12
18888,18749,11
18889,18752,14
18890,18752,12
18891,18755,14
18892,18755,14
18893,18756,13
18894,18756,13
18895,18758,12
18896,18759,14
18897,18759,14
18898,18760,14
18899,18762,14
18900,18762,13
18901,18764,13
18902,18764,14
18903,18765,11
18904,18766,14
18905,18766,14
18906,18769,12
18907,18771,12
18908,18771,15
18909,18773,12
18910,18773,13
18911,18774,14
18912,18774,13
18913,18775,14
18914,18775,14
18915,18777,13
18916,18777,14
18917,18778,13
18918,18779,14
18919,18779,15
18920,18781,12
18921,18783,13
18922,18783,15
18923,18785,14
18924,18786,13
18925,18787,15
18926,18789,15
18927,18789,13
18928,18791,15
18929,18791,14
18930,18792,11
18931,18793,15
18932,18793,13
18933,18796,15
18934,18796,14
18935,18797,15
18936,18797,12
18937,18799,12
18938,18800,13
18939,18800,12
18940,18801,15
18941,18802,12
18942,18802,13
18943,18803,14
18944,18803,11
18945,18806,11
18946,18807,11
18947,18807,13
18948,18808,12
18949,18808,14
18950,18809,14
18951,18811,13
18952,18811,11
18953,18812,11
18954,18814,13
18955,18815,14
18956,18816,13
18957,18817,12
18958,18818,13
18959,18818,15
18960,18819,12
18961,18820,12
18962,18820,13
18963,18822,14
18964,18822,15
18965,18823,11
18966,18824,11
18967,18825,15
18968,18825,13
18969,18826,15
18970,18826,11
18971,18827,14
18972,18827,15
18973,18828,11
18974,18829,11
18975,18831,11
18976,18832,15
18977,18832,14
18978,18833,13
18979,18834,13
18980,18834,11
18981,18837,14
18982,18837,15
18983,18838,11
18984,18839,14
18985,18840,11
18986,18842,12
18987,18843,13
18988,18844,13
18989,18844,12
18990,18845,14
18991,18847,15
18992,18847,13
18993,18848,12
18994,18848,13
18995,18849,12
18996,18849,11
18997,18851,12
18998,18852,12
18999,18853,11
19000,18854,12
19001,18855,11
19002,18855,15
19003,18856,13
19004,18857,14
19005,18859,15
19006,18859,11
19007,18860,12
19008,18860,14
19009,18862,15
19010,18863,15
19011,18865,15
19012,18865,13
19013,18867,13
19014,18868,11
19015,18869,11
19016,18869,12
19017,18872,11
19018,18872,12
19019,18874,12
19020,18876,11
19021,18876,14
19022,18877,13
19023,18880,12
19024,18881,14
19025,18881,11
19026,18884,14
19027,18884,14
19028,18885,13
19029,18885,13
19030,18887,14
19031,18888,14
19032,18889,15
19033,18889,12
19034,18890,11
19035,18891,12
19036,18893,12
19037,18893,11
19038,18896,11
19039,18896,12
19040,18898,12
19041,18899,15
19042,18905,13
19043,18907,12
19044,18909,13
19045,18909,12
19046,18910,12
19047,18910,12
19048,18912,15
19049,18914,13
19050,18915,13
19051,18916,14
19052,18917,13
19053,18920,11
19054,18921,15
19055,18924,13
19056,18928,15
19057,18929,13
19058,18930,11
19059,18931,15
19060,18931,15
19061,18933,15
19062,18936,12
19063,18936,13
19064,18937,13
19065,18938,13
19066,18939,11
19067,18939,12
19068,18944,14
19069,18944,13
19070,18945,14
19071,18945,12
19072,18946,15
19073,18947,11
19074,18947,11
19075,18949,11
19076,18949,13
19077,18950,13
19078,18950,14
19079,18952,15
19080,18954,14
19081,18954,13
19082,18955,14
19083,18956,11
19084,18956,11
19085,18957,11
19086,18957,15
19087,18958,15
19088,18960,14
19089,18960,11
19090,18961,11
19091,18961,15
19092,18963,13
19093,18963,12
19094,18964,15
19095,18966,14
19096,18968,13
19097,18968,14
19098,18969,14
19099,18969,11
19100,18970,14
19101,18972,13
19102,18972,12
19103,18973,13
19104,18974,13
19105,18976,15
19106,18977,11
19107,18977,14
19108,18978,14
19109,18979,14
19110,18982,12
19111,18982,11
19112,18983,14
19113,18983,11
19114,18984,14
19115,18984,13
19116,18986,14
19117,18987,13
19118,18987,12
19119,18988,15
19120,18988,12
19121,18989,12
19122,18989,12
19123,18990,14
19124,18994,14
19125,18996,13
19126,18997,14
19127,18997,15
19128,18998,15
19129,18998,13
19130,18999,13
19131,19000,14
19132,19002,14
19133,19002,12
19134,19003,14
19135,19006,15
19136,19007,15
19137,19007,14
19138,19009,11
19139,19009,15
19140,19010,14
19141,19013,11
19142,19014,12
19143,19015,11
19144,19016,11
19145,19016,15
19146,19019,13
19147,19021,14
19148,19021,15
19149,19022,12
19150,19023,12
19151,19023,11
19152,19024,15
19153,19024,15
19154,19026,12
19155,19027,14
19156,19027,12
19157,19028,14
19158,19028,13
19159,19029,15
19160,19030,15
19161,19031,12
19162,19031,14
19163,19033,11
19164,19036,13
19165,19036,13
19166,19038,14
19167,19038,12
19168,19039,12
19169,19040,11
19170,19041,11
19171,19042,13
19172,19042,12
19173,19043,13
19174,19043,15
19175,19044,14
19176,19044,13
19177,19047,12
19178,19048,11
19179,19050,14
19180,19050,11
19181,19051,15
19182,19052,13
19183,19052,12
19184,19056,14
19185,19057,14
19186,19057,13
19187,19058,12
19188,19059,11
19189,19063,12
19190,19063,13
19191,19065,15
19192,19066,15
19193,19066,13
19194,19067,13
19195,19067,15
19196,19068,12
19197,19069,15
19198,19070,11
19199,19071,14
19200,19071,14
19201,19072,15
19202,19073,12
19203,19073,12
19204,19076,11
19205,19077,15
19206,19078,15
19207,19080,12
19208,19081,12
19209,19085,13
19210,19085,13
19211,19086,14
19212,19087,12
19213,19088,15
19214,19088,15
19215,19089,14
19216,19089,14
19217,19090,11
19218,19094,14
19219,19094,11
19220,19095,11
19221,19095,13
19222,19096,13
19223,19100,15
19224,19100,11
19225,19101,12
19226,19102,14
19227,19102,14
19228,19103,11
19229,19103,11
19230,19104,13
19231,19104,14
19232,19105,13
19233,19106,15
19234,19106,14
19235,19109,12
19236,19109,13
19237,19110,12
19238,19110,12
19239,19111,15
19240,19111,11
19241,19114,14
19242,19114,12
19243,19118,15
19244,19118,13
19245,19119,15
19246,19120,15
19247,19120,15
19248,19121,15
19249,19128,14
19250,19129,14
19251,19131,11
19252,19131,15
19253,19133,13
19254,19134,13
19255,19134,11
19256,19135,11
19257,19135,11
19258,19136,13
19259,19136,12
19260,19137,14
19261,19137,14
19262,19138,15
19263,19139,15
19264,19141,11
19265,19142,11
19266,19142,13
19267,19143,12
19268,19144,11
19269,19145,12
19270,19145,14
19271,19146,14
19272,19146,11
19273,19148,12
19274,19149,14
19275,19151,13
19276,19151,15
19277,19152,13
19278,19153,13
19279,19154,14
19280,19154,14
19281,19155,15
19282,19155,11
19283,19157,11
19284,19157,12
19285,19158,15
19286,19158,13
19287,19160,14
19288,19160,12
19289,19162,13
19290,19163,11
19291,19164,13
19292,19165,15
19293,19165,11
19294,19167,12
19295,19167,12
19296,19168,15
19297,19168,14
19298,19170,14
19299,19174,12
19300,19175,11
19301,19175,14
19302,19176,13
19303,19176,11
19304,19177,11
19305,19178,11
19306,19179,15
19307,19179,11
19308,19180,11
19309,19180,13
19310,19182,12
19311,19182,15
19312,19183,15
19313,19184,14
19314,19185,12
19315,19185,13
19316,19186,13
19317,19186,12
19318,19188,11
19319,19188,12
19320,19189,13
19321,19191,12
19322,19191,12
19323,19192,12
19324,19192,11
19325,19193,13
19326,19194,11
19327,19195,14
19328,19195,11
19329,19196,14
19330,19196,12
19331,19198,14
19332,19198,14
19333,19199,13
19334,19199,14
19335,19200,14
19336,19200,14
19337,19201,13
19338,19201,13
19339,19202,13
19340,19204,12
19341,19204,14
19342,19205,12
19343,19205,12
19344,19208,12
19345,19208,14
19346,19210,12
19347,19211,11
19348,19212,11
19349,19213,13
19350,19215,13
19351,19215,11
19352,19216,13
19353,19216,13
19354,19218,15
19355,19219,12
19356,19220,14
19357,19221,12
19358,19223,14
19359,19224,15
19360,19227,12
19361,19227,15
19362,19229,12
19363,19229,13
19364,19230,14
19365,19231,11
19366,19232,14
19367,19232,11
19368,19234,14
19369,19234,15
19370,19236,14
19371,19238,12
19372,19238,15
19373,19240,11
19374,19240,15
19375,19241,11
19376,19247,12
19377,19247,13
19378,19249,14
19379,19249,14
19380,19250,15
19381,19251,14
19382,19252,14
19383,19252,15
19384,19253,13
19385,19253,14
19386,19255,12
19387,19255,11
19388,19256,12
19389,19257,15
19390,19257,15
19391,19258,13
19392,19259,13
19393,19261,12
19394,19261,12
19395,19262,15
19396,19262,13
19397,19263,12
19398,19263,15
19399,19264,13
19400,19264,11
19401,19265,12
19402,19265,12
19403,19266,15
19404,19266,12
19405,19267,13
19406,19267,14
19407,19269,13
19408,19271,11
19409,19271,14
19410,19273,14
19411,19273,11
19412,19274,11
19413,19274,12
19414,19275,13
19415,19278,11
19416,19278,13
19417,19280,15
19418,19281,12
19419,19281,14
19420,19282,15
19421,19284,13
19422,19288,12
19423,19288,13
19424,19290,11
19425,19290,14
19426,19291,13
19427,19291,14
19428,19292,15
19429,19294,12
19430,19294,15
19431,19295,14
19432,19295,11
19433,19296,15
19434,19296,13
19435,19297,15
19436,19298,14
19437,19299,13
19438,19301,11
19439,19304,14
19440,19304,12
19441,19305,13
19442,19306,13
19443,19307,13
19444,19307,11
19445,19308,14
19446,19311,13
19447,19311,15
19448,19313,14
19449,19314,12
19450,19314,11
19451,19316,14
19452,19316,13
19453,19319,14
19454,19321,14
19455,19322,14
19456,19326,13
19457,19326,14
19458,19328,15
19459,19329,15
19460,19329,13
19461,19330,11
19462,19332,12
19463,19332,11
19464,19333,13
19465,19334,14
19466,19334,15
19467,19336,13
19468,19339,15
19469,19340,14
19470,19340,15
19471,19341,13
19472,19341,12
19473,19342,13
19474,19346,11
19475,19348,14
19476,19350,13
19477,19351,12
19478,19353,11
19479,19353,13
19480,19355,15
19481,19356,14
19482,19356,14
19483,19357,13
19484,19357,14
19485,19358,12
19486,19359,15
19487,19360,15
19488,19361,12
19489,19362,12
19490,19362,15
19491,19364,15
19492,19364,12
19493,19365,14
19494,19365,12
19495,19366,13
19496,19366,12
19497,19368,14
19498,19369,11
19499,19369,15
19500,19370,14
19501,19372,12
19502,19372,12
19503,19373,12
19504,19375,11
19505,19376,13
19506,19376,12
19507,19377,14
19508,19378,12
19509,19379,13
19510,19379,13
19511,19381,13
19512,19381,11
19513,19383,14
19514,19384,12
19515,19384,14
19516,19386,14
19517,19386,15
19518,19388,15
19519,19388,11
19520,19389,14
19521,19389,15
19522,19390,15
19523,19390,15
19524,19391,13
19525,19391,11
19526,19392,14
19527,19392,11
19528,19393,15
19529,19395,12
19530,19396,15
19531,19396,12
19532,19398,14
19533,19399,14
19534,19400,13
19535,19401,11
19536,19402,14
19537,19403,12
19538,19404,11
19539,19406,11
19540,19407,11
19541,19407,13
19542,19408,12
19543,19408,14
19544,19409,12
19545,19409,11
19546,19411,12
19547,19412,15
19548,19412,11
19549,19415,11
19550,19416,14
19551,19417,11
19552,19417,12
19553,19421,15
19554,19421,14
19555,19422,14
19556,19422,13
19557,19423,13
19558,19426,14
19559,19427,13
19560,19427,12
19561,19428,12
19562,19429,11
19563,19429,13
19564,19430,13
19565,19434,13
19566,19434,14
19567,19435,12
19568,19436,12
19569,19437,14
19570,19438,15
19571,19438,14
19572,19440,15
19573,19441,13
19574,19441,13
19575,19443,11
19576,19443,15
19577,19444,14
19578,19444,14
19579,19447,14
19580,19447,13
19581,19448,12
19582,19450,12
19583,19451,14
19584,19452,14
19585,19452,14
19586,19453,11
19587,19453,12
19588,19454,14
19589,19454,14
19590,19455,15
19591,19455,13
19592,19462,14
19593,19462,13
19594,19463,11
19595,19465,15
19596,19465,14
19597,19467,15
19598,19468,14
19599,19469,15
19600,19469,15
19601,19471,14
19602,19471,15
19603,19472,13
19604,19473,13
19605,19473,11
19606,19475,15
19607,19476,12
19608,19476,13
19609,19477,11
19610,19482,13
19611,19483,11
19612,19484,11
19613,19484,11
19614,19485,11
19615,19485,11
19616,19487,11
19617,19487,14
19618,19488,14
19619,19490,12
19620,19491,13
19621,19492,13
19622,19493,15
19623,19493,13
19624,19494,13
19625,19495,12
19626,19497,11
19627,19497,13
19628,19498,15
19629,19498,14
19630,19500,11
19631,19501,15
19632,19501,12
19633,19502,12
19634,19503,13
19635,19504,12
19636,19505,15
19637,19505,14
19638,19508,12
19639,19510,12
19640,19510,11
19641,19511,11
19642,19511,14
19643,19512,11
19644,19513,13
19645,19513,11
19646,19514,15
19647,19514,11
19648,19515,12
19649,19515,14
19650,19518,14
19651,19518,14
19652,19519,15
19653,19519,15
19654,19521,14
19655,19522,14
19656,19522,15
19657,19523,15
19658,19525,15
19659,19526,11
19660,19526,14
19661,19528,15
19662,19530,12
19663,19531,13
19664,19531,12
19665,19532,15
19666,19532,14
19667,19534,13
19668,19535,11
19669,19535,14
19670,19536,15
19671,19537,14
19672,19542,15
19673,19543,13
19674,19544,13
19675,19544,14
19676,19545,13
19677,19545,15
19678,19546,12
19679,19546,15
19680,19548,14
19681,19548,14
19682,19549,14
19683,19549,11
19684,19550,13
19685,19551,15
19686,19551,14
19687,19553,11
19688,19553,14
19689,19554,11
19690,19554,12
19691,19555,12
19692,19555,11
19693,19556,11
19694,19557,15
19695,19559,11
19696,19559,13
19697,19560,14
19698,19560,14
19699,19561,14
19700,19562,12
19701,19562,12
19702,19564,11
19703,19565,11
19704,19565,15
19705,19566,14
19706,19566,11
19707,19567,13
19708,19568,11
19709,19569,12
19710,19571,13
19711,19571,13
19712,19572,12
19713,19572,15
19714,19574,14
19715,19575,12
19716,19575,11
19717,19577,12
19718,19578,14
19719,19580,15
19720,19581,11
19721,19583,11
19722,19583,14
19723,19584,15
19724,19585,15
19725,19586,12
19726,19586,15
19727,19587,15
19728,19588,12
19729,19588,14
19730,19589,12
19731,19589,12
19732,19590,12
19733,19590,15
19734,19591,12
19735,19592,13
19736,19592,11
19737,19593,15
19738,19595,11
19739,19597,13
19740,19597,14
19741,19598,13
19742,19598,12
19743,19599,14
19744,19601,15
19745,19601,14
19746,19606,12
19747,19606,13
19748,19607,11
19749,19609,11
19750,19609,13
19751,19610,15
19752,19610,12
19753,19611,13
19754,19611,15
19755,19612,12
19756,19612,14
19757,19613,11
19758,19614,13
19759,19614,14
19760,19616,14
19761,19617,13
19762,19617,13
19763,19618,13
19764,19618,13
19765,19619,11
19766,19619,11
19767,19621,12
19768,19621,11
19769,19623,11
19770,19623,11
19771,19625,13
19772,19627,15
19773,19629,13
19774,19630,12
19775,19631,14
19776,19632,14
19777,19632,15
19778,19633,14
19779,19633,12
19780,19635,13
19781,19635,11
19782,19638,15
19783,19638,13
19784,19640,15
19785,19641,15
19786,19644,12
19787,19644,15
19788,19645,15
19789,19646,15
19790,19649,13
19791,19649,11
19792,19650,15
19793,19652,13
19794,19653,11
19795,19657,11
19796,19660,14
19797,19660,11
19798,19661,13
19799,19661,13
19800,19663,15
19801,19663,12
19802,19664,12
19803,19666,12
19804,19666,14
19805,19668,12
19806,19668,15
19807,19669,11
19808,19669,11
19809,19671,12
19810,19676,11
19811,19678,14
19812,19679,14
19813,19679,14
19814,19680,13
19815,19681,12
19816,19682,14
19817,19683,14
19818,19687,13
19819,19688,11
19820,19689,11
19821,19689,13
19822,19690,13
19823,19690,12
19824,19691,15
19825,19692,12
19826,19692,13
19827,19693,11
19828,19694,11
19829,19695,15
19830,19696,12
19831,19697,11
19832,19697,15
19833,19698,12
19834,19698,12
19835,19700,14
19836,19700,15
19837,19703,15
19838,19704,15
19839,19704,15
19840,19706,15
19841,19708,12
19842,19708,11
19843,19709,15
19844,19710,12
19845,19711,14
19846,19711,15
19847,19713,14
19848,19716,13
19849,19716,14
19850,19717,15
19851,19718,14
19852,19720,15
19853,19720,12
19854,19721,13
19855,19721,12
19856,19722,15
19857,19723,14
19858,19724,14
19859,19724,11
19860,19725,13
19861,19725,11
19862,19728,14
19863,19728,14
19864,19729,14
19865,19729,14
19866,19731,11
19867,19732,15
19868,19732,14
19869,19733,15
19870,19735,15
19871,19735,11
19872,19737,12
19873,19737,15
19874,19738,14
19875,19738,11
19876,19739,15
19877,19739,12
19878,19743,15
19879,19743,15
19880,19744,14
19881,19745,11
19882,19745,15
19883,19746,15
19884,19746,13
19885,19747,13
19886,19747,11
19887,19748,12
19888,19749,15
19889,19751,15
19890,19753,14
19891,19753,15
19892,19754,14
19893,19754,12
19894,19756,15
19895,19756,15
19896,19757,11
19897,19757,15
19898,19759,11
19899,19759,11
19900,19760,14
19901,19760,12
19902,19761,12
19903,19763,13
19904,19765,11
19905,19767,11
19906,19768,12
19907,19768,11
19908,19770,11
19909,19772,12
19910,19773,13
19911,19773,13
19912,19774,13
19913,19774,11
19914,19777,15
19915,19777,12
19916,19778,11
19917,19778,15
19918,19780,13
19919,19780,14
19920,19781,12
19921,19782,12
19922,19783,15
19923,19783,14
19924,19786,12
19925,19788,13
19926,19788,12
19927,19789,15
19928,19789,12
19929,19790,13
19930,19790,12
19931,19793,14
19932,19793,11
19933,19794,14
19934,19794,11
19935,19796,14
19936,19798,14
19937,19798,15
19938,19800,11
19939,19802,13
19940,19805,11
19941,19805,12
19942,19808,11
19943,19808,12
19944,19809,14
19945,19809,14
19946,19811,12
19947,19812,15
19948,19813,11
19949,19813,11
19950,19814,15
19951,19815,14
19952,19817,12
19953,19817,12
19954,19818,13
19955,19818,14
19956,19820,14
19957,19820,13
19958,19821,15
19959,19821,15
19960,19822,11
19961,19823,14
19962,19823,15
19963,19824,14
19964,19826,15
19965,19828,11
19966,19829,12
19967,19829,15
19968,19834,14
19969,19834,14
19970,19835,11
19971,19837,14
19972,19837,13
19973,19839,12
19974,19839,13
19975,19841,12
19976,19842,14
19977,19843,11
19978,19843,15
19979,19844,11
19980,19844,13
19981,19845,15
19982,19845,11
19983,19846,12
19984,19847,14
19985,19847,13
19986,19849,12
19987,19849,15
19988,19850,15
19989,19850,12
19990,19855,11
19991,19855,15
19992,19856,12
19993,19857,14
19994,19857,11
19995,19858,15
19996,19858,11
19997,19860,14
19998,19862,11
19999,19863,15
20000,19863,12
20001,19864,15
20002,19871,13
20003,19873,15
20004,19874,14
20005,19875,12
20006,19875,14
20007,19876,14
20008,19877,12
20009,19878,14
20010,19880,12
20011,19882,15
20012,19882,14
20013,19883,15
20014,19886,15
20015,19887,11
20016,19888,13
20017,19888,13
20018,19890,15
20019,19892,11
20020,19893,12
20021,19893,15
20022,19894,13
20023,19894,11
20024,19895,12
20025,19895,12
20026,19896,12
20027,19896,12
20028,19899,14
20029,19902,11
20030,19903,15
20031,19903,12
20032,19904,15
20033,19905,11
20034,19905,14
20035,19906,13
20036,19907,12
20037,19910,13
20038,19911,11
20039,19911,12
20040,19912,11
20041,19912,14
20042,19916,14
20043,19916,13
20044,19917,15
20045,19917,12
20046,19919,15
20047,19920,12
20048,19921,13
20049,19921,13
20050,19922,12
20051,19922,14
20052,19926,12
20053,19928,12
20054,19929,13
20055,19930,14
20056,19930,11
20057,19931,11
20058,19931,13
20059,19933,15
20060,19934,14
20061,19934,14
20062,19935,11
20063,19936,12
20064,19937,11
20065,19937,14
20066,19940,15
20067,19940,14
20068,19941,12
20069,19941,13
20070,19942,15
20071,19943,12
20072,19944,13
20073,19946,15
20074,19946,11
20075,19947,13
20076,19948,11
20077,19949,12
20078,19949,11
20079,19950,11
20080,19951,11
20081,19951,12
20082,19952,12
20083,19952,14
20084,19953,15
20085,19954,15
20086,19955,15
20087,19956,11
20088,19957,13
20089,19958,12
20090,19958,14
20091,19959,14
20092,19960,15
20093,19961,13
20094,19962,13
20095,19965,14
20096,19965,12
20097,19967,15
20098,19967,13
20099,19968,11
20100,19968,13
20101,19969,11
20102,19969,14
20103,19970,14
20104,19970,13
20105,19971,11
20106,19972,12
20107,19973,13
20108,19973,12
20109,19974,12
20110,19974,13
20111,19975,14
20112,19978,14
20113,19979,15
20114,19980,14
20115,19984,15
20116,19984,14
20117,19986,12
20118,19987,14
20119,19987,15
20120,19988,11
20121,19988,12
20122,19989,14
20123,19991,14
20124,19992,12
20125,19992,14
20126,19995,11
20127,19995,11
20128,19998,11
20129,19998,12
20130,19999,15
20131,19999,11
20132,20000,13
20133,20001,13
20134,20002,13
20135,20005,14
20136,20005,14
20137,20006,13
20138,20006,11
20139,20007,11
20140,20008,14
20141,20009,15
20142,20009,11
20143,20010,11
20144,20010,14
20145,20012,13
20146,20013,15
20147,20015,11
20148,20015,13
20149,20016,11
20150,20016,13
20151,20017,12
20152,20018,14
20153,20018,14
20154,20019,12
20155,20020,14
20156,20023,13
20157,20024,11
20158,20024,13
20159,20028,15
20160,20028,12
20161,20030,12
20162,20031,13
20163,20033,11
20164,20033,12
20165,20034,13
20166,20036,12
20167,20036,15
20168,20037,13
20169,20037,13
20170,20038,13
20171,20040,14
20172,20041,14
20173,20042,14
20174,20042,15
20175,20043,14
20176,20043,12
20177,20044,11
20178,20044,14
20179,20049,15
20180,20052,12
20181,20052,15
20182,20053,12
20183,20054,14
20184,20055,11
20185,20058,12
20186,20059,13
20187,20061,11
20188,20061,14
20189,20062,11
20190,20064,14
20191,20064,13
20192,20068,13
20193,20068,11
20194,20069,11
20195,20071,15
20196,20074,14
20197,20074,12
20198,20075,12
20199,20075,12
20200,20076,12
20201,20077,12
20202,20080,14
20203,20081,15
20204,20082,12
20205,20083,14
20206,20083,11
20207,20084,13
20208,20086,15
20209,20087,12
20210,20088,11
20211,20089,15
20212,20090,12
20213,20090,14
20214,20091,13
20215,20091,13
20216,20093,13
20217,20094,13
20218,20094,14
20219,20095,11
20220,20095,13
20221,20097,11
20222,20097,14
20223,20098,12
20224,20099,13
20225,20099,13
20226,20100,11
20227,20100,11
20228,20101,13
20229,20101,15
20230,20102,11
20231,20103,13
20232,20103,12
20233,20104,11
20234,20104,13
20235,20105,11
20236,20105,13
20237,20106,14
20238,20106,15
20239,20111,15
20240,20112,15
20241,20113,13
20242,20113,13
20243,20114,13
20244,20118,13
20245,20118,15
20246,20120,12
20247,20121,13
20248,20122,11
20249,20123,13
20250,20123,14
20251,20124,15
20252,20125,12
20253,20125,14
20254,20127,14
20255,20129,14
20256,20129,15
20257,20132,13
20258,20134,11
20259,20134,13
20260,20135,13
20261,20135,12
20262,20136,14
20263,20136,13
20264,20137,15
20265,20137,14
20266,20141,15
20267,20141,11
20268,20142,12
20269,20143,14
20270,20144,11
20271,20144,11
20272,20145,11
20273,20145,12
20274,20146,12
20275,20146,12
20276,20147,11
20277,20147,11
20278,20149,13
20279,20149,13
20280,20151,15
20281,20152,15
20282,20154,14
20283,20154,15
20284,20155,15
20285,20156,15
20286,20157,13
20287,20157,11
20288,20159,14
20289,20159,14
20290,20160,14
20291,20160,14
20292,20162,14
20293,20163,13
20294,20163,11
20295,20164,14
20296,20168,15
20297,20168,13
20298,20169,13
20299,20171,15
20300,20171,13
20301,20172,14
20302,20172,12
20303,20173,11
20304,20174,14
20305,20175,14
20306,20175,11
20307,20177,14
20308,20177,13
20309,20178,14
20310,20178,11
20311,20179,12
20312,20179,14
20313,20181,15
20314,20182,12
20315,20183,13
20316,20183,15
20317,20184,14
20318,20185,13
20319,20186,11
20320,20186,13
20321,20187,13
20322,20187,13
20323,20189,12
20324,20189,13
20325,20191,12
20326,20191,15
20327,20192,11
20328,20193,15
20329,20194,12
20330,20195,15
20331,20196,15
20332,20197,15
20333,20197,13
20334,20202,11
20335,20203,13
20336,20203,13
20337,20204,12
20338,20205,12
20339,20206,15
20340,20206,15
20341,20207,13
20342,20208,12
20343,20208,13
20344,20209,14
20345,20209,14
20346,20211,14
20347,20213,15
20348,20214,14
20349,20214,11
20350,20215,13
20351,20217,13
20352,20217,13
20353,20218,11
20354,20219,15
20355,20219,12
20356,20221,13
20357,20222,14
20358,20222,15
20359,20223,15
20360,20224,12
20361,20224,14
20362,20225,11
20363,20225,11
20364,20226,14
20365,20226,13
20366,20227,11
20367,20227,11
20368,20228,11
20369,20229,12
20370,20229,11
20371,20230,11
20372,20230,14
20373,20231,15
20374,20231,13
20375,20233,14
20376,20236,13
20377,20236,12
20378,20237,12
20379,20237,11
20380,20238,15
20381,20238,13
20382,20239,15
20383,20240,12
20384,20241,12
20385,20242,12
20386,20242,15
20387,20243,12
20388,20243,12
20389,20244,14
20390,20245,12
20391,20245,11
20392,20246,13
20393,20247,11
20394,20248,14
20395,20249,13
20396,20249,12
20397,20251,13
20398,20252,14
20399,20252,12
20400,20253,12
20401,20253,15
20402,20255,11
20403,20258,13
20404,20259,15
20405,20260,14
20406,20260,12
20407,20261,12
20408,20262,14
20409,20262,12
20410,20263,12
20411,20267,13
20412,20268,11
20413,20268,12
20414,20269,11
20415,20270,13
20416,20270,11
20417,20271,12
20418,20271,15
20419,20275,11
20420,20276,13
20421,20277,12
20422,20277,15
20423,20280,15
20424,20280,12
20425,20284,11
20426,20284,14
20427,20285,11
20428,20285,12
20429,20288,14
20430,20290,15
20431,20292,15
20432,20294,12
20433,20294,15
20434,20296,12
20435,20296,15
20436,20297,13
20437,20297,13
20438,20298,12
20439,20299,11
20440,20299,12
20441,20301,15
20442,20301,14
20443,20302,12
20444,20303,13
20445,20303,13
20446,20304,13
20447,20305,11
20448,20305,13
20449,20306,12
20450,20306,14
20451,20307,13
20452,20308,14
20453,20310,11
20454,20312,12
20455,20312,14
20456,20313,15
20457,20313,14
20458,20315,14
20459,20316,13
20460,20316,13
20461,20317,11
20462,20318,12
20463,20322,13
20464,20322,14
20465,20323,15
20466,20323,14
20467,20324,13
20468,20324,15
20469,20327,12
20470,20328,12
20471,20329,13
20472,20329,11
20473,20332,14
20474,20333,13
20475,20333,15
20476,20335,15
20477,20336,14
20478,20336,11
20479,20337,13
20480,20338,13
20481,20338,14
20482,20339,11
20483,20340,12
20484,20340,12
20485,20344,13
20486,20345,13
20487,20345,12
20488,20346,12
20489,20347,14
20490,20348,13
20491,20348,11
20492,20350,15
20493,20351,12
20494,20354,15
20495,20354,13
20496,20357,12
20497,20357,12
20498,20358,12
20499,20360,13
20500,20362,13
20501,20362,12
20502,20363,14
20503,20364,13
20504,20366,12
20505,20368,15
20506,20369,11
20507,20370,12
20508,20370,11
20509,20371,13
20510,20372,12
20511,20372,11
20512,20373,11
20513,20374,15
20514,20377,15
20515,20377,11
20516,20378,11
20517,20380,14
20518,20381,11
20519,20382,14
20520,20383,14
20521,20384,11
20522,20385,11
20523,20385,15
20524,20387,13
20525,20390,14
20526,20390,15
20527,20391,12
20528,20391,11
20529,20392,13
20530,20393,15
20531,20393,12
20532,20396,13
20533,20396,12
20534,20397,15
20535,20397,11
20536,20398,14
20537,20399,13
20538,20400,15
20539,20401,15
20540,20402,13
20541,20402,12
20542,20403,12
20543,20404,15
20544,20404,15
20545,20405,13
20546,20407,15
20547,20408,11
20548,20408,14
20549,20409,13
20550,20410,15
20551,20412,11
20552,20412,12
20553,20413,13
20554,20413,15
20555,20414,14
20556,20414,14
20557,20415,15
20558,20416,13
20559,20420,13
20560,20420,13
20561,20421,13
20562,20421,13
20563,20423,14
20564,20423,13
20565,20424,13
20566,20425,14
20567,20426,13
20568,20428,14
20569,20429,11
20570,20431,13
20571,20431,15
20572,20432,12
20573,20432,14
20574,20434,11
20575,20435,14
20576,20435,11
20577,20436,14
20578,20436,12
20579,20440,14
20580,20441,15
20581,20442,15
20582,20443,14
20583,20443,14
20584,20444,11
20585,20444,13
20586,20445,12
20587,20447,12
20588,20449,13
20589,20449,11
20590,20451,14
20591,20452,11
20592,20452,11
20593,20453,13
20594,20453,14
20595,20455,11
20596,20455,13
20597,20456,15
20598,20456,13
20599,20459,14
20600,20459,14
20601,20460,13
20602,20461,14
20603,20461,13
20604,20464,13
20605,20464,15
20606,20466,12
20607,20466,12
20608,20467,15
20609,20467,11
20610,20469,12
20611,20469,14
20612,20470,11
20613,20470,11
20614,20471,15
20615,20471,14
20616,20472,15
20617,20474,13
20618,20475,14
20619,20475,13
20620,20476,15
20621,20476,13
20622,20477,14
20623,20477,13
20624,20478,12
20625,20478,14
20626,20479,13
20627,20479,11
20628,20481,15
20629,20482,15
20630,20483,15
20631,20483,13
20632,20485,14
20633,20486,13
20634,20487,12
20635,20491,13
20636,20491,15
20637,20492,12
20638,20492,13
20639,20494,11
20640,20494,15
20641,20495,11
20642,20496,13
20643,20496,12
20644,20497,15
20645,20498,11
20646,20499,13
20647,20500,12
20648,20500,15
20649,20502,14
20650,20503,14
20651,20503,14
20652,20505,11
20653,20505,15
20654,20508,12
20655,20508,11
20656,20513,14
20657,20514,14
20658,20515,11
20659,20517,14
20660,20517,11
20661,20518,14
20662,20518,15
20663,20519,14
20664,20521,11
20665,20521,15
20666,20522,13
20667,20524,12
20668,20524,12
20669,20525,14
20670,20525,12
20671,20526,13
20672,20529,13
20673,20529,11
20674,20530,12
20675,20530,11
20676,20532,15
20677,20532,12
20678,20534,12
20679,20534,11
20680,20535,15
20681,20535,12
20682,20537,14
20683,20537,15
20684,20538,15
20685,20538,15
20686,20540,13
20687,20541,13
20688,20541,13
20689,20542,13
20690,20542,12
20691,20544,15
20692,20545,15
20693,20546,12
20694,20547,14
20695,20548,13
20696,20549,15
20697,20550,11
20698,20550,15
20699,20551,15
20700,20553,15
20701,20555,15
20702,20555,11
20703,20558,15
20704,20559,11
20705,20560,14
20706,20560,11
20707,20561,14
20708,20562,15
20709,20563,15
20710,20568,13
20711,20568,13
20712,20570,15
20713,20571,11
20714,20573,13
20715,20573,12
20716,20575,15
20717,20575,14
20718,20576,14
20719,20576,13
20720,20577,13
20721,20577,12
20722,20578,14
20723,20580,15
20724,20584,15
20725,20584,11
20726,20586,13
20727,20586,12
20728,20587,13
20729,20589,11
20730,20589,11
20731,20590,15
20732,20592,15
20733,20592,12
20734,20593,11
20735,20593,11
20736,20594,13
20737,20595,14
20738,20595,15
20739,20596,14
20740,20596,12
20741,20597,11
20742,20597,14
20743,20599,15
20744,20600,12
20745,20600,11
20746,20602,13
20747,20602,15
20748,20603,15
20749,20604,15
20750,20605,12
20751,20605,12
20752,20606,11
20753,20606,15
20754,20607,13
20755,20607,15
20756,20608,13
20757,20609,15
20758,20609,13
20759,20610,13
20760,20611,15
20761,20612,14
20762,20612,11
20763,20613,12
20764,20615,14
20765,20615,14
20766,20616,13
20767,20617,12
20768,20617,14
20769,20619,11
20770,20622,12
20771,20624,11
20772,20624,13
20773,20625,14
20774,20625,13
20775,20626,12
20776,20627,15
20777,20628,13
20778,20628,11
20779,20629,15
20780,20630,12
20781,20633,12
20782,20633,12
20783,20634,13
20784,20634,12
20785,20635,15
20786,20635,14
20787,20636,13
20788,20637,12
20789,20637,15
20790,20638,11
20791,20638,14
20792,20639,11
20793,20639,11
20794,20640,12
20795,20640,15
20796,20641,13
20797,20641,11
20798,20643,11
20799,20644,14
20800,20646,15
20801,20647,15
20802,20648,14
20803,20649,13
20804,20649,12
20805,20654,12
20806,20655,12
20807,20656,13
20808,20656,11
20809,20657,11
20810,20658,15
20811,20658,14
20812,20659,11
20813,20660,11
20814,20660,11
20815,20662,11
20816,20662,14
20817,20664,15
20818,20668,13
20819,20671,12
20820,20671,15
20821,20672,11
20822,20672,15
20823,20673,14
20824,20673,13
20825,20674,13
20826,20675,13
20827,20676,13
20828,20677,13
20829,20678,11
20830,20679,12
20831,20679,11
20832,20680,15
20833,20681,13
20834,20682,13
20835,20682,12
20836,20683,13
20837,20683,12
20838,20684,12
20839,20685,11
20840,20685,14
20841,20688,14
20842,20688,13
20843,20690,13
20844,20693,15
20845,20694,12
20846,20696,13
20847,20700,14
20848,20701,15
20849,20701,13
20850,20702,11
20851,20702,12
20852,20703,14
20853,20704,12
20854,20704,12
20855,20706,14
20856,20706,12
20857,20707,15
20858,20707,13
20859,20708,12
20860,20709,12
20861,20710,14
20862,20712,13
20863,20712,15
20864,20713,12
20865,20715,13
20866,20715,14
20867,20717,15
20868,20718,12
20869,20718,11
20870,20719,12
20871,20719,15
20872,20723,15
20873,20723,13
20874,20728,11
20875,20731,13
20876,20731,11
20877,20732,11
20878,20734,15
20879,20737,11
20880,20737,14
20881,20739,11
20882,20740,12
20883,20741,15
20884,20743,15
20885,20743,15
20886,20744,14
20887,20744,11
20888,20745,11
20889,20745,12
20890,20746,15
20891,20747,11
20892,20748,11
20893,20748,12
20894,20749,13
20895,20751,14
20896,20751,15
20897,20752,13
20898,20752,15
20899,20753,14
20900,20756,13
20901,20756,14
20902,20757,15
20903,20758,14
20904,20758,13
20905,20760,13
20906,20760,11
20907,20763,12
20908,20763,11
20909,20765,15
20910,20765,13
20911,20766,13
20912,20767,12
20913,20767,11
20914,20768,11
20915,20768,13
20916,20769,15
20917,20770,15
20918,20770,13
20919,20772,13
20920,20772,13
20921,20773,14
20922,20773,15
20923,20774,12
20924,20774,15
20925,20775,11
20926,20776,14
20927,20777,14
20928,20777,15
20929,20778,14
20930,20778,13
20931,20779,14
20932,20779,11
20933,20781,11
20934,20782,11
20935,20782,12
20936,20783,13
20937,20784,11
20938,20784,11
20939,20785,12
20940,20785,12
20941,20787,11
20942,20788,11
20943,20788,15
20944,20789,14
20945,20789,12
20946,20790,13
20947,20791,13
20948,20791,11
20949,20794,15
20950,20794,14
20951,20797,12
20952,20797,11
20953,20798,14
20954,20798,12
20955,20799,12
20956,20799,12
20957,20800,14
20958,20800,13
20959,20801,15
20960,20801,15
20961,20802,12
20962,20803,12
20963,20803,14
20964,20804,13
20965,20804,14
20966,20805,13
20967,20807,11
20968,20807,13
20969,20810,11
20970,20812,12
20971,20813,11
20972,20815,14
20973,20816,12
20974,20817,13
20975,20818,12
20976,20819,15
20977,20820,14
20978,20821,12
20979,20823,15
20980,20824,13
20981,20824,13
20982,20826,13
20983,20826,14
20984,20831,12
20985,20831,13
20986,20833,14
20987,20833,11
20988,20834,15
20989,20834,12
20990,20835,14
20991,20837,14
20992,20837,14
20993,20839,14
20994,20839,12
20995,20840,15
20996,20840,14
20997,20841,14
20998,20842,11
20999,20844,15
21000,20844,15
21001,20845,11
21002,20846,12
21003,20849,15
21004,20850,13
21005,20851,15
21006,20852,15
21007,20852,12
21008,20853,13
21009,20854,11
21010,20855,11
21011,20856,12
21012,20856,12
21013,20857,15
21014,20858,12
21015,20858,11
21016,20859,11
21017,20859,13
21018,20860,15
21019,20860,15
21020,20861,11
21021,20862,11
21022,20863,12
21023,20865,14
21024,20865,13
21025,20866,14
21026,20866,12
21027,20867,15
21028,20869,13
21029,20870,13
21030,20870,15
21031,20871,12
21032,20873,11
21033,20874,13
21034,20874,11
21035,20875,15
21036,20876,12
21037,20876,14
21038,20880,11
21039,20880,11
21040,20881,13
21041,20881,12
21042,20882,12
21043,20886,13
21044,20886,13
21045,20888,12
21046,20888,11
21047,20891,12
21048,20894,13
21049,20894,15
21050,20895,12
21051,20895,11
21052,20898,15
21053,20901,11
21054,20906,11
21055,20907,14
21056,20909,15
21057,20909,12
21058,20910,14
21059,20912,15
21060,20914,11
21061,20914,11
21062,20915,14
21063,20915,11
21064,20916,15
21065,20918,12
21066,20918,12
21067,20919,11
21068,20920,12
21069,20920,13
21070,20921,13
21071,20922,14
21072,20922,13
21073,20923,12
21074,20923,13
21075,20924,11
21076,20925,14
21077,20926,11
21078,20928,15
21079,20930,13
21080,20933,11
21081,20933,15
21082,20934,13
21083,20934,13
21084,20935,15
21085,20935,13
21086,20937,13
21087,20937,12
21088,20938,13
21089,20938,12
21090,20939,15
21091,20939,14
21092,20941,13
21093,20941,14
21094,20943,11
21095,20945,15
21096,20946,13
21097,20947,12
21098,20948,11
21099,20948,12
21100,20950,11
21101,20951,14
21102,20951,12
21103,20952,12
21104,20953,14
21105,20954,15
21106,20957,11
21107,20960,13
21108,20960,13
21109,20962,14
21110,20962,11
21111,20963,12
21112,20963,13
21113,20964,14
21114,20965,12
21115,20966,12
21116,20966,13
21117,20967,15
21118,20968,11
21119,20970,14
21120,20971,12
21121,20973,11
21122,20974,12
21123,20974,14
21124,20976,15
21125,20976,11
21126,20977,15
21127,20977,14
21128,20978,12
21129,20980,12
21130,20981,15
21131,20982,14
21132,20982,15
21133,20983,15
21134,20983,12
21135,20984,11
21136,20985,13
21137,20985,13
21138,20986,13
21139,20986,13
21140,20989,13
21141,20991,11
21142,20993,14
21143,20994,15
21144,20995,12
21145,20995,13
21146,20996,11
21147,20996,11
21148,20997,11
21149,20997,12
21150,21004,15
21151,21006,14
21152,21008,12
21153,21008,15
21154,21013,11
21155,21014,14
21156,21016,12
21157,21016,12
21158,21017,12
21159,21017,13
21160,21018,12
21161,21019,15
21162,21020,13
21163,21020,13
21164,21021,12
21165,21021,14
21166,21023,12
21167,21025,15
21168,21026,11
21169,21028,13
21170,21028,12
21171,21029,14
21172,21031,13
21173,21031,11
21174,21032,14
21175,21033,14
21176,21034,13
21177,21034,12
21178,21035,15
21179,21036,12
21180,21036,15
21181,21037,15
21182,21037,15
21183,21038,14
21184,21041,14
21185,21042,14
21186,21043,15
21187,21044,15
21188,21045,12
21189,21047,15
21190,21047,15
21191,21048,13
21192,21048,12
21193,21049,12
21194,21051,14
21195,21051,11
21196,21054,14
21197,21054,14
21198,21059,13
21199,21060,11
21200,21060,15
21201,21062,11
21202,21062,12
21203,21063,12
21204,21064,14
21205,21064,12
21206,21065,15
21207,21065,12
21208,21068,14
21209,21068,15
21210,21069,13
21211,21070,14
21212,21072,13
21213,21072,15
21214,21075,14
21215,21076,15
21216,21077,12
21217,21077,15
21218,21078,13
21219,21080,12
21220,21084,11
21221,21085,13
21222,21085,12
21223,21087,12
21224,21087,12
21225,21088,13
21226,21088,15
21227,21089,13
21228,21090,14
21229,21092,12
21230,21094,15
21231,21095,12
21232,21096,11
21233,21096,11
21234,21098,14
21235,21100,12
21236,21100,15
21237,21102,15
21238,21102,14
21239,21103,12
21240,21105,13
21241,21106,12
21242,21108,12
21243,21109,11
21244,21109,12
21245,21110,15
21246,21110,12
21247,21111,15
21248,21111,14
21249,21114,13
21250,21115,14
21251,21115,13
21252,21117,11
21253,21118,12
21254,21118,15
21255,21121,11
21256,21121,14
21257,21122,15
21258,21122,11
21259,21125,15
21260,21125,14
21261,21127,11
21262,21129,15
21263,21130,14
21264,21130,15
21265,21131,14
21266,21131,15
21267,21133,12
21268,21133,13
21269,21135,15
21270,21136,15
21271,21136,15
21272,21138,15
21273,21138,13
21274,21139,14
21275,21140,11
21276,21140,14
21277,21142,11
21278,21143,12
21279,21144,11
21280,21144,14
21281,21147,12
21282,21148,13
21283,21149,15
21284,21149,12
21285,21150,13
21286,21151,13
21287,21152,13
21288,21154,15
21289,21154,13
21290,21155,12
21291,21156,12
21292,21156,14
21293,21159,12
21294,21160,15
21295,21161,15
21296,21161,12
21297,21163,15
21298,21164,12
21299,21165,15
21300,21166,15
21301,21167,14
21302,21167,13
21303,21168,14
21304,21169,12
21305,21169,13
21306,21170,13
21307,21170,14
21308,21171,15
21309,21173,11
21310,21173,13
21311,21175,15
21312,21176,13
21313,21176,15
21314,21177,13
21315,21177,11
21316,21178,14
21317,21178,12
21318,21179,14
21319,21180,15
21320,21182,11
21321,21182,14
21322,21183,13
21323,21186,13
21324,21188,14
21325,21189,11
21326,21190,12
21327,21191,11
21328,21191,12
21329,21192,15
21330,21192,12
21331,21194,13
21332,21194,13
21333,21195,14
21334,21195,13
21335,21196,12
21336,21197,12
21337,21198,13
21338,21199,15
21339,21200,12
21340,21200,12
21341,21201,11
21342,21201,15
21343,21203,11
21344,21203,13
21345,21204,12
21346,21204,11
21347,21205,15
21348,21206,11
21349,21206,11
21350,21209,14
21351,21210,12
21352,21212,15
21353,21212,12
21354,21213,15
21355,21213,14
21356,21214,11
21357,21214,15
21358,21215,13
21359,21215,11
21360,21216,11
21361,21216,14
21362,21217,15
21363,21217,13
21364,21218,14
21365,21220,14
21366,21222,15
21367,21222,15
21368,21224,11
21369,21225,14
21370,21225,13
21371,21226,14
21372,21227,14
21373,21229,11
21374,21230,11
21375,21230,12
21376,21231,15
21377,21231,15
21378,21233,11
21379,21235,14
21380,21235,15
21381,21236,15
21382,21237,13
21383,21238,14
21384,21238,12
21385,21240,14
21386,21241,13
21387,21241,15
21388,21242,12
21389,21242,15
21390,21243,13
21391,21245,11
21392,21252,15
21393,21253,15
21394,21254,14
21395,21255,13
21396,21256,14
21397,21257,11
21398,21257,11
21399,21258,11
21400,21259,15
21401,21260,15
21402,21260,14
21403,21261,12
21404,21262,13
21405,21262,11
21406,21263,12
21407,21263,15
21408,21264,14
21409,21264,11
21410,21266,11
21411,21267,13
21412,21267,15
21413,21269,13
21414,21269,12
21415,21271,15
21416,21272,15
21417,21273,13
21418,21274,13
21419,21274,11
21420,21275,11
21421,21277,14
21422,21277,13
21423,21282,14
21424,21282,12
21425,21284,11
21426,21286,14
21427,21288,14
21428,21291,15
21429,21291,15
21430,21292,15
21431,21292,15
21432,21294,12
21433,21294,14
21434,21297,14
21435,21297,15
21436,21298,15
21437,21300,11
21438,21300,15
21439,21301,12
21440,21301,11
21441,21302,15
21442,21302,13
21443,21303,12
21444,21303,14
21445,21304,12
21446,21304,11
21447,21305,11
21448,21306,15
21449,21306,11
21450,21307,13
21451,21308,12
21452,21309,13
21453,21309,14
21454,21310,14
21455,21310,12
21456,21311,14
21457,21312,14
21458,21312,12
21459,21313,13
21460,21317,15
21461,21320,14
21462,21321,13
21463,21322,13
21464,21324,14
21465,21324,14
21466,21325,14
21467,21325,15
21468,21331,14
21469,21331,12
21470,21332,15
21471,21332,12
21472,21335,13
21473,21336,12
21474,21337,15
21475,21338,14
21476,21338,13
21477,21340,14
21478,21341,11
21479,21342,15
21480,21345,11
21481,21345,12
21482,21346,14
21483,21347,13
21484,21349,13
21485,21349,14
21486,21350,14
21487,21352,13
21488,21353,12
21489,21354,12
21490,21355,13
21491,21357,14
21492,21357,11
21493,21359,13
21494,21359,11
21495,21364,11
21496,21365,15
21497,21365,13
21498,21366,13
21499,21367,12
21500,21367,12
21501,21368,15
21502,21368,15
21503,21369,11
21504,21371,13
21505,21371,11
21506,21372,15
21507,21373,12
21508,21374,11
21509,21374,14
21510,21375,12
21511,21375,12
21512,21376,13
21513,21376,13
21514,21377,11
21515,21377,12
21516,21379,11
21517,21381,15
21518,21384,14
21519,21384,15
21520,21385,11
21521,21386,14
21522,21386,13
21523,21387,14
21524,21389,14
21525,21390,12
21526,21393,15
21527,21393,15
21528,21394,13
21529,21396,14
21530,21396,13
21531,21398,15
21532,21398,14
21533,21400,12
21534,21401,12
21535,21402,11
21536,21402,14
21537,21403,13
21538,21405,12
21539,21407,11
21540,21407,15
21541,21409,15
21542,21409,11
21543,21411,11
21544,21411,14
21545,21412,13
21546,21413,15
21547,21414,13
21548,21414,12
21549,21415,11
21550,21415,15
21551,21416,11
21552,21417,14
21553,21417,13
21554,21418,11
21555,21420,15
21556,21421,13
21557,21422,11
21558,21422,12
21559,21423,13
21560,21423,12
21561,21427,11
21562,21428,14
21563,21429,11
21564,21429,15
21565,21430,15
21566,21430,11
21567,21434,12
21568,21435,13
21569,21435,11
21570,21436,14
21571,21436,11
21572,21440,14
21573,21441,11
21574,21442,14
21575,21443,15
21576,21443,14
21577,21444,15
21578,21445,15
21579,21447,11
21580,21447,11
21581,21448,13
21582,21448,15
21583,21450,11
21584,21452,12
21585,21453,13
21586,21453,14
21587,21454,11
21588,21455,12
21589,21455,11
21590,21456,12
21591,21456,11
21592,21457,15
21593,21457,12
21594,21459,13
21595,21460,12
21596,21460,13
21597,21461,11
21598,21462,14
21599,21462,13
21600,21463,11
21601,21463,12
21602,21464,13
21603,21466,12
21604,21467,14
21605,21467,15
21606,21468,15
21607,21468,12
21608,21471,14
21609,21473,13
21610,21473,14
21611,21474,14
21612,21474,11
21613,21475,14
21614,21476,12
21615,21476,15
21616,21478,14
21617,21478,13
21618,21479,15
21619,21483,11
21620,21485,15
21621,21486,12
21622,21486,14
21623,21487,12
21624,21487,13
21625,21491,15
21626,21491,13
21627,21492,15
21628,21493,11
21629,21493,14
21630,21494,13
21631,21494,15
21632,21495,14
21633,21496,12
21634,21498,14
21635,21498,11
21636,21499,11
21637,21499,13
21638,21500,14
21639,21501,14
21640,21503,13
21641,21503,14
21642,21504,13
21643,21504,14
21644,21505,12
21645,21506,14
21646,21506,11
21647,21507,12
21648,21507,11
21649,21508,12
21650,21509,15
21651,21510,15
21652,21511,11
21653,21513,15
21654,21515,12
21655,21518,13
21656,21518,15
21657,21519,12
21658,21520,11
21659,21521,11
21660,21522,12
21661,21522,15
21662,21524,12
21663,21525,12
21664,21525,11
21665,21527,13
21666,21527,11
21667,21529,11
21668,21529,15
21669,21531,15
21670,21533,15
21671,21534,12
21672,21535,11
21673,21536,15
21674,21536,12
21675,21537,12
21676,21537,15
21677,21538,14
21678,21539,15
21679,21540,11
21680,21541,12
21681,21541,11
21682,21543,15
21683,21545,12
21684,21547,15
21685,21548,12
21686,21550,14
21687,21552,13
21688,21553,14
21689,21554,14
21690,21556,14
21691,21559,14
21692,21559,13
21693,21560,11
21694,21561,11
21695,21561,13
21696,21562,11
21697,21564,12
21698,21564,12
21699,21566,15
21700,21568,13
21701,21568,11
21702,21569,12
21703,21570,12
21704,21570,11
21705,21571,15
21706,21572,12
21707,21572,11
21708,21573,11
21709,21573,13
21710,21574,14
21711,21574,15
21712,21575,14
21713,21576,13
21714,21578,15
21715,21578,15
21716,21579,14
21717,21579,12
21718,21580,15
21719,21582,11
21720,21584,12
21721,21585,14
21722,21586,12
21723,21586,12
21724,21587,13
21725,21587,13
21726,21589,14
21727,21589,13
21728,21591,12
21729,21591,11
21730,21592,12
21731,21593,11
21732,21593,14
21733,21595,12
21734,21596,13
21735,21596,13
21736,21598,14
21737,21600,15
21738,21601,12
21739,21602,13
21740,21602,13
21741,21604,12
21742,21605,13
21743,21607,14
21744,21607,12
21745,21608,14
21746,21609,15
21747,21610,13
21748,21610,13
21749,21611,11
21750,21612,15
21751,21612,11
21752,21613,11
21753,21615,15
21754,21616,11
21755,21617,13
21756,21619,11
21757,21619,14
21758,21620,13
21759,21620,15
21760,21621,15
21761,21621,15
21762,21622,12
21763,21628,14
21764,21628,12
21765,21630,13
21766,21631,14
21767,21631,12
21768,21632,14
21769,21634,15
21770,21636,11
21771,21636,12
21772,21638,15
21773,21638,13
21774,21639,11
21775,21639,11
21776,21640,13
21777,21641,14
21778,21641,14
21779,21642,14
21780,21643,11
21781,21643,11
21782,21646,15
21783,21646,12
21784,21648,12
21785,21649,15
21786,21649,13
21787,21650,12
21788,21650,13
21789,21651,13
21790,21652,13
21791,21652,13
21792,21653,14
21793,21654,14
21794,21654,11
21795,21656,15
21796,21656,15
21797,21657,13
21798,21658,13
21799,21658,11
21800,21659,12
21801,21663,15
21802,21663,12
21803,21664,15
21804,21664,14
21805,21665,15
21806,21665,14
21807,21668,12
21808,21669,15
21809,21669,14
21810,21670,12
21811,21672,13
21812,21673,15
21813,21674,12
21814,21675,15
21815,21675,11
21816,21677,11
21817,21677,11
21818,21678,15
21819,21678,11
21820,21679,11
21821,21679,11
21822,21681,13
21823,21683,13
21824,21684,14
21825,21684,15
21826,21685,13
21827,21686,15
21828,21686,13
21829,21687,15
21830,21687,11
21831,21688,12
21832,21688,11
21833,21689,12
21834,21689,11
21835,21690,12
21836,21690,14
21837,21691,12
21838,21692,11
21839,21692,13
21840,21693,12
21841,21693,14
21842,21694,14
21843,21694,12
21844,21696,11
21845,21697,11
21846,21699,12
21847,21699,11
21848,21700,14
21849,21700,13
21850,21701,14
21851,21703,11
21852,21703,15
21853,21705,13
21854,21706,13
21855,21706,12
21856,21707,13
21857,21707,15
21858,21708,12
21859,21708,13
21860,21709,11
21861,21709,15
21862,21710,12
21863,21710,15
21864,21711,12
21865,21713,14
21866,21713,13
21867,21714,14
21868,21714,11
21869,21716,13
21870,21717,14
21871,21717,11
21872,21718,11
21873,21718,12
21874,21722,13
21875,21723,14
21876,21723,13
21877,21725,12
21878,21725,11
21879,21726,13
21880,21726,11
21881,21729,11
21882,21729,13
21883,21730,13
21884,21730,14
21885,21733,13
21886,21734,12
21887,21735,14
21888,21736,12
21889,21737,15
21890,21741,13
21891,21743,14
21892,21743,12
21893,21744,15
21894,21744,15
21895,21745,15
21896,21747,12
21897,21748,13
21898,21749,11
21899,21750,12
21900,21751,12
21901,21751,12
21902,21752,12
21903,21753,11
21904,21753,15
21905,21754,15
21906,21755,15
21907,21755,12
21908,21757,14
21909,21758,14
21910,21759,15
21911,21760,15
21912,21763,11
21913,21763,14
21914,21764,14
21915,21765,13
21916,21766,11
21917,21768,15
21918,21768,14
21919,21770,13
21920,21770,11
21921,21771,11
21922,21772,11
21923,21772,14
21924,21773,15
21925,21774,14
21926,21774,12
21927,21775,13
21928,21776,15
21929,21777,12
21930,21777,13
21931,21778,11
21932,21778,12
21933,21780,15
21934,21781,15
21935,21782,15
21936,21782,12
21937,21783,11
21938,21784,14
21939,21786,15
21940,21786,12
21941,21787,13
21942,21788,14
21943,21791,15
21944,21792,14
21945,21792,14
21946,21794,14
21947,21794,15
21948,21795,12
21949,21795,11
21950,21796,15
21951,21796,13
21952,21799,14
21953,21799,12
21954,21800,13
21955,21802,15
21956,21802,12
21957,21803,12
21958,21803,14
21959,21804,15
21960,21804,11
21961,21805,12
21962,21805,11
21963,21807,13
21964,21809,13
21965,21812,14
21966,21813,11
21967,21816,12
21968,21817,15
21969,21817,13
21970,21819,12
21971,21820,15
21972,21820,12
21973,21821,11
21974,21822,13
21975,21823,15
21976,21825,12
21977,21826,14
21978,21826,12
21979,21827,11
21980,21828,11
21981,21829,13
21982,21830,12
21983,21830,12
21984,21831,13
21985,21834,13
21986,21835,15
21987,21835,11
21988,21836,12
21989,21836,11
21990,21839,14
21991,21839,11
21992,21840,15
21993,21840,15
21994,21841,13
21995,21844,11
21996,21844,11
21997,21846,14
21998,21847,14
21999,21847,11
22000,21848,11
22001,21848,14
22002,21849,14
22003,21850,12
22004,21850,12
22005,21851,12
22006,21852,13
22007,21853,12
22008,21853,11
22009,21854,15
22010,21854,15
22011,21856,14
22012,21856,14
22013,21857,14
22014,21861,15
22015,21861,14
22016,21862,11
22017,21865,15
22018,21865,15
22019,21867,12
22020,21869,11
22021,21870,15
22022,21870,14
22023,21871,11
22024,21872,15
22025,21873,11
22026,21874,15
22027,21875,13
22028,21875,14
22029,21876,13
22030,21878,11
22031,21878,14
22032,21880,14
22033,21880,13
22034,21881,11
22035,21883,12
22036,21883,12
22037,21885,14
22038,21888,14
22039,21889,11
22040,21889,12
22041,21890,13
22042,21890,14
22043,21891,11
22044,21891,12
22045,21892,14
22046,21894,15
22047,21896,12
22048,21896,13
22049,21897,11
22050,21897,11
22051,21898,15
22052,21899,15
22053,21905,11
22054,21907,12
22055,21911,13
22056,21912,11
22057,21913,12
22058,21914,14
22059,21914,12
22060,21917,12
22061,21917,13
22062,21918,14
22063,21919,15
22064,21919,13
22065,21922,13
22066,21922,14
22067,21925,12
22068,21925,15
22069,21927,12
22070,21929,12
22071,21929,11
22072,21931,11
22073,21931,11
22074,21933,13
22075,21933,13
22076,21934,13
22077,21935,15
22078,21935,11
22079,21936,15
22080,21936,14
22081,21937,11
22082,21938,14
22083,21939,11
22084,21939,12
22085,21941,12
22086,21941,12
22087,21944,11
22088,21945,11
22089,21945,12
22090,21946,13
22091,21947,12
22092,21947,15
22093,21951,15
22094,21951,12
22095,21952,15
22096,21952,11
22097,21953,13
22098,21956,13
22099,21956,15
22100,21958,12
22101,21958,13
22102,21961,13
22103,21961,13
22104,21962,14
22105,21966,11
22106,21966,14
22107,21972,11
22108,21972,14
22109,21973,12
22110,21973,13
22111,21976,12
22112,21978,13
22113,21980,11
22114,21981,15
22115,21981,11
22116,21984,11
22117,21984,11
22118,21985,11
22119,21986,12
22120,21988,13
22121,21988,13
22122,21989,14
22123,21990,13
22124,21990,12
22125,21991,15
22126,21992,14
22127,21994,13
22128,21994,14
22129,21995,13
22130,21995,11
22131,21996,13
22132,21996,14
22133,21997,15
22134,21998,15
22135,21998,15
22136,21999,14
22137,22000,13
22138,22000,11
22139,22002,15
22140,22004,14
22141,22005,13
22142,22005,15
22143,22006,14
22144,22006,15
22145,22008,13
22146,22008,14
22147,22010,11
22148,22010,11
22149,22012,14
22150,22012,15
22151,22013,15
22152,22015,12
22153,22015,11
22154,22018,12
22155,22020,13
22156,22021,14
22157,22022,13
22158,22022,11
22159,22024,12
22160,22024,15
22161,22025,14
22162,22026,14
22163,22026,14
22164,22027,14
22165,22030,11
22166,22032,15
22167,22033,11
22168,22038,13
22169,22038,14
22170,22039,12
22171,22039,15
22172,22040,14
22173,22040,11
22174,22042,14
22175,22042,13
22176,22044,13
22177,22044,14
22178,22045,12
22179,22045,13
22180,22046,14
22181,22046,14
22182,22047,14
22183,22048,12
22184,22049,13
22185,22049,14
22186,22050,14
22187,22051,12
22188,22051,12
22189,22052,15
22190,22053,13
22191,22054,13
22192,22054,13
22193,22055,11
22194,22056,15
22195,22057,15
22196,22057,11
22197,22058,15
22198,22058,14
22199,22059,13
22200,22063,14
22201,22063,11
22202,22064,11
22203,22065,15
22204,22066,12
22205,22066,12
22206,22068,12
22207,22068,11
22208,22069,15
22209,22070,12
22210,22070,11
22211,22071,15
22212,22071,11
22213,22072,14
22214,22073,14
22215,22073,13
22216,22074,13
22217,22074,12
22218,22077,11
22219,22078,14
22220,22078,14
22221,22079,13
22222,22079,13
22223,22081,11
22224,22081,11
22225,22085,13
22226,22085,11
22227,22086,11
22228,22087,14
22229,22088,12
22230,22090,11
22231,22092,15
22232,22093,12
22233,22094,12
22234,22094,15
22235,22095,11
22236,22095,14
22237,22097,15
22238,22099,11
22239,22099,11
22240,22100,14
22241,22101,11
22242,22101,14
22243,22102,12
22244,22103,14
22245,22104,15
22246,22104,14
22247,22105,14
22248,22106,15
22249,22108,14
22250,22108,14
22251,22109,15
22252,22109,13
22253,22110,12
22254,22112,15
22255,22112,12
22256,22114,12
22257,22114,13
22258,22117,12
22259,22117,13
22260,22120,15
22261,22122,15
22262,22123,12
22263,22124,12
22264,22124,12
22265,22125,15
22266,22125,15
22267,22126,13
22268,22128,14
22269,22130,11
22270,22130,12
22271,22131,13
22272,22131,11
22273,22132,13
22274,22132,12
22275,22133,12
22276,22135,12
22277,22136,12
22278,22136,13
22279,22137,11
22280,22138,12
22281,22138,13
22282,22141,12
22283,22142,11
22284,22142,13
22285,22143,12
22286,22144,14
22287,22145,12
22288,22145,11
22289,22147,15
22290,22147,14
22291,22148,15
22292,22148,15
22293,22149,14
22294,22151,14
22295,22152,13
22296,22152,13
22297,22153,14
22298,22153,12
22299,22156,12
22300,22156,11
22301,22157,14
22302,22157,14
22303,22159,11
22304,22162,15
22305,22166,14
22306,22166,11
22307,22167,14
22308,22169,12
22309,22171,12
22310,22171,11
22311,22172,14
22312,22173,12
22313,22174,14
22314,22175,11
22315,22175,15
22316,22176,12
22317,22176,15
22318,22177,15
22319,22178,14
22320,22179,14
22321,22179,13
22322,22180,11
22323,22181,12
22324,22181,11
22325,22182,11
22326,22183,14
22327,22184,14
22328,22184,13
22329,22185,12
22330,22185,12
22331,22187,14
22332,22187,14
22333,22189,13
22334,22189,14
22335,22191,13
22336,22192,13
22337,22192,13
22338,22193,15
22339,22193,13
22340,22195,12
22341,22197,15
22342,22198,11
22343,22198,14
22344,22199,11
22345,22199,13
22346,22200,13
22347,22200,11
22348,22201,14
22349,22202,15
22350,22202,11
22351,22203,13
22352,22205,14
22353,22206,14
22354,22207,15
22355,22208,11
22356,22209,13
22357,22209,11
22358,22210,12
22359,22211,14
22360,22211,13
22361,22213,13
22362,22213,14
22363,22214,15
22364,22214,15
22365,22216,15
22366,22216,13
22367,22219,13
22368,22219,12
22369,22220,14
22370,22221,15
22371,22222,11
22372,22222,11
22373,22223,12
22374,22224,13
22375,22224,15
22376,22226,11
22377,22226,12
22378,22227,13
22379,22227,12
22380,22228,15
22381,22228,11
22382,22229,11
22383,22230,11
22384,22231,11
22385,22231,14
22386,22232,14
22387,22232,15
22388,22234,14
22389,22234,12
22390,22237,14
22391,22237,15
22392,22240,11
22393,22240,12
22394,22241,11
22395,22241,15
22396,22243,11
22397,22245,15
22398,22245,12
22399,22246,15
22400,22246,15
22401,22247,14
22402,22249,12
22403,22249,15
22404,22251,12
22405,22251,13
22406,22252,11
22407,22252,11
22408,22254,15
22409,22254,11
22410,22255,12
22411,22255,13
22412,22256,12
22413,22256,11
22414,22257,13
22415,22257,14
22416,22258,13
22417,22258,12
22418,22260,14
22419,22260,13
22420,22261,13
22421,22261,14
22422,22265,14
22423,22267,15
22424,22267,13
22425,22268,15
22426,22269,14
22427,22269,15
22428,22270,15
22429,22270,13
22430,22271,14
22431,22271,15
22432,22273,13
22433,22273,13
22434,22275,14
22435,22275,11
22436,22276,11
22437,22277,13
22438,22278,12
22439,22278,14
22440,22279,15
22441,22279,11
22442,22280,12
22443,22280,14
22444,22281,14
22445,22283,13
22446,22285,11
22447,22286,13
22448,22286,14
22449,22287,13
22450,22290,12
22451,22291,14
22452,22291,14
22453,22292,12
22454,22293,11
22455,22295,14
22456,22297,14
22457,22297,14
22458,22298,14
22459,22298,11
22460,22299,15
22461,22299,14
22462,22301,13
22463,22301,15
22464,22302,15
22465,22303,11
22466,22304,15
22467,22305,11
22468,22306,12
22469,22306,15
22470,22307,15
22471,22308,11
22472,22308,14
22473,22311,12
22474,22311,13
22475,22312,12
22476,22312,11
22477,22314,11
22478,22314,14
22479,22316,12
22480,22316,13
22481,22317,15
22482,22317,12
22483,22318,15
22484,22318,13
22485,22319,11
22486,22319,13
22487,22320,13
22488,22321,14
22489,22323,13
22490,22324,12
22491,22324,12
22492,22326,15
22493,22326,13
22494,22327,11
22495,22329,11
22496,22329,13
22497,22330,15
22498,22330,15
22499,22332,15
22500,22332,13
22501,22333,12
22502,22333,11
22503,22335,12
22504,22335,11
22505,22337,13
22506,22337,14
22507,22339,15
22508,22339,14
22509,22341,15
22510,22341,11
22511,22342,15
22512,22342,15
22513,22343,11
22514,22345,11
22515,22345,12
22516,22348,13
22517,22348,12
22518,22349,14
22519,22350,13
22520,22350,11
22521,22351,11
22522,22351,11
22523,22352,15
22524,22353,14
22525,22353,12
22526,22354,12
22527,22355,12
22528,22355,13
22529,22356,12
22530,22356,15
22531,22357,15
22532,22357,12
22533,22359,13
22534,22360,13
22535,22361,11
22536,22363,15
22537,22365,11
22538,22366,15
22539,22368,14
22540,22369,14
22541,22370,11
22542,22370,11
22543,22373,14
22544,22374,11
22545,22374,15
22546,22375,13
22547,22376,12
22548,22376,12
22549,22377,12
22550,22378,12
22551,22378,12
22552,22379,11
22553,22379,12
22554,22381,13
22555,22382,15
22556,22382,11
22557,22383,11
22558,22383,13
22559,22387,11
22560,22388,15
22561,22389,14
22562,22391,14
22563,22392,13
22564,22393,11
22565,22393,13
22566,22394,13
22567,22394,15
22568,22395,15
22569,22396,14
22570,22396,14
22571,22398,12
22572,22399,15
22573,22400,12
22574,22400,13
22575,22401,14
22576,22401,14
22577,22402,14
22578,22403,11
22579,22404,12
22580,22404,15
22581,22405,13
22582,22405,14
22583,22407,14
22584,22407,13
22585,22411,11
22586,22412,12
22587,22412,15
22588,22413,15
22589,22413,15
22590,22416,15
22591,22417,13
22592,22417,13
22593,22418,14
22594,22419,15
22595,22420,12
22596,22420,12
22597,22421,11
22598,22421,12
22599,22424,12
22600,22425,15
22601,22426,12
22602,22427,13
22603,22428,11
22604,22428,14
22605,22429,12
22606,22429,12
22607,22430,14
22608,22432,12
22609,22432,12
22610,22435,14
22611,22435,11
22612,22436,14
22613,22437,15
22614,22438,12
22615,22440,12
22616,22440,12
22617,22442,11
22618,22442,14
22619,22443,11
22620,22444,13
22621,22446,14
22622,22446,14
22623,22448,13
22624,22449,13
22625,22449,12
22626,22451,11
22627,22451,12
22628,22454,13
22629,22455,12
22630,22458,13
22631,22458,12
22632,22459,15
22633,22459,15
22634,22460,15
22635,22461,13
22636,22462,15
22637,22463,12
22638,22463,11
22639,22464,13
22640,22464,15
22641,22465,11
22642,22467,12
22643,22467,13
22644,22469,13
22645,22470,14
22646,22470,13
22647,22476,12
22648,22477,14
22649,22479,15
22650,22480,11
22651,22482,12
22652,22482,14
22653,22485,11
22654,22485,13
22655,22486,11
22656,22486,11
22657,22487,15
22658,22487,11
22659,22488,13
22660,22488,14
22661,22489,14
22662,22489,11
22663,22491,11
22664,22492,12
22665,22497,13
22666,22497,15
22667,22499,12
22668,22500,13
22669,22500,13
22670,22503,11
22671,22503,15
22672,22505,14
22673,22505,14
22674,22506,11
22675,22507,13
22676,22508,15
22677,22508,14
22678,22509,13
22679,22510,12
22680,22510,15
22681,22512,12
22682,22512,15
22683,22513,11
22684,22513,14
22685,22514,14
22686,22514,11
22687,22515,14
22688,22516,12
22689,22516,11
22690,22517,15
22691,22519,15
22692,22519,11
22693,22520,11
22694,22520,14
22695,22521,14
22696,22522,13
22697,22522,14
22698,22523,12
22699,22523,14
22700,22524,14
22701,22528,14
22702,22528,12
22703,22530,12
22704,22530,11
22705,22531,11
22706,22532,12
22707,22532,12
22708,22533,13
22709,22534,12
22710,22534,15
22711,22535,13
22712,22535,15
22713,22536,11
22714,22537,12
22715,22537,13
22716,22538,14
22717,22538,13
22718,22539,12
22719,22540,11
22720,22540,15
22721,22541,15
22722,22543,12
22723,22544,11
22724,22544,13
22725,22546,11
22726,22547,13
22727,22547,15
22728,22549,12
22729,22550,11
22730,22551,12
22731,22554,12
22732,22554,11
22733,22555,15
22734,22555,11
22735,22556,12
22736,22556,11
22737,22557,13
22738,22560,12
22739,22562,13
22740,22563,14
22741,22563,14
22742,22564,11
22743,22564,11
22744,22566,14
22745,22568,13
22746,22568,12
22747,22569,13
22748,22570,11
22749,22570,15
22750,22574,12
22751,22574,11
22752,22577,15
22753,22578,12
22754,22578,15
22755,22579,12
22756,22579,13
22757,22580,15
22758,22581,13
22759,22582,14
22760,22583,13
22761,22584,14
22762,22584,13
22763,22585,12
22764,22586,15
22765,22588,14
22766,22588,12
22767,22589,13
22768,22593,15
22769,22593,11
22770,22594,15
22771,22595,14
22772,22596,11
22773,22598,12
22774,22601,11
22775,22603,11
22776,22604,11
22777,22605,11
22778,22605,11
22779,22606,15
22780,22607,14
22781,22610,13
22782,22610,12
22783,22611,12
22784,22612,11
22785,22612,11
22786,22613,11
22787,22613,13
22788,22615,13
22789,22615,15
22790,22616,12
22791,22616,13
22792,22617,12
22793,22618,11
22794,22618,15
22795,22619,15
22796,22620,11
22797,22620,11
22798,22621,14
22799,22622,13
22800,22623,11
22801,22624,14
22802,22625,15
22803,22625,11
22804,22627,15
22805,22627,15
22806,22628,11
22807,22628,13
22808,22629,13
22809,22629,11
22810,22630,12
22811,22631,13
22812,22631,13
22813,22632,12
22814,22633,13
22815,22633,14
22816,22634,13
22817,22635,14
22818,22635,12
22819,22636,15
22820,22636,14
22821,22637,14
22822,22638,15
22823,22638,12
22824,22639,15
22825,22639,11
22826,22640,15
22827,22640,13
22828,22642,14
22829,22642,13
22830,22643,11
22831,22644,14
22832,22644,11
22833,22645,11
22834,22646,15
22835,22646,15
22836,22647,11
22837,22647,14
22838,22648,15
22839,22648,15
22840,22649,12
22841,22650,14
22842,22651,14
22843,22651,15
22844,22652,13
22845,22656,13
22846,22657,14
22847,22657,11
22848,22658,13
22849,22658,11
22850,22660,12
22851,22661,11
22852,22661,15
22853,22664,14
22854,22665,14
22855,22665,12
22856,22666,15
22857,22666,15
22858,22667,12
22859,22668,15
22860,22670,11
22861,22671,12
22862,22671,15
22863,22672,11
22864,22672,14
22865,22675,12
22866,22675,12
22867,22677,14
22868,22678,13
22869,22678,13
22870,22680,14
22871,22681,11
22872,22682,14
22873,22683,15
22874,22683,13
22875,22685,12
22876,22685,15
22877,22686,14
22878,22686,13
22879,22687,14
22880,22687,14
22881,22688,15
22882,22688,15
22883,22691,15
22884,22691,12
22885,22692,13
22886,22692,12
22887,22693,11
22888,22693,11
22889,22695,13
22890,22696,14
22891,22696,12
22892,22697,14
22893,22697,15
22894,22701,11
22895,22702,11
22896,22703,13
22897,22703,11
22898,22704,13
22899,22706,15
22900,22707,11
22901,22707,12
22902,22708,12
22903,22708,13
22904,22709,11
22905,22709,13
22906,22710,11
22907,22711,14
22908,22712,12
22909,22713,12
22910,22715,11
22911,22718,12
22912,22718,14
22913,22721,13
22914,22721,12
22915,22722,15
22916,22723,13
22917,22723,11
22918,22724,12
22919,22724,14
22920,22725,11
22921,22725,15
22922,22726,14
22923,22728,11
22924,22728,12
22925,22729,14
22926,22729,14
22927,22730,11
22928,22730,15
22929,22732,15
22930,22733,14
22931,22733,12
22932,22734,12
22933,22735,14
22934,22737,15
22935,22737,14
22936,22738,14
22937,22740,11
22938,22740,11
22939,22741,14
22940,22742,13
22941,22743,11
22942,22746,11
22943,22746,15
22944,22747,12
22945,22748,13
22946,22749,12
22947,22754,14
22948,22754,11
22949,22755,11
22950,22756,12
22951,22756,11
22952,22757,13
22953,22757,12
22954,22758,15
22955,22758,14
22956,22759,12
22957,22761,11
22958,22762,12
22959,22762,13
22960,22763,14
22961,22763,14
22962,22765,15
22963,22766,11
22964,22766,13
22965,22767,12
22966,22768,14
22967,22772,13
22968,22772,15
22969,22774,13
22970,22775,13
22971,22775,14
22972,22776,12
22973,22777,13
22974,22779,11
22975,22779,11
22976,22780,14
22977,22780,12
22978,22781,15
22979,22781,15
22980,22783,12
22981,22783,14
22982,22784,11
22983,22785,14
22984,22785,13
22985,22786,11
22986,22786,11
22987,22789,14
22988,22789,13
22989,22790,15
22990,22791,11
22991,22792,13
22992,22793,11
22993,22793,14
22994,22797,12
22995,22797,12
22996,22798,12
22997,22798,15
22998,22799,15
22999,22800,13
23000,22801,11
23001,22802,13
23002,22802,15
23003,22803,12
23004,22803,11
23005,22804,12
23006,22805,15
23007,22805,13
23008,22806,12
23009,22806,11
23010,22807,14
23011,22807,12
23012,22808,15
23013,22809,15
23014,22810,11
23015,22810,11
23016,22811,13
23017,22811,12
23018,22813,11
23019,22814,14
23020,22816,15
23021,22816,12
23022,22817,11
23023,22818,12
23024,22819,15
23025,22819,13
23026,22820,12
23027,22820,12
23028,22821,13
23029,22821,11
23030,22822,13
23031,22822,12
23032,22823,13
23033,22823,14
23034,22824,13
23035,22824,13
23036,22828,15
23037,22828,11
23038,22829,11
23039,22830,14
23040,22830,12
23041,22832,12
23042,22834,12
23043,22835,14
23044,22836,12
23045,22838,15
23046,22838,11
23047,22839,15
23048,22839,13
23049,22840,13
23050,22841,11
23051,22842,15
23052,22843,12
23053,22845,11
23054,22845,11
23055,22847,13
23056,22847,14
23057,22848,13
23058,22850,13
23059,22851,15
23060,22851,11
23061,22852,14
23062,22852,15
23063,22853,12
23064,22854,14
23065,22854,15
23066,22855,11
23067,22855,11
23068,22858,15
23069,22859,14
23070,22862,15
23071,22864,15
23072,22864,14
23073,22869,15
23074,22870,15
23075,22871,12
23076,22871,13
23077,22872,12
23078,22872,15
23079,22873,15
23080,22875,11
23081,22875,14
23082,22877,14
23083,22877,13
23084,22878,15
23085,22878,14
23086,22879,14
23087,22881,13
23088,22881,13
23089,22882,14
23090,22883,14
23091,22884,14
23092,22884,13
23093,22885,15
23094,22885,15
23095,22886,11
23096,22886,12
23097,22888,13
23098,22888,14
23099,22890,15
23100,22892,13
23101,22893,13
23102,22893,12
23103,22895,14
23104,22897,13
23105,22898,15
23106,22899,12
23107,22899,14
23108,22903,13
23109,22903,13
23110,22904,12
23111,22905,13
23112,22906,13
23113,22909,12
23114,22911,13
23115,22911,11
23116,22912,11
23117,22912,11
23118,22913,14
23119,22913,14
23120,22914,13
23121,22914,14
23122,22915,15
23123,22916,14
23124,22917,11
23125,22920,12
23126,22921,11
23127,22922,14
23128,22922,12
23129,22925,14
23130,22927,13
23131,22927,15
23132,22931,12
23133,22931,15
23134,22932,13
23135,22933,13
23136,22934,11
23137,22937,15
23138,22938,12
23139,22938,15
23140,22941,13
23141,22942,12
23142,22942,14
23143,22944,15
23144,22945,12
23145,22946,13
23146,22949,12
23147,22950,14
23148,22950,14
23149,22951,15
23150,22951,12
23151,22952,15
23152,22954,14
23153,22954,11
23154,22956,13
23155,22957,12
23156,22958,11
23157,22962,14
23158,22962,11
23159,22964,11
23160,22964,15
23161,22966,12
23162,22966,12
23163,22967,14
23164,22967,15
23165,22968,13
23166,22968,15
23167,22969,13
23168,22970,14
23169,22972,13
23170,22974,15
23171,22974,13
23172,22975,14
23173,22976,12
23174,22978,14
23175,22979,13
23176,22979,13
23177,22980,15
23178,22981,15
23179,22981,14
23180,22982,13
23181,22982,15
23182,22984,12
23183,22984,13
23184,22986,15
23185,22987,12
23186,22987,13
23187,22989,12
23188,22989,15
23189,22990,12
23190,22992,13
23191,22992,11
23192,22995,13
23193,22995,11
23194,23002,15
23195,23002,13
23196,23003,15
23197,23004,11
23198,23005,13
23199,23005,12
23200,23006,12
23201,23008,12
23202,23009,14
23203,23009,12
23204,23010,11
23205,23011,14
23206,23011,12
23207,23013,14
23208,23013,12
23209,23016,11
23210,23017,11
23211,23017,14
23212,23019,14
23213,23019,11
23214,23020,14
23215,23020,14
23216,23021,13
23217,23022,13
23218,23024,15
23219,23026,13
23220,23028,12
23221,23028,12
23222,23029,14
23223,23030,15
23224,23031,11
23225,23032,11
23226,23032,15
23227,23033,12
23228,23037,14
23229,23037,15
23230,23038,13
23231,23038,12
23232,23041,11
23233,23042,11
23234,23043,14
23235,23045,14
23236,23045,12
23237,23046,11
23238,23046,13
23239,23047,11
23240,23047,12
23241,23050,15
23242,23052,11
23243,23052,11
23244,23053,13
23245,23054,14
23246,23056,11
23247,23057,14
23248,23057,11
23249,23058,11
23250,23060,14
23251,23061,12
23252,23061,12
23253,23063,12
23254,23063,13
23255,23064,12
23256,23064,11
23257,23066,13
23258,23067,13
23259,23069,13
23260,23071,11
23261,23073,11
23262,23074,14
23263,23074,14
23264,23075,13
23265,23076,12
23266,23076,15
23267,23077,14
23268,23078,15
23269,23078,15
23270,23080,15
23271,23084,15
23272,23084,11
23273,23087,15
23274,23087,15
23275,23089,13
23276,23090,11
23277,23092,11
23278,23094,12
23279,23094,15
23280,23095,12
23281,23096,15
23282,23097,14
23283,23097,14
23284,23098,15
23285,23098,13
23286,23099,13
23287,23100,14
23288,23101,14
23289,23101,11
23290,23103,15
23291,23104,15
23292,23105,13
23293,23105,11
23294,23107,11
23295,23107,13
23296,23108,15
23297,23109,12
23298,23112,13
23299,23112,13
23300,23113,13
23301,23115,13
23302,23116,15
23303,23116,13
23304,23117,12
23305,23118,14
23306,23120,15
23307,23121,14
23308,23121,14
23309,23122,15
23310,23124,11
23311,23125,11
23312,23125,12
23313,23127,11
23314,23128,15
23315,23128,11
23316,23129,15
23317,23130,12
23318,23132,12
23319,23133,15
23320,23135,13
23321,23135,14
23322,23136,12
23323,23136,12
23324,23137,13
23325,23138,11
23326,23138,14
23327,23141,14
23328,23141,14
23329,23142,13
23330,23143,12
23331,23143,12
23332,23144,15
23333,23145,13
23334,23145,15
23335,23146,15
23336,23146,12
23337,23147,14
23338,23147,15
23339,23148,12
23340,23148,13
23341,23149,12
23342,23149,12
23343,23150,14
23344,23152,13
23345,23155,11
23346,23155,14
23347,23156,12
23348,23156,13
23349,23157,12
23350,23158,11
23351,23158,12
23352,23159,14
23353,23159,15
23354,23160,11
23355,23160,11
23356,23162,14
23357,23164,15
23358,23164,11
23359,23167,11
23360,23167,12
23361,23168,14
23362,23169,14
23363,23169,13
23364,23170,11
23365,23170,14
23366,23172,11
23367,23172,12
23368,23173,15
23369,23173,15
23370,23174,13
23371,23176,14
23372,23176,11
23373,23179,12
23374,23179,12
23375,23182,11
23376,23182,12
23377,23183,11
23378,23183,14
23379,23185,13
23380,23185,12
23381,23186,14
23382,23186,13
23383,23187,14
23384,23192,11
23385,23192,14
23386,23193,11
23387,23195,14
23388,23195,11
23389,23197,15
23390,23198,15
23391,23199,15
23392,23199,15
23393,23200,15
23394,23200,12
23395,23201,14
23396,23201,13
23397,23202,13
23398,23202,12
23399,23204,13
23400,23204,15
23401,23205,15
23402,23207,13
23403,23209,15
23404,23209,13
23405,23210,13
23406,23211,13
23407,23211,14
23408,23212,12
23409,23213,15
23410,23213,15
23411,23215,13
23412,23218,12
23413,23218,13
23414,23219,11
23415,23219,13
23416,23221,15
23417,23221,15
23418,23222,12
23419,23225,15
23420,23225,13
23421,23226,11
23422,23227,12
23423,23229,11
23424,23229,12
23425,23230,13
23426,23231,13
23427,23231,11
23428,23232,14
23429,23232,12
23430,23233,13
23431,23234,13
23432,23234,12
23433,23235,13
23434,23236,15
23435,23236,12
23436,23238,14
23437,23238,13
23438,23240,14
23439,23242,15
23440,23242,13
23441,23245,11
23442,23245,11
23443,23246,13
23444,23246,11
23445,23248,11
23446,23248,13
23447,23249,12
23448,23249,15
23449,23250,15
23450,23250,15
23451,23251,12
23452,23253,12
23453,23253,12
23454,23254,13
23455,23254,13
23456,23255,15
23457,23255,11
23458,23256,14
23459,23257,14
23460,23257,13
23461,23258,12
23462,23258,11
23463,23259,12
23464,23260,14
23465,23260,12
23466,23261,12
23467,23262,14
23468,23264,12
23469,23265,14
23470,23265,13
23471,23266,14
23472,23266,11
23473,23267,15
23474,23267,14
23475,23269,14
23476,23270,13
23477,23270,12
23478,23271,14
23479,23273,15
23480,23274,11
23481,23276,12
23482,23277,13
23483,23277,12
23484,23278,14
23485,23280,14
23486,23281,14
23487,23282,15
23488,23282,13
23489,23283,14
23490,23285,15
23491,23285,11
23492,23287,14
23493,23287,14
23494,23288,15
23495,23288,13
23496,23290,13
23497,23291,12
23498,23292,11
23499,23293,11
23500,23294,14
23501,23294,15
23502,23296,13
23503,23296,14
23504,23299,12
23505,23299,11
23506,23301,12
23507,23302,14
23508,23302,13
23509,23303,11
23510,23304,12
23511,23305,15
23512,23306,15
23513,23306,12
23514,23307,12
23515,23307,12
23516,23309,13
23517,23309,15
23518,23312,12
23519,23312,12
23520,23313,15
23521,23313,15
23522,23314,15
23523,23316,15
23524,23317,13
23525,23317,12
23526,23319,11
23527,23319,14
23528,23320,14
23529,23321,11
23530,23322,11
23531,23322,12
23532,23324,15
23533,23325,15
23534,23326,14
23535,23326,14
23536,23327,14
23537,23328,14
23538,23328,14
23539,23330,12
23540,23331,15
23541,23331,13
23542,23332,15
23543,23332,12
23544,23333,13
23545,23334,13
23546,23334,14
23547,23335,11
23548,23336,12
23549,23337,11
23550,23339,15
23551,23339,13
23552,23340,11
23553,23340,11
23554,23341,11
23555,23341,12
23556,23342,12
23557,23343,15
23558,23343,14
23559,23344,15
23560,23344,13
23561,23345,11
23562,23346,13
23563,23347,15
23564,23350,13
23565,23350,12
23566,23351,14
23567,23352,15
23568,23352,14
23569,23353,15
23570,23353,11
23571,23354,14
23572,23355,13
23573,23355,11
23574,23356,12
23575,23357,12
23576,23358,15
23577,23360,11
23578,23360,15
23579,23363,14
23580,23363,15
23581,23364,11
23582,23365,13
23583,23366,13
23584,23367,14
23585,23368,14
23586,23369,12
23587,23370,13
23588,23370,12
23589,23371,11
23590,23373,14
23591,23375,11
23592,23375,12
23593,23376,14
23594,23378,13
23595,23378,13
23596,23379,11
23597,23379,14
23598,23381,11
23599,23381,13
23600,23382,15
23601,23384,13
23602,23384,11
23603,23385,11
23604,23385,11
23605,23388,13
23606,23388,12
23607,23389,13
23608,23389,12
23609,23390,11
23610,23391,15
23611,23391,12
23612,23392,12
23613,23393,11
23614,23393,13
23615,23396,14
23616,23397,14
23617,23397,11
23618,23398,15
23619,23399,13
23620,23400,14
23621,23403,14
23622,23403,15
23623,23405,14
23624,23406,11
23625,23407,12
23626,23407,14
23627,23408,11
23628,23410,13
23629,23411,11
23630,23411,15
23631,23412,14
23632,23412,11
23633,23413,13
23634,23413,13
23635,23416,13
23636,23416,15
23637,23418,14
23638,23420,15
23639,23420,15
23640,23421,11
23641,23423,14
23642,23424,11
23643,23424,14
23644,23425,12
23645,23427,15
23646,23427,15
23647,23428,12
23648,23428,13
23649,23430,12
23650,23431,14
23651,23431,12
23652,23434,13
23653,23435,12
23654,23435,14
23655,23436,12
23656,23438,12
23657,23438,11
23658,23439,12
23659,23439,11
23660,23441,12
23661,23441,14
23662,23442,12
23663,23442,13
23664,23443,14
23665,23445,13
23666,23445,13
23667,23447,12
23668,23450,12
23669,23451,14
23670,23451,13
23671,23454,12
23672,23454,13
23673,23456,13
23674,23457,12
23675,23460,12
23676,23460,14
23677,23461,13
23678,23461,13
23679,23463,15
23680,23463,13
23681,23464,12
23682,23464,12
23683,23465,12
23684,23467,14
23685,23468,13
23686,23469,12
23687,23469,13
23688,23471,14
23689,23471,15
23690,23473,12
23691,23473,11
23692,23475,15
23693,23475,11
23694,23476,13
23695,23476,11
23696,23477,12
23697,23477,11
23698,23478,13
23699,23479,11
23700,23479,13
23701,23480,13
23702,23481,11
23703,23482,11
23704,23483,15
23705,23483,15
23706,23484,11
23707,23484,13
23708,23485,13
23709,23486,12
23710,23486,11
23711,23487,13
23712,23488,11
23713,23490,11
23714,23491,12
23715,23492,15
23716,23493,11
23717,23495,14
23718,23496,12
23719,23498,12
23720,23498,13
23721,23499,13
23722,23499,11
23723,23500,11
23724,23500,12
23725,23503,12
23726,23504,12
23727,23504,15
23728,23505,14
23729,23506,15
23730,23508,13
23731,23508,15
23732,23510,11
23733,23510,13
23734,23511,15
23735,23511,12
23736,23512,15
23737,23515,15
23738,23516,14
23739,23519,13
23740,23519,11
23741,23521,15
23742,23521,15
23743,23524,13
23744,23526,15
23745,23526,11
23746,23528,11
23747,23528,12
23748,23529,11
23749,23531,12
23750,23531,14
23751,23532,14
23752,23533,13
23753,23533,13
23754,23534,12
23755,23534,14
23756,23535,12
23757,23536,15
23758,23536,11
23759,23537,13
23760,23537,11
23761,23538,15
23762,23539,14
23763,23539,15
23764,23540,15
23765,23540,14
23766,23542,14
23767,23543,14
23768,23543,13
23769,23545,14
23770,23545,15
23771,23546,15
23772,23547,13
23773,23549,15
23774,23552,15
23775,23552,15
23776,23553,12
23777,23553,12
23778,23554,14
23779,23555,15
23780,23557,15
23781,23557,15
23782,23558,15
23783,23558,14
23784,23560,12
23785,23561,11
23786,23563,11
23787,23567,13
23788,23568,12
23789,23568,15
23790,23571,15
23791,23572,15
23792,23572,11
23793,23574,15
23794,23575,12
23795,23575,13
23796,23576,14
23797,23576,11
23798,23578,15
23799,23581,15
23800,23581,15
23801,23583,15
23802,23584,15
23803,23585,14
23804,23586,15
23805,23587,14
23806,23589,13
23807,23590,15
23808,23590,13
23809,23591,13
23810,23591,15
23811,23592,14
23812,23594,12
23813,23594,13
23814,23595,13
23815,23596,12
23816,23597,14
23817,23597,13
23818,23599,14
23819,23600,15
23820,23600,13
23821,23601,15
23822,23602,13
23823,23603,13
23824,23603,12
23825,23604,15
23826,23605,14
23827,23606,11
23828,23606,13
23829,23607,11
23830,23607,12
23831,23608,14
23832,23609,13
23833,23610,14
23834,23611,15
23835,23611,13
23836,23613,15
23837,23613,15
23838,23615,15
23839,23616,13
23840,23616,12
23841,23619,15
23842,23620,15
23843,23621,15
23844,23622,15
23845,23622,11
23846,23624,11
23847,23624,12
23848,23625,15
23849,23626,15
23850,23626,13
23851,23627,11
23852,23628,15
23853,23629,14
23854,23630,11
23855,23631,14
23856,23631,13
23857,23633,11
23858,23634,12
23859,23635,11
23860,23635,13
23861,23636,12
23862,23636,13
23863,23637,14
23864,23640,13
23865,23640,13
23866,23642,12
23867,23644,15
23868,23645,15
23869,23645,11
23870,23646,11
23871,23646,11
23872,23648,11
23873,23648,14
23874,23649,14
23875,23649,12
23876,23650,13
23877,23652,14
23878,23653,12
23879,23654,14
23880,23656,15
23881,23656,15
23882,23657,15
23883,23657,13
23884,23658,12
23885,23659,12
23886,23659,12
23887,23660,14
23888,23660,12
23889,23661,11
23890,23661,11
23891,23664,12
23892,23665,11
23893,23667,15
23894,23667,11
23895,23668,15
23896,23668,11
23897,23670,14
23898,23670,12
23899,23671,13
23900,23672,12
23901,23672,12
23902,23673,13
23903,23673,15
23904,23675,11
23905,23675,12
23906,23676,13
23907,23676,12
23908,23678,11
23909,23679,13
23910,23680,11
23911,23680,14
23912,23681,12
23913,23681,15
23914,23684,11
23915,23684,14
23916,23685,11
23917,23687,14
23918,23688,15
23919,23689,13
23920,23690,12
23921,23690,14
23922,23692,14
23923,23695,11
23924,23696,12
23925,23696,11
23926,23697,14
23927,23697,14
23928,23698,12
23929,23698,15
23930,23699,15
23931,23699,14
23932,23700,13
23933,23701,11
23934,23701,13
23935,23702,13
23936,23702,11
23937,23705,11
23938,23705,15
23939,23706,14
23940,23709,11
23941,23710,15
23942,23713,15
23943,23715,14
23944,23717,14
23945,23717,11
23946,23718,14
23947,23718,12
23948,23719,14
23949,23719,14
23950,23721,14
23951,23722,15
23952,23722,11
23953,23723,13
23954,23724,11
23955,23726,13
23956,23726,15
23957,23728,15
23958,23728,12
23959,23729,14
23960,23729,14
23961,23730,13
23962,23730,11
23963,23731,15
23964,23731,14
23965,23732,14
23966,23733,13
23967,23733,13
23968,23734,13
23969,23734,12
23970,23735,14
23971,23736,15
23972,23736,11
23973,23737,15
23974,23737,15
23975,23738,15
23976,23739,12
23977,23741,12
23978,23741,12
23979,23742,15
23980,23744,15
23981,23745,14
23982,23746,11
23983,23747,12
23984,23748,11
23985,23749,11
23986,23750,14
23987,23751,12
23988,23751,13
23989,23754,15
23990,23755,13
23991,23756,14
23992,23757,12
23993,23757,15
23994,23758,11
23995,23758,13
23996,23759,15
23997,23759,14
23998,23762,14
23999,23765,15
24000,23765,14
24001,23769,13
24002,23769,11
24003,23770,15
24004,23770,15
24005,23771,12
24006,23771,13
24007,23772,11
24008,23774,13
24009,23774,12
24010,23776,12
24011,23776,12
24012,23778,11
24013,23778,11
24014,23779,15
24015,23780,12
24016,23780,15
24017,23781,12
24018,23781,12
24019,23782,11
24020,23783,12
24021,23784,15
24022,23785,11
24023,23785,13
24024,23786,15
24025,23786,11
24026,23787,13
24027,23787,13
24028,23789,12
24029,23790,14
24030,23790,11
24031,23791,11
24032,23791,12
24033,23792,12
24034,23792,12
24035,23793,14
24036,23796,11
24037,23796,12
24038,23797,15
24039,23797,14
24040,23798,14
24041,23798,11
24042,23800,15
24043,23802,15
24044,23802,13
24045,23803,13
24046,23804,15
24047,23805,14
24048,23805,13
24049,23806,13
24050,23807,13
24051,23811,15
24052,23814,15
24053,23814,12
24054,23815,13
24055,23815,14
24056,23816,12
24057,23817,11
24058,23819,14
24059,23819,13
24060,23820,14
24061,23820,12
24062,23821,11
24063,23821,13
24064,23827,13
24065,23827,15
24066,23828,11
24067,23828,15
24068,23829,11
24069,23830,14
24070,23830,13
24071,23831,12
24072,23834,11
24073,23835,13
24074,23836,11
24075,23836,14
24076,23837,12
24077,23837,12
24078,23838,14
24079,23838,14
24080,23839,13
24081,23843,13
24082,23843,12
24083,23844,15
24084,23844,13
24085,23845,12
24086,23845,14
24087,23848,14
24088,23850,14
24089,23850,12
24090,23852,14
24091,23853,14
24092,23853,14
24093,23854,14
24094,23854,12
24095,23855,13
24096,23856,14
24097,23857,12
24098,23859,12
24099,23860,13
24100,23860,15
24101,23861,13
24102,23862,13
24103,23863,15
24104,23863,13
24105,23864,15
24106,23865,15
24107,23865,14
24108,23866,11
24109,23868,11
24110,23868,11
24111,23869,11
24112,23869,15
24113,23870,12
24114,23870,15
24115,23871,14
24116,23871,11
24117,23872,15
24118,23872,11
24119,23873,12
24120,23875,14
24121,23875,13
24122,23876,13
24123,23877,15
24124,23878,13
24125,23878,15
24126,23879,12
24127,23881,14
24128,23882,13
24129,23883,12
24130,23886,14
24131,23887,11
24132,23887,11
24133,23889,14
24134,23889,12
24135,23890,14
24136,23890,13
24137,23892,15
24138,23892,13
24139,23893,13
24140,23893,12
24141,23894,12
24142,23894,15
24143,23895,15
24144,23896,13
24145,23896,14
24146,23897,14
24147,23898,14
24148,23899,11
24149,23900,11
24150,23901,11
24151,23901,12
24152,23904,13
24153,23905,15
24154,23906,11
24155,23906,14
24156,23907,15
24157,23908,12
24158,23908,14
24159,23909,12
24160,23910,15
24161,23911,14
24162,23911,14
24163,23913,15
24164,23913,12
24165,23914,15
24166,23915,12
24167,23916,14
24168,23916,15
24169,23917,15
24170,23917,12
24171,23919,14
24172,23919,13
24173,23920,14
24174,23921,12
24175,23921,11
24176,23922,12
24177,23927,11
24178,23927,11
24179,23929,12
24180,23930,13
24181,23931,11
24182,23932,13
24183,23933,11
24184,23933,13
24185,23934,13
24186,23935,14
24187,23936,12
24188,23936,13
24189,23938,15
24190,23940,14
24191,23940,11
24192,23941,11
24193,23941,11
24194,23943,11
24195,23943,13
24196,23945,15
24197,23945,15
24198,23946,11
24199,23946,12
24200,23947,14
24201,23949,12
24202,23949,15
24203,23950,14
24204,23950,13
24205,23951,15
24206,23952,15
24207,23953,11
24208,23953,15
24209,23954,12
24210,23957,12
24211,23957,11
24212,23958,12
24213,23959,12
24214,23960,14
24215,23962,14
24216,23962,15
24217,23964,13
24218,23964,15
24219,23967,11
24220,23968,15
24221,23969,13
24222,23970,14
24223,23970,12
24224,23971,12
24225,23971,12
24226,23972,11
24227,23973,15
24228,23973,11
24229,23974,13
24230,23975,12
24231,23975,15
24232,23977,13
24233,23977,11
24234,23978,14
24235,23978,15
24236,23979,13
24237,23979,12
24238,23981,12
24239,23981,15
24240,23982,15
24241,23983,12
24242,23984,13
24243,23985,13
24244,23985,15
24245,23986,12
24246,23987,12
24247,23987,11
24248,23990,12
24249,23991,14
24250,23991,12
24251,23992,12
24252,23992,12
24253,23993,11
24254,23994,12
24255,23994,14
24256,23995,11
24257,23995,11
24258,23998,14
24259,23999,14
24260,24000,15
24261,24001,11
24262,24001,11
24263,24003,11
24264,24003,14
24265,24004,13
24266,24005,14
24267,24005,14
24268,24006,13
24269,24006,13
24270,24008,15
24271,24009,11
24272,24009,15
24273,24010,13
24274,24010,13
24275,24011,13
24276,24011,13
24277,24012,12
24278,24013,12
24279,24013,12
24280,24015,12
24281,24015,12
24282,24016,13
24283,24017,15
24284,24017,11
24285,24018,12
24286,24019,13
24287,24019,15
24288,24020,15
24289,24021,13
24290,24022,13
24291,24022,15
24292,24023,14
24293,24024,15
24294,24025,14
24295,24025,11
24296,24027,13
24297,24027,14
24298,24028,14
24299,24029,14
24300,24030,14
24301,24030,15
24302,24031,11
24303,24033,13
24304,24036,12
24305,24038,14
24306,24038,13
24307,24039,12
24308,24039,14
24309,24041,12
24310,24041,13
24311,24042,12
24312,24042,15
24313,24043,11
24314,24044,12
24315,24045,11
24316,24046,14
24317,24046,13
24318,24047,13
24319,24048,11
24320,24048,12
24321,24049,15
24322,24049,12
24323,24053,15
24324,24053,13
24325,24054,13
24326,24054,12
24327,24055,15
24328,24057,13
24329,24058,12
24330,24058,15
24331,24059,13
24332,24059,12
24333,24060,12
24334,24065,11
24335,24065,11
24336,24067,14
24337,24067,12
24338,24068,13
24339,24068,14
24340,24069,13
24341,24070,15
24342,24073,12
24343,24073,12
24344,24074,14
24345,24076,13
24346,24076,12
24347,24078,13
24348,24080,15
24349,24080,11
24350,24083,12
24351,24083,13
24352,24086,15
24353,24086,14
24354,24087,11
24355,24087,14
24356,24088,12
24357,24088,13
24358,24089,14
24359,24089,12
24360,24090,11
24361,24090,13
24362,24091,11
24363,24092,14
24364,24093,12
24365,24093,11
24366,24094,15
24367,24097,11
24368,24097,13
24369,24098,11
24370,24099,14
24371,24099,13
24372,24100,12
24373,24101,12
24374,24102,13
24375,24104,12
24376,24105,15
24377,24106,12
24378,24106,14
24379,24108,15
24380,24109,12
24381,24109,14
24382,24110,15
24383,24111,15
24384,24114,12
24385,24117,11
24386,24118,15
24387,24119,13
24388,24120,15
24389,24120,15
24390,24122,12
24391,24122,11
24392,24123,13
24393,24124,11
24394,24124,15
24395,24126,11
24396,24127,14
24397,24127,12
24398,24129,13
24399,24129,13
24400,24130,13
24401,24130,13
24402,24132,13
24403,24133,11
24404,24133,11
24405,24137,14
24406,24137,13
24407,24138,14
24408,24138,15
24409,24140,14
24410,24141,12
24411,24141,15
24412,24142,11
24413,24143,13
24414,24145,13
24415,24146,14
24416,24147,14
24417,24149,11
24418,24150,14
24419,24150,11
24420,24151,12
24421,24151,13
24422,24152,12
24423,24152,13
24424,24153,13
24425,24154,13
24426,24154,14
24427,24155,14
24428,24155,12
24429,24156,13
24430,24156,13
24431,24158,14
24432,24158,12
24433,24162,13
24434,24163,14
24435,24165,11
24436,24165,12
24437,24167,15
24438,24167,14
24439,24169,14
24440,24170,14
24441,24170,11
24442,24171,15
24443,24172,15
24444,24172,12
24445,24173,11
24446,24173,11
24447,24174,13
24448,24175,14
24449,24176,11
24450,24178,12
24451,24178,11
24452,24179,14
24453,24179,11
24454,24180,14
24455,24180,15
24456,24181,14
24457,24183,15
24458,24185,15
24459,24186,15
24460,24187,15
24461,24187,13
24462,24188,12
24463,24188,15
24464,24189,15
24465,24189,12
24466,24191,11
24467,24192,11
24468,24193,15
24469,24193,14
24470,24194,13
24471,24194,13
24472,24195,14
24473,24196,14
24474,24198,14
24475,24199,11
24476,24199,11
24477,24200,15
24478,24201,12
24479,24201,15
24480,24202,11
24481,24207,14
24482,24208,12
24483,24208,13
24484,24209,14
24485,24209,14
24486,24210,14
24487,24211,11
24488,24212,12
24489,24212,13
24490,24215,13
24491,24216,13
24492,24217,14
24493,24219,11
24494,24219,11
24495,24220,12
24496,24221,15
24497,24222,14
24498,24223,15
24499,24223,14
24500,24224,13
24501,24224,13
24502,24225,12
24503,24225,14
24504,24226,12
24505,24227,13
24506,24228,11
24507,24229,14
24508,24229,15
24509,24230,14
24510,24232,13
24511,24234,13
24512,24234,14
24513,24235,15
24514,24236,14
24515,24236,11
24516,24237,12
24517,24238,13
24518,24238,12
24519,24239,14
24520,24239,11
24521,24240,13
24522,24240,11
24523,24241,13
24524,24241,14
24525,24242,12
24526,24243,12
24527,24245,15
24528,24246,11
24529,24246,13
24530,24249,13
24531,24249,11
24532,24251,15
24533,24252,11
24534,24253,15
24535,24254,12
24536,24256,14
24537,24257,11
24538,24258,14
24539,24259,11
24540,24259,13
24541,24263,13
24542,24264,13
24543,24264,12
24544,24268,15
24545,24268,13
24546,24269,13
24547,24270,14
24548,24270,14
24549,24273,12
24550,24276,11
24551,24276,13
24552,24277,13
24553,24277,13
24554,24279,15
24555,24280,13
24556,24281,14
24557,24281,13
24558,24283,11
24559,24284,11
24560,24284,11
24561,24285,11
24562,24286,13
24563,24287,14
24564,24287,14
24565,24290,14
24566,24291,12
24567,24291,15
24568,24292,14
24569,24293,15
24570,24294,15
24571,24295,11
24572,24296,14
24573,24297,13
24574,24300,12
24575,24303,12
24576,24305,15
24577,24306,13
24578,24306,12
24579,24307,13
24580,24307,13
24581,24308,13
24582,24309,14
24583,24309,15
24584,24310,15
24585,24310,12
24586,24311,12
24587,24311,13
24588,24312,11
24589,24315,11
24590,24315,11
24591,24316,14
24592,24316,11
24593,24317,13
24594,24317,14
24595,24319,12
24596,24320,11
24597,24321,11
24598,24322,11
24599,24323,13
24600,24326,13
24601,24328,13
24602,24329,14
24603,24329,13
24604,24331,13
24605,24333,11
24606,24333,13
24607,24335,11
24608,24335,12
24609,24336,14
24610,24336,15
24611,24338,15
24612,24338,15
24613,24341,13
24614,24341,12
24615,24342,13
24616,24343,13
24617,24343,12
24618,24344,15
24619,24344,14
24620,24345,11
24621,24345,12
24622,24348,12
24623,24349,13
24624,24349,14
24625,24350,11
24626,24351,13
24627,24351,15
24628,24352,13
24629,24353,11
24630,24353,11
24631,24355,15
24632,24357,14
24633,24357,14
24634,24358,15
24635,24358,11
24636,24359,13
24637,24360,12
24638,24361,11
24639,24362,12
24640,24363,11
24641,24364,12
24642,24364,12
24643,24365,15
24644,24365,14
24645,24366,11
24646,24366,11
24647,24368,13
24648,24368,12
24649,24369,13
24650,24371,12
24651,24371,13
24652,24372,12
24653,24374,12
24654,24375,14
24655,24376,12
24656,24376,12
24657,24378,12
24658,24378,13
24659,24379,12
24660,24380,12
24661,24381,13
24662,24381,15
24663,24382,15
24664,24382,13
24665,24385,12
24666,24392,13
24667,24394,15
24668,24395,11
24669,24396,12
24670,24397,15
24671,24398,12
24672,24398,12
24673,24400,12
24674,24400,13
24675,24401,12
24676,24401,13
24677,24403,12
24678,24403,12
24679,24404,15
24680,24405,14
24681,24406,13
24682,24406,12
24683,24408,15
24684,24409,14
24685,24409,13
24686,24410,12
24687,24410,12
24688,24411,11
24689,24413,12
24690,24415,15
24691,24415,11
24692,24416,12
24693,24422,11
24694,24422,13
24695,24424,11
24696,24424,14
24697,24426,15
24698,24426,11
24699,24427,13
24700,24427,11
24701,24428,15
24702,24428,15
24703,24430,13
24704,24430,15
24705,24432,14
24706,24432,13
24707,24433,15
24708,24433,15
24709,24434,11
24710,24434,13
24711,24436,14
24712,24436,11
24713,24437,13
24714,24440,11
24715,24441,14
24716,24442,11
24717,24442,13
24718,24443,11
24719,24443,12
24720,24444,12
24721,24444,11
24722,24445,12
24723,24452,15
24724,24452,14
24725,24454,13
24726,24456,14
24727,24457,12
24728,24457,15
24729,24459,14
24730,24461,13
24731,24461,15
24732,24465,12
24733,24465,14
24734,24466,14
24735,24467,14
24736,24467,12
24737,24471,13
24738,24472,12
24739,24474,12
24740,24474,14
24741,24475,11
24742,24475,15
24743,24476,14
24744,24478,14
24745,24479,13
24746,24479,15
24747,24480,11
24748,24481,15
24749,24481,14
24750,24483,12
24751,24483,14
24752,24484,12
24753,24487,14
24754,24488,12
24755,24489,15
24756,24489,15
24757,24490,14
24758,24490,12
24759,24491,15
24760,24492,13
24761,24493,14
24762,24493,13
24763,24494,15
24764,24495,13
24765,24496,11
24766,24496,12
24767,24497,14
24768,24498,11
24769,24499,11
24770,24503,11
24771,24504,13
24772,24505,12
24773,24506,12
24774,24506,11
24775,24510,15
24776,24511,12
24777,24511,15
24778,24512,15
24779,24513,11
24780,24513,15
24781,24515,13
24782,24517,14
24783,24517,13
24784,24518,12
24785,24518,11
24786,24520,11
24787,24522,15
24788,24523,13
24789,24524,13
24790,24525,13
24791,24526,11
24792,24527,15
24793,24528,13
24794,24528,15
24795,24529,15
24796,24530,15
24797,24530,12
24798,24531,15
24799,24532,13
24800,24533,15
24801,24534,15
24802,24535,13
24803,24536,15
24804,24536,11
24805,24537,11
24806,24537,12
24807,24538,11
24808,24539,15
24809,24540,12
24810,24542,15
24811,24542,11
24812,24543,11
24813,24543,13
24814,24544,14
24815,24544,12
24816,24545,13
24817,24546,13
24818,24549,15
24819,24550,15
24820,24550,14
24821,24551,12
24822,24551,15
24823,24553,13
24824,24554,12
24825,24555,12
24826,24555,15
24827,24556,13
24828,24562,14
24829,24562,12
24830,24563,15
24831,24564,11
24832,24564,11
24833,24565,15
24834,24565,14
24835,24566,15
24836,24566,14
24837,24567,11
24838,24567,11
24839,24570,14
24840,24571,11
24841,24571,12
24842,24572,11
24843,24572,12
24844,24573,12
24845,24574,12
24846,24574,12
24847,24575,11
24848,24575,14
24849,24577,14
24850,24577,13
24851,24580,15
24852,24581,12
24853,24582,11
24854,24583,15
24855,24586,11
24856,24586,14
24857,24589,14
24858,24589,13
24859,24591,14
24860,24591,12
24861,24595,11
24862,24596,14
24863,24597,15
24864,24597,13
24865,24598,15
24866,24598,14
24867,24599,13
24868,24599,15
24869,24601,12
24870,24601,13
24871,24602,12
24872,24602,14
24873,24603,13
24874,24604,14
24875,24608,15
24876,24610,12
24877,24610,15
24878,24611,12
24879,24611,15
24880,24613,11
24881,24613,11
24882,24615,11
24883,24615,11
24884,24616,14
24885,24616,12
24886,24617,12
24887,24618,13
24888,24619,14
24889,24620,13
24890,24620,15
24891,24621,15
24892,24621,13
24893,24622,11
24894,24623,13
24895,24624,13
24896,24625,13
24897,24625,15
24898,24626,14
24899,24626,15
24900,24627,14
24901,24628,11
24902,24629,11
24903,24629,11
24904,24632,11
24905,24634,14
24906,24634,11
24907,24635,15
24908,24636,14
24909,24638,15
24910,24639,14
24911,24639,14
24912,24640,15
24913,24640,13
24914,24642,15
24915,24643,14
24916,24644,14
24917,24644,14
24918,24645,11
24919,24645,11
24920,24646,13
24921,24646,11
24922,24649,12
24923,24650,13
24924,24650,12
24925,24651,15
24926,24651,14
24927,24652,15
24928,24654,15
24929,24654,11
24930,24655,14
24931,24655,12
24932,24657,12
24933,24657,12
24934,24658,13
24935,24658,14
24936,24659,13
24937,24659,14
24938,24660,13
24939,24664,14
24940,24666,11
24941,24668,11
24942,24670,12
24943,24670,12
24944,24671,14
24945,24672,15
24946,24672,14
24947,24673,13
24948,24673,13
24949,24674,14
24950,24674,14
24951,24675,13
24952,24675,11
24953,24676,15
24954,24677,15
24955,24678,15
24956,24680,13
24957,24681,13
24958,24681,12
24959,24682,14
24960,24683,14
24961,24684,13
24962,24684,15
24963,24685,14
24964,24685,12
24965,24686,14
24966,24686,15
24967,24687,13
24968,24688,13
24969,24688,13
24970,24691,14
24971,24691,15
24972,24692,15
24973,24693,12
24974,24693,12
24975,24694,15
24976,24695,13
24977,24695,14
24978,24696,13
24979,24697,11
24980,24699,14
24981,24699,15
24982,24700,11
24983,24702,11
24984,24702,13
24985,24706,15
24986,24707,12
24987,24707,12
24988,24710,11
24989,24711,14
24990,24712,14
24991,24713,12
24992,24714,15
24993,24716,15
24994,24716,14
24995,24717,15
24996,24717,15
24997,24718,12
24998,24719,14
24999,24721,15
25000,24721,11
25001,24722,15
25002,24725,13
25003,24725,15
25004,24727,11
25005,24727,12
25006,24728,13
25007,24729,13
25008,24730,13
25009,24732,14
25010,24732,14
25011,24734,15
25012,24734,14
25013,24735,15
25014,24736,13
25015,24736,14
25016,24737,14
25017,24737,12
25018,24738,13
25019,24738,14
25020,24740,11
25021,24740,11
25022,24741,14
25023,24742,11
25024,24742,13
25025,24743,11
25026,24744,15
25027,24744,11
25028,24745,12
25029,24745,15
25030,24746,11
25031,24746,15
25032,24749,14
25033,24749,15
25034,24750,13
25035,24750,11
25036,24751,15
25037,24751,13
25038,24752,15
25039,24752,11
25040,24755,14
25041,24756,13
25042,24758,11
25043,24759,11
25044,24759,13
25045,24760,15
25046,24761,14
25047,24761,14
25048,24763,14
25049,24763,13
25050,24764,11
25051,24764,15
25052,24766,11
25053,24766,11
25054,24767,12
25055,24767,13
25056,24768,13
25057,24768,15
25058,24769,11
25059,24769,14
25060,24770,12
25061,24770,14
25062,24771,12
25063,24771,15
25064,24773,11
25065,24775,14
25066,24775,15
25067,24779,14
25068,24779,14
25069,24780,11
25070,24781,15
25071,24782,11
25072,24783,13
25073,24783,13
25074,24784,15
25075,24785,13
25076,24786,14
25077,24786,15
25078,24787,13
25079,24789,15
25080,24790,15
25081,24790,13
25082,24791,15
25083,24791,12
25084,24792,12
25085,24793,13
25086,24793,14
25087,24794,12
25088,24796,14
25089,24796,11
25090,24797,13
25091,24797,11
25092,24798,12
25093,24799,11
25094,24800,12
25095,24800,14
25096,24801,13
25097,24801,15
25098,24802,14
25099,24802,12
25100,24803,12
25101,24804,12
25102,24807,15
25103,24808,12
25104,24811,14
25105,24811,11
25106,24813,11
25107,24813,11
25108,24814,12
25109,24814,13
25110,24816,12
25111,24816,13
25112,24817,15
25113,24818,11
25114,24819,13
25115,24819,14
25116,24820,12
25117,24821,13
25118,24822,11
25119,24822,13
25120,24824,11
25121,24825,12
25122,24825,13
25123,24826,13
25124,24827,11
25125,24828,14
25126,24828,12
25127,24829,11
25128,24831,13
25129,24832,14
25130,24833,12
25131,24834,14
25132,24836,13
25133,24837,12
25134,24838,14
25135,24839,11
25136,24841,11
25137,24841,14
25138,24842,13
25139,24844,14
25140,24845,13
25141,24847,14
25142,24848,11
25143,24848,15
25144,24851,11
25145,24851,12
25146,24853,13
25147,24854,11
25148,24855,12
25149,24855,12
25150,24856,14
25151,24857,13
25152,24858,11
25153,24858,11
25154,24859,15
25155,24859,11
25156,24860,14
25157,24860,12
25158,24861,12
25159,24862,14
25160,24862,11
25161,24863,12
25162,24864,15
25163,24864,15
25164,24865,11
25165,24866,11
25166,24866,13
25167,24867,15
25168,24867,13
25169,24871,11
25170,24872,11
25171,24875,11
25172,24875,11
25173,24883,11
25174,24883,14
25175,24884,11
25176,24884,13
25177,24885,11
25178,24886,12
25179,24887,14
25180,24887,11
25181,24888,13
25182,24890,13
25183,24890,13
25184,24891,12
25185,24891,11
25186,24893,13
25187,24894,11
25188,24894,15
25189,24895,13
25190,24895,11
25191,24896,15
25192,24896,11
25193,24897,12
25194,24899,14
25195,24900,14
25196,24900,11
25197,24901,13
25198,24903,12
25199,24909,14
25200,24910,12
25201,24910,12
25202,24911,14
25203,24912,15
25204,24914,11
25205,24917,15
25206,24917,15
25207,24919,15
25208,24919,13
25209,24920,11
25210,24920,11
25211,24921,11
25212,24921,14
25213,24923,11
25214,24923,14
25215,24924,13
25216,24924,14
25217,24925,13
25218,24925,11
25219,24927,12
25220,24928,11
25221,24928,12
25222,24930,14
25223,24931,12
25224,24931,13
25225,24934,14
25226,24934,11
25227,24935,11
25228,24935,15
25229,24937,12
25230,24937,11
25231,24939,15
25232,24939,13
25233,24940,12
25234,24940,15
25235,24942,15
25236,24943,15
25237,24943,11
25238,24944,13
25239,24946,14
25240,24946,11
25241,24947,11
25242,24948,12
25243,24948,12
25244,24950,11
25245,24950,13
25246,24951,15
25247,24954,14
25248,24954,11
25249,24956,15
25250,24956,13
25251,24957,15
25252,24957,14
25253,24958,11
25254,24958,13
25255,24959,15
25256,24959,14
25257,24960,15
25258,24961,15
25259,24961,11
25260,24963,12
25261,24964,12
25262,24964,12
25263,24965,12
25264,24965,14
25265,24967,15
25266,24968,15
25267,24969,11
25268,24970,15
25269,24971,13
25270,24972,11
25271,24973,14
25272,24973,11
25273,24974,13
25274,24974,11
25275,24976,14
25276,24976,11
25277,24977,11
25278,24977,12
25279,24978,14
25280,24980,12
25281,24980,12
25282,24981,13
25283,24982,14
25284,24982,11
25285,24983,15
25286,24983,15
25287,24984,15
25288,24985,15
25289,24989,13
25290,24990,11
25291,24994,13
25292,24995,13
25293,24995,12
25294,24998,12
25295,24998,12
25296,25000,14
25297,25000,14
25298,25001,14
25299,25001,11
25300,25002,14
25301,25003,15
25302,25003,15
25303,25004,11
25304,25005,14
25305,25005,13
25306,25007,11
25307,25007,14
25308,25008,12
25309,25009,13
25310,25009,15
25311,25010,12
25312,25012,14
25313,25012,11
25314,25013,11
25315,25014,13
25316,25014,12
25317,25016,15
25318,25019,14
25319,25019,11
25320,25020,14
25321,25020,12
25322,25021,11
25323,25022,11
25324,25022,13
25325,25023,12
25326,25024,15
25327,25024,11
25328,25025,15
25329,25026,12
25330,25027,15
25331,25027,11
25332,25029,13
25333,25029,14
25334,25030,13
25335,25031,14
25336,25032,12
25337,25032,14
25338,25033,15
25339,25033,14
25340,25034,11
25341,25035,15
25342,25037,14
25343,25037,13
25344,25038,14
25345,25040,15
25346,25041,14
25347,25041,13
25348,25043,14
25349,25045,14
25350,25045,13
25351,25047,15
25352,25049,12
25353,25049,11
25354,25050,12
25355,25050,15
25356,25051,11
25357,25051,14
25358,25052,11
25359,25052,12
25360,25055,12
25361,25056,11
25362,25057,15
25363,25057,12
25364,25059,14
25365,25063,11
25366,25063,11
25367,25064,15
25368,25065,13
25369,25065,11
25370,25068,13
25371,25069,11
25372,25069,13
25373,25071,14
25374,25072,14
25375,25073,13
25376,25073,14
25377,25074,14
25378,25075,14
25379,25075,14
25380,25076,11
25381,25076,12
25382,25077,15
25383,25077,15
25384,25082,11
25385,25082,15
25386,25083,14
25387,25083,11
25388,25084,11
25389,25084,13
25390,25085,12
25391,25085,15
25392,25086,14
25393,25087,15
25394,25088,11
25395,25089,13
25396,25089,14
25397,25091,14
25398,25092,12
25399,25093,14
25400,25095,13
25401,25095,15
25402,25097,14
25403,25097,15
25404,25099,11
25405,25100,11
25406,25101,13
25407,25101,11
25408,25104,15
25409,25105,12
25410,25105,15
25411,25106,14
25412,25107,13
25413,25108,14
25414,25110,15
25415,25110,13
25416,25111,13
25417,25113,11
25418,25116,14
25419,25118,12
25420,25120,13
25421,25120,11
25422,25122,15
25423,25122,11
25424,25123,15
25425,25124,11
25426,25124,15
25427,25125,14
25428,25125,14
25429,25126,13
25430,25127,15
25431,25127,15
25432,25128,13
25433,25128,11
25434,25130,15
25435,25130,14
25436,25131,15
25437,25132,11
25438,25132,15
25439,25134,15
25440,25134,15
25441,25135,11
25442,25135,12
25443,25136,12
25444,25137,12
25445,25137,12
25446,25138,15
25447,25142,15
25448,25143,12
25449,25144,11
25450,25144,12
25451,25145,12
25452,25146,15
25453,25146,11
25454,25147,11
25455,25147,15
25456,25150,12
25457,25150,13
25458,25151,13
25459,25151,12
25460,25152,15
25461,25152,12
25462,25153,13
25463,25153,13
25464,25154,13
25465,25155,12
25466,25155,11
25467,25157,12
25468,25158,11
25469,25159,14
25470,25159,11
25471,25160,15
25472,25162,14
25473,25162,11
25474,25163,12
25475,25163,15
25476,25164,15
25477,25165,13
25478,25167,15
25479,25168,14
25480,25169,11
25481,25172,15
25482,25172,11
25483,25173,14
25484,25173,13
25485,25174,11
25486,25174,13
25487,25175,13
25488,25176,15
25489,25176,15
25490,25178,15
25491,25178,12
25492,25182,12
25493,25183,14
25494,25183,15
25495,25185,15
25496,25185,11
25497,25186,13
25498,25186,15
25499,25187,13
25500,25187,15
25501,25188,11
25502,25188,12
25503,25189,11
25504,25189,15
25505,25190,15
25506,25191,15
25507,25191,13
25508,25192,14
25509,25194,14
25510,25197,15
25511,25200,14
25512,25200,11
25513,25201,12
25514,25204,13
25515,25208,14
25516,25209,11
25517,25209,11
25518,25210,12
25519,25212,14
25520,25212,13
25521,25215,12
25522,25215,14
25523,25219,15
25524,25219,12
25525,25220,12
25526,25220,11
25527,25221,11
25528,25222,14
25529,25222,15
25530,25223,14
25531,25223,12
25532,25224,15
25533,25224,13
25534,25226,11
25535,25228,12
25536,25228,11
25537,25229,11
25538,25229,12
25539,25230,13
25540,25230,11
25541,25231,13
25542,25232,12
25543,25232,15
25544,25233,11
25545,25234,11
25546,25236,15
25547,25236,11
25548,25237,15
25549,25237,15
25550,25238,12
25551,25239,12
25552,25241,15
25553,25241,13
25554,25245,13
25555,25245,13
25556,25246,12
25557,25246,15
25558,25249,14
25559,25251,15
25560,25254,15
25561,25256,15
25562,25257,11
25563,25257,12
25564,25258,15
25565,25259,11
25566,25259,11
25567,25260,12
25568,25260,13
25569,25261,11
25570,25261,12
25571,25264,13
25572,25264,13
25573,25266,13
25574,25267,12
25575,25267,13
25576,25268,12
25577,25268,13
25578,25270,15
25579,25270,13
25580,25273,11
25581,25273,13
25582,25274,14
25583,25277,14
25584,25278,14
25585,25279,11
25586,25280,13
25587,25281,13
25588,25282,11
25589,25283,12
25590,25283,12
25591,25284,11
25592,25284,12
25593,25285,13
25594,25285,15
25595,25286,11
25596,25286,11
25597,25290,11
25598,25291,13
25599,25291,12
25600,25292,15
25601,25293,13
25602,25295,12
25603,25295,15
25604,25296,15
25605,25296,12
25606,25299,11
25607,25301,15
25608,25302,15
25609,25302,15
25610,25305,12
25611,25306,14
25612,25307,15
25613,25307,14
25614,25309,15
25615,25309,11
25616,25310,11
25617,25310,11
25618,25311,12
25619,25311,15
25620,25316,14
25621,25317,12
25622,25318,12
25623,25318,14
25624,25319,13
25625,25320,11
25626,25324,11
25627,25324,15
25628,25325,14
25629,25325,11
25630,25326,13
25631,25327,14
25632,25328,15
25633,25329,13
25634,25330,15
25635,25330,12
25636,25331,15
25637,25331,11
25638,25333,15
25639,25334,12
25640,25336,13
25641,25336,12
25642,25337,12
25643,25337,11
25644,25338,14
25645,25338,15
25646,25339,15
25647,25339,13
25648,25340,14
25649,25340,11
25650,25341,15
25651,25342,12
25652,25342,12
25653,25343,13
25654,25344,13
25655,25345,12
25656,25345,13
25657,25349,13
25658,25351,13
25659,25352,14
25660,25354,14
25661,25355,13
25662,25356,15
25663,25357,11
25664,25357,15
25665,25360,14
25666,25360,15
25667,25361,14
25668,25361,11
25669,25364,13
25670,25366,13
25671,25366,15
25672,25368,14
25673,25370,12
25674,25371,12
25675,25374,12
25676,25374,12
25677,25375,14
25678,25376,12
25679,25376,14
25680,25379,15
25681,25382,15
25682,25383,15
25683,25386,12
25684,25387,13
25685,25387,14
25686,25388,15
25687,25391,14
25688,25393,13
25689,25394,11
25690,25395,14
25691,25397,12
25692,25398,12
25693,25398,14
25694,25399,14
25695,25399,15
25696,25400,11
25697,25401,14
25698,25402,13
25699,25402,12
25700,25403,14
25701,25403,15
25702,25404,14
25703,25404,13
25704,25408,11
25705,25409,15
25706,25409,13
25707,25410,11
25708,25410,13
25709,25411,11
25710,25413,14
25711,25413,12
25712,25416,13
25713,25416,14
25714,25417,13
25715,25418,13
25716,25419,15
25717,25420,13
25718,25421,14
25719,25421,14
25720,25422,14
25721,25422,13
25722,25423,11
25723,25428,15
25724,25428,11
25725,25430,15
25726,25432,12
25727,25432,14
25728,25433,12
25729,25435,13
25730,25436,15
25731,25436,12
25732,25437,12
25733,25437,15
25734,25438,14
25735,25438,11
25736,25440,11
25737,25441,14
25738,25442,15
25739,25442,14
25740,25444,11
25741,25444,11
25742,25446,13
25743,25447,12
25744,25447,12
25745,25448,12
25746,25449,12
25747,25451,15
25748,25452,14
25749,25455,13
25750,25455,11
25751,25456,11
25752,25458,14
25753,25458,13
25754,25459,15
25755,25461,12
25756,25462,14
25757,25463,12
25758,25464,13
25759,25465,13
25760,25467,11
25761,25467,12
25762,25468,12
25763,25469,12
25764,25469,12
25765,25470,15
25766,25471,15
25767,25473,12
25768,25474,15
25769,25475,14
25770,25476,13
25771,25477,14
25772,25479,13
25773,25480,14
25774,25480,14
25775,25482,14
25776,25485,11
25777,25485,12
25778,25487,12
25779,25487,15
25780,25489,11
25781,25489,14
25782,25490,12
25783,25490,11
25784,25492,15
25785,25493,14
25786,25493,15
25787,25495,15
25788,25495,15
25789,25497,12
25790,25498,13
25791,25501,13
25792,25501,15
25793,25503,13
25794,25503,12
25795,25504,13
25796,25506,13
25797,25507,13
25798,25507,15
25799,25508,14
25800,25509,14
25801,25509,14
25802,25511,11
25803,25512,14
25804,25512,13
25805,25515,13
25806,25517,14
25807,25517,13
25808,25519,12
25809,25521,13
25810,25522,11
25811,25522,15
25812,25523,14
25813,25524,14
25814,25525,11
25815,25525,12
25816,25526,15
25817,25527,15
25818,25527,15
25819,25528,14
25820,25530,13
25821,25530,13
25822,25532,14
25823,25532,12
25824,25533,12
25825,25533,13
25826,25534,12
25827,25534,15
25828,25535,12
25829,25535,12
25830,25536,15
25831,25536,11
25832,25538,13
25833,25538,12
25834,25539,12
25835,25541,13
25836,25541,11
25837,25543,14
25838,25543,14
25839,25547,13
25840,25547,13
25841,25549,15
25842,25550,13
25843,25551,11
25844,25551,12
25845,25552,11
25846,25553,14
25847,25554,15
25848,25555,13
25849,25555,12
25850,25558,11
25851,25558,14
25852,25559,12
25853,25560,11
25854,25560,13
25855,25561,12
25856,25561,15
25857,25562,11
25858,25562,14
25859,25563,13
25860,25563,15
25861,25565,14
25862,25565,12
25863,25566,13
25864,25572,15
25865,25573,14
25866,25574,13
25867,25574,14
25868,25575,14
25869,25576,11
25870,25576,12
25871,25578,11
25872,25578,13
25873,25579,14
25874,25579,11
25875,25582,14
25876,25583,15
25877,25584,14
25878,25586,14
25879,25586,14
25880,25590,11
25881,25591,11
25882,25594,11
25883,25594,12
25884,25595,15
25885,25597,13
25886,25597,12
25887,25598,12
25888,25600,15
25889,25600,14
25890,25602,15
25891,25603,12
25892,25603,11
25893,25604,13
25894,25604,14
25895,25607,12
25896,25608,13
25897,25608,14
25898,25609,13
25899,25609,15
25900,25611,14
25901,25612,13
25902,25612,15
25903,25613,15
25904,25614,13
25905,25614,12
25906,25615,13
25907,25619,14
25908,25620,12
25909,25621,11
25910,25622,14
25911,25624,13
25912,25627,13
25913,25628,15
25914,25628,14
25915,25630,11
25916,25631,14
25917,25632,13
25918,25633,12
25919,25633,13
25920,25637,13
25921,25637,11
25922,25639,13
25923,25639,15
25924,25640,11
25925,25641,15
25926,25641,14
25927,25642,15
25928,25643,11
25929,25643,12
25930,25644,14
25931,25645,12
25932,25646,14
25933,25648,14
25934,25648,13
25935,25649,14
25936,25650,11
25937,25653,15
25938,25653,13
25939,25654,15
25940,25654,13
25941,25655,11
25942,25656,13
25943,25657,14
25944,25657,11
25945,25661,13
25946,25662,13
25947,25662,14
25948,25664,14
25949,25664,13
25950,25665,14
25951,25665,14
25952,25667,11
25953,25667,13
25954,25668,11
25955,25668,11
25956,25669,14
25957,25669,13
25958,25670,12
25959,25671,14
25960,25671,13
25961,25672,11
25962,25672,15
25963,25673,14
25964,25673,14
25965,25674,15
25966,25678,14
25967,25680,15
25968,25680,13
25969,25683,11
25970,25684,11
25971,25684,12
25972,25685,13
25973,25686,11
25974,25686,14
25975,25687,15
25976,25687,12
25977,25688,13
25978,25688,14
25979,25689,11
25980,25690,12
25981,25692,11
25982,25694,14
25983,25695,15
25984,25695,12
25985,25696,11
25986,25696,14
25987,25699,12
25988,25701,15
25989,25702,14
25990,25706,12
25991,25707,13
25992,25711,15
25993,25711,14
25994,25712,14
25995,25713,14
25996,25713,14
25997,25714,12
25998,25718,11
25999,25718,14
26000,25719,12
26001,25719,12
26002,25721,13
26003,25722,15
26004,25723,12
26005,25723,12
26006,25725,12
26007,25726,11
26008,25726,14
26009,25728,11
26010,25730,11
26011,25731,15
26012,25731,15
26013,25732,11
26014,25732,13
26015,25733,13
26016,25735,11
26017,25735,12
26018,25736,11
26019,25737,15
26020,25738,11
26021,25738,15
26022,25739,13
26023,25740,15
26024,25744,13
26025,25744,13
26026,25745,15
26027,25745,11
26028,25746,15
26029,25746,15
26030,25749,14
26031,25751,11
26032,25752,13
26033,25752,15
26034,25753,14
26035,25754,12
26036,25755,11
26037,25755,13
26038,25757,14
26039,25757,15
26040,25758,14
26041,25758,15
26042,25759,12
26043,25761,11
26044,25761,15
26045,25762,11
26046,25762,12
26047,25763,12
26048,25763,11
26049,25764,12
26050,25766,14
26051,25766,11
26052,25767,15
26053,25767,14
26054,25768,14
26055,25769,12
26056,25770,15
26057,25770,14
26058,25771,11
26059,25771,12
26060,25772,12
26061,25775,11
26062,25776,15
26063,25779,12
26064,25779,14
26065,25781,12
26066,25782,13
26067,25783,13
26068,25787,11
26069,25787,14
26070,25790,11
26071,25791,12
26072,25792,11
26073,25792,13
26074,25793,14
26075,25796,12
26076,25797,15
26077,25798,11
26078,25798,12
26079,25799,13
26080,25800,11
26081,25801,13
26082,25803,13
26083,25804,15
26084,25804,13
26085,25805,15
26086,25806,15
26087,25808,12
26088,25808,12
26089,25810,14
26090,25810,11
26091,25811,11
26092,25814,11
26093,25819,14
26094,25819,13
26095,25820,15
26096,25820,11
26097,25821,12
26098,25822,14
26099,25822,14
26100,25823,11
26101,25823,11
26102,25825,13
26103,25827,12
26104,25828,12
26105,25829,12
26106,25829,11
26107,25832,14
26108,25832,11
26109,25833,15
26110,25834,13
26111,25834,13
26112,25835,11
26113,25835,12
26114,25836,15
26115,25836,15
26116,25839,15
26117,25839,11
26118,25840,12
26119,25840,13
26120,25842,14
26121,25842,13
26122,25847,13
26123,25847,12
26124,25848,11
26125,25851,14
26126,25851,13
26127,25852,15
26128,25852,11
26129,25853,14
26130,25854,14
26131,25854,11
26132,25855,14
26133,25855,14
26134,25857,14
26135,25857,12
26136,25858,13
26137,25858,11
26138,25860,13
26139,25862,15
26140,25863,12
26141,25865,15
26142,25865,14
26143,25866,13
26144,25867,15
26145,25868,14
26146,25868,14
26147,25869,14
26148,25873,15
26149,25873,12
26150,25875,13
26151,25877,13
26152,25877,15
26153,25878,14
26154,25879,11
26155,25879,14
26156,25880,15
26157,25880,13
26158,25881,14
26159,25881,11
26160,25883,14
26161,25883,15
26162,25886,15
26163,25886,13
26164,25887,11
26165,25887,11
26166,25888,15
26167,25888,14
26168,25889,12
26169,25891,14
26170,25891,11
26171,25895,13
26172,25896,13
26173,25898,13
26174,25899,14
26175,25899,14
26176,25900,12
26177,25900,15
26178,25903,13
26179,25904,14
26180,25904,11
26181,25905,15
26182,25907,11
26183,25908,14
26184,25909,12
26185,25909,12
26186,25911,11
26187,25911,15
26188,25913,12
26189,25913,14
26190,25917,13
26191,25917,15
26192,25920,13
26193,25920,11
26194,25922,14
26195,25922,11
26196,25923,12
26197,25923,12
26198,25924,11
26199,25927,15
26200,25928,11
26201,25928,14
26202,25932,11
26203,25932,11
26204,25933,15
26205,25935,13
26206,25935,12
26207,25936,13
26208,25936,14
26209,25937,13
26210,25938,12
26211,25938,13
26212,25939,13
26213,25940,15
26214,25941,11
26215,25941,11
26216,25943,12
26217,25945,12
26218,25946,11
26219,25946,12
26220,25947,11
26221,25947,15
26222,25948,15
26223,25949,14
26224,25950,11
26225,25951,14
26226,25952,13
26227,25955,12
26228,25956,13
26229,25956,13
26230,25957,15
26231,25959,13
26232,25960,15
26233,25960,13
26234,25961,15
26235,25962,14
26236,25962,15
26237,25964,11
26238,25964,13
26239,25965,13
26240,25965,15
26241,25966,13
26242,25970,11
26243,25972,13
26244,25972,13
26245,25973,13
26246,25976,15
26247,25976,11
26248,25978,12
26249,25978,12
26250,25979,15
26251,25979,15
26252,25980,15
26253,25981,13
26254,25981,12
26255,25982,13
26256,25982,14
26257,25984,12
26258,25984,12
26259,25985,11
26260,25986,13
26261,25986,14
26262,25987,11
26263,25988,13
26264,25988,15
26265,25990,12
26266,25992,14
26267,25993,14
26268,25996,15
26269,25997,11
26270,25998,11
26271,25998,14
26272,25999,12
26273,25999,13
26274,26001,15
26275,26001,14
26276,26002,14
26277,26002,11
26278,26004,15
26279,26006,13
26280,26007,13
26281,26011,12
26282,26011,12
26283,26012,15
26284,26017,15
26285,26017,11
26286,26019,11
26287,26021,11
26288,26022,14
26289,26022,13
26290,26023,11
26291,26023,12
26292,26024,15
26293,26025,12
26294,26025,13
26295,26026,13
26296,26026,11
26297,26027,12
26298,26027,13
26299,26028,12
26300,26029,11
26301,26030,11
26302,26034,11
26303,26034,11
26304,26037,15
26305,26042,15
26306,26043,12
26307,26045,14
26308,26045,15
26309,26046,13
26310,26046,15
26311,26047,12
26312,26048,11
26313,26051,14
26314,26052,13
26315,26052,11
26316,26054,12
26317,26054,12
26318,26058,14
26319,26058,12
26320,26059,11
26321,26059,14
26322,26060,11
26323,26060,13
26324,26061,12
26325,26061,11
26326,26062,14
26327,26062,15
26328,26063,14
26329,26063,11
26330,26065,14
26331,26065,11
26332,26066,11
26333,26066,12
26334,26068,14
26335,26068,15
26336,26069,15
26337,26069,13
26338,26070,12
26339,26070,11
26340,26071,14
26341,26074,15
26342,26076,11
26343,26078,13
26344,26078,15
26345,26080,15
26346,26080,12
26347,26083,13
26348,26083,11
26349,26084,14
26350,26085,12
26351,26087,15
26352,26087,12
26353,26088,15
26354,26088,12
26355,26089,12
26356,26098,11
26357,26100,11
26358,26100,13
26359,26102,11
26360,26102,14
26361,26103,13
26362,26104,14
26363,26104,15
26364,26108,15
26365,26108,15
26366,26110,11
26367,26111,14
26368,26113,14
26369,26114,12
26370,26114,14
26371,26115,15
26372,26115,15
26373,26116,14
26374,26116,11
26375,26117,11
26376,26117,13
26377,26118,15
26378,26119,12
26379,26120,14
26380,26120,15
26381,26121,12
26382,26122,13
26383,26122,14
26384,26123,15
26385,26123,11
26386,26124,14
26387,26124,14
26388,26125,12
26389,26125,12
26390,26127,12
26391,26127,11
26392,26128,14
26393,26128,15
26394,26129,15
26395,26130,12
26396,26131,15
26397,26131,12
26398,26132,11
26399,26133,13
26400,26134,12
26401,26135,11
26402,26135,12
26403,26139,11
26404,26139,11
26405,26144,12
26406,26144,11
26407,26146,14
26408,26147,11
26409,26151,13
26410,26151,13
26411,26152,12
26412,26152,14
26413,26153,14
26414,26153,13
26415,26154,12
26416,26156,13
26417,26156,15
26418,26157,13
26419,26159,13
26420,26159,12
26421,26160,14
26422,26160,15
26423,26161,12
26424,26161,14
26425,26162,13
26426,26162,11
26427,26164,13
26428,26166,11
26429,26166,12
26430,26167,12
26431,26167,14
26432,26169,13
26433,26170,12
26434,26172,11
26435,26172,15
26436,26173,13
26437,26173,12
26438,26174,13
26439,26174,13
26440,26176,15
26441,26177,12
26442,26177,14
26443,26178,14
26444,26179,15
26445,26180,11
26446,26180,12
26447,26181,15
26448,26182,14
26449,26182,14
26450,26183,11
26451,26183,15
26452,26184,13
26453,26184,11
26454,26187,14
26455,26187,11
26456,26188,11
26457,26189,11
26458,26189,14
26459,26191,14
26460,26191,12
26461,26192,14
26462,26192,12
26463,26194,11
26464,26195,12
26465,26195,15
26466,26196,14
26467,26196,13
26468,26197,15
26469,26198,14
26470,26199,12
26471,26200,12
26472,26200,15
26473,26201,11
26474,26201,12
26475,26203,13
26476,26204,11
26477,26205,15
26478,26207,11
26479,26207,11
26480,26208,11
26481,26210,15
26482,26211,14
26483,26212,11
26484,26212,12
26485,26214,15
26486,26215,14
26487,26216,11
26488,26217,12
26489,26217,11
26490,26218,14
26491,26219,15
26492,26219,14
26493,26221,12
26494,26222,13
26495,26225,12
26496,26226,12
26497,26226,13
26498,26227,12
26499,26227,13
26500,26228,12
26501,26228,12
26502,26231,12
26503,26234,15
26504,26234,14
26505,26235,12
26506,26235,15
26507,26238,14
26508,26239,12
26509,26239,12
26510,26241,14
26511,26241,13
26512,26242,14
26513,26242,14
26514,26243,12
26515,26243,15
26516,26244,12
26517,26244,12
26518,26245,12
26519,26246,14
26520,26247,14
26521,26247,11
26522,26248,11
26523,26249,12
26524,26249,14
26525,26250,15
26526,26251,15
26527,26251,11
26528,26252,13
26529,26253,11
26530,26253,15
26531,26254,15
26532,26255,12
26533,26256,11
26534,26256,11
26535,26257,14
26536,26257,11
26537,26258,14
26538,26258,13
26539,26260,14
26540,26260,12
26541,26262,15
26542,26262,15
26543,26263,12
26544,26263,12
26545,26264,14
26546,26265,14
26547,26265,15
26548,26266,11
26549,26266,14
26550,26267,13
26551,26267,13
26552,26268,13
26553,26268,15
26554,26269,14
26555,26270,14
26556,26270,11
26557,26271,15
26558,26272,12
26559,26273,12
26560,26274,15
26561,26274,15
26562,26277,12
26563,26278,11
26564,26280,13
26565,26280,14
26566,26284,14
26567,26284,14
26568,26285,11
26569,26285,12
26570,26286,11
26571,26287,12
26572,26287,15
26573,26288,11
26574,26289,15
26575,26289,14
26576,26290,13
26577,26291,13
26578,26293,15
26579,26297,15
26580,26298,14
26581,26298,14
26582,26300,11
26583,26300,11
26584,26301,14
26585,26301,12
26586,26302,14
26587,26303,14
26588,26303,11
26589,26304,12
26590,26304,13
26591,26305,13
26592,26305,14
26593,26306,15
26594,26306,13
26595,26307,15
26596,26307,13
26597,26308,11
26598,26308,12
26599,26311,13
26600,26314,11
26601,26316,14
26602,26316,11
26603,26317,11
26604,26318,13
26605,26319,14
26606,26319,14
26607,26320,13
26608,26320,15
26609,26321,11
26610,26321,15
26611,26322,12
26612,26323,11
26613,26323,14
26614,26324,15
26615,26324,11
26616,26325,15
26617,26326,12
26618,26328,15
26619,26330,14
26620,26330,13
26621,26331,12
26622,26332,14
26623,26335,14
26624,26335,14
26625,26336,14
26626,26337,14
26627,26338,14
26628,26338,12
26629,26339,11
26630,26339,13
26631,26340,12
26632,26340,13
26633,26341,12
26634,26342,15
26635,26342,13
26636,26343,12
26637,26344,14
26638,26345,14
26639,26345,14
26640,26347,14
26641,26354,14
26642,26355,11
26643,26355,13
26644,26356,11
26645,26356,11
26646,26357,12
26647,26358,13
26648,26358,12
26649,26361,11
26650,26362,11
26651,26363,15
26652,26363,12
26653,26364,14
26654,26365,14
26655,26365,14
26656,26366,14
26657,26369,14
26658,26369,12
26659,26373,11
26660,26377,14
26661,26377,14
26662,26382,15
26663,26382,15
26664,26383,15
26665,26383,11
26666,26386,11
26667,26390,13
26668,26390,15
26669,26392,15
26670,26392,12
26671,26393,14
26672,26394,12
26673,26395,15
26674,26395,14
26675,26397,14
26676,26401,13
26677,26402,13
26678,26402,13
26679,26403,15
26680,26403,11
26681,26404,12
26682,26405,11
26683,26405,11
26684,26406,11
26685,26406,12
26686,26410,11
26687,26411,12
26688,26411,15
26689,26412,11
26690,26412,11
26691,26413,11
26692,26413,13
26693,26414,11
26694,26414,15
26695,26415,15
26696,26416,15
26697,26416,15
26698,26417,15
26699,26423,12
26700,26423,12
26701,26424,12
26702,26425,12
26703,26428,11
26704,26430,15
26705,26430,14
26706,26431,14
26707,26433,14
26708,26433,14
26709,26434,15
26710,26434,14
26711,26435,12
26712,26438,11
26713,26438,15
26714,26439,11
26715,26439,13
26716,26441,14
26717,26442,13
26718,26442,14
26719,26443,13
26720,26443,15
26721,26444,15
26722,26444,15
26723,26446,14
26724,26454,15
26725,26454,14
26726,26456,14
26727,26458,14
26728,26459,14
26729,26459,13
26730,26462,14
26731,26462,14
26732,26463,11
26733,26464,13
26734,26464,13
26735,26466,12
26736,26468,13
26737,26468,15
26738,26469,11
26739,26469,13
26740,26475,15
26741,26475,15
26742,26476,13
26743,26476,14
26744,26477,11
26745,26477,12
26746,26479,12
26747,26479,13
26748,26480,12
26749,26481,14
26750,26482,11
26751,26482,15
26752,26484,14
26753,26485,14
26754,26485,13
26755,26488,13
26756,26488,15
26757,26489,14
26758,26492,12
26759,26494,11
26760,26494,11
26761,26495,15
26762,26496,12
26763,26496,14
26764,26497,15
26765,26497,14
26766,26499,15
26767,26499,15
26768,26502,13
26769,26502,13
26770,26503,11
26771,26503,13
26772,26504,12
26773,26505,14
26774,26507,11
26775,26507,13
26776,26509,11
26777,26509,13
26778,26511,12
26779,26511,15
26780,26514,14
26781,26514,13
26782,26515,13
26783,26517,14
26784,26517,12
26785,26522,14
26786,26523,12
26787,26524,13
26788,26524,14
26789,26525,14
26790,26525,13
26791,26526,14
26792,26526,15
26793,26528,13
26794,26530,15
26795,26530,12
26796,26531,14
26797,26533,12
26798,26536,15
26799,26536,13
26800,26540,11
26801,26541,13
26802,26544,12
26803,26544,11
26804,26546,11
26805,26546,14
26806,26548,11
26807,26548,13
26808,26549,11
26809,26550,15
26810,26552,14
26811,26556,12
26812,26556,15
26813,26557,13
26814,26559,13
26815,26559,15
26816,26560,12
26817,26560,14
26818,26561,13
26819,26561,14
26820,26562,15
26821,26563,13
26822,26564,13
26823,26564,11
26824,26565,14
26825,26565,14
26826,26566,12
26827,26566,11
26828,26567,13
26829,26567,14
26830,26570,13
26831,26571,12
26832,26572,14
26833,26572,15
26834,26573,14
26835,26575,14
26836,26577,13
26837,26577,13
26838,26584,11
26839,26584,11
26840,26585,14
26841,26585,13
26842,26587,13
26843,26587,11
26844,26588,11
26845,26588,15
26846,26590,12
26847,26591,15
26848,26591,14
26849,26592,13
26850,26593,12
26851,26594,14
26852,26594,12
26853,26595,14
26854,26595,14
26855,26599,13
26856,26600,12
26857,26601,12
26858,26601,15
26859,26602,14
26860,26603,12
26861,26603,11
26862,26605,13
26863,26606,12
26864,26607,12
26865,26610,11
26866,26611,14
26867,26611,13
26868,26612,13
26869,26612,14
26870,26613,13
26871,26614,15
26872,26614,15
26873,26617,11
26874,26617,14
26875,26618,14
26876,26618,11
26877,26619,12
26878,26621,12
26879,26621,14
26880,26622,12
26881,26622,15
26882,26623,15
26883,26624,14
26884,26624,11
26885,26625,15
26886,26627,14
26887,26628,13
26888,26629,12
26889,26629,13
26890,26631,11
26891,26632,11
26892,26633,14
26893,26633,12
26894,26634,15
26895,26635,15
26896,26635,13
26897,26636,11
26898,26636,11
26899,26637,12
26900,26639,15
26901,26641,12
26902,26642,11
26903,26644,14
26904,26645,14
26905,26645,14
26906,26646,15
26907,26646,13
26908,26647,11
26909,26647,12
26910,26648,11
26911,26648,15
26912,26650,15
26913,26652,15
26914,26652,14
26915,26653,13
26916,26653,14
26917,26656,14
26918,26657,12
26919,26657,13
26920,26658,12
26921,26659,13
26922,26659,15
26923,26660,15
26924,26660,13
26925,26661,13
26926,26661,15
26927,26662,14
26928,26662,13
26929,26663,13
26930,26663,14
26931,26665,12
26932,26665,13
26933,26666,12
26934,26666,13
26935,26667,13
26936,26667,11
26937,26669,11
26938,26669,11
26939,26670,14
26940,26670,15
26941,26671,12
26942,26672,14
26943,26672,14
26944,26673,11
26945,26674,13
26946,26675,11
26947,26676,11
26948,26677,12
26949,26677,12
26950,26678,12
26951,26678,15
26952,26679,15
26953,26679,11
26954,26680,11
26955,26680,11
26956,26682,11
26957,26682,14
26958,26683,15
26959,26684,13
26960,26684,11
26961,26685,11
26962,26688,13
26963,26691,12
26964,26692,14
26965,26692,13
26966,26694,15
26967,26695,12
26968,26698,13
26969,26698,15
26970,26700,13
26971,26700,13
26972,26701,12
26973,26703,12
26974,26706,14
26975,26706,11
26976,26707,13
26977,26707,11
26978,26708,12
26979,26708,15
26980,26709,15
26981,26709,11
26982,26711,15
26983,26711,11
26984,26712,15
26985,26713,13
26986,26713,14
26987,26718,14
26988,26718,14
26989,26719,12
26990,26720,13
26991,26721,11
26992,26722,14
26993,26724,12
26994,26724,12
26995,26725,12
26996,26727,12
26997,26727,12
26998,26728,14
26999,26728,15
27000,26729,15
27001,26729,12
27002,26730,13
27003,26730,13
27004,26731,15
27005,26732,13
27006,26732,14
27007,26734,13
27008,26734,11
27009,26736,14
27010,26736,14
27011,26738,12
27012,26741,14
27013,26741,15
27014,26744,14
27015,26744,15
27016,26748,15
27017,26750,11
27018,26750,12
27019,26751,13
27020,26753,15
27021,26756,12
27022,26757,12
27023,26757,12
27024,26758,15
27025,26758,11
27026,26759,12
27027,26760,14
27028,26761,11
27029,26765,13
27030,26766,15
27031,26766,15
27032,26767,13
27033,26769,13
27034,26771,13
27035,26772,13
27036,26775,11
27037,26776,14
27038,26776,14
27039,26777,13
27040,26777,15
27041,26779,14
27042,26780,12
27043,26780,11
27044,26783,13
27045,26788,15
27046,26788,13
27047,26790,14
27048,26790,14
27049,26793,12
27050,26793,15
27051,26795,13
27052,26797,12
27053,26797,11
27054,26798,14
27055,26798,14
27056,26799,14
27057,26799,14
27058,26800,12
27059,26802,14
27060,26802,14
27061,26803,12
27062,26803,15
27063,26804,15
27064,26804,13
27065,26808,11
27066,26808,15
27067,26809,13
27068,26809,12
27069,26810,15
27070,26811,13
27071,26812,15
27072,26812,13
27073,26813,13
27074,26813,14
27075,26816,14
27076,26817,14
27077,26817,14
27078,26818,14
27079,26818,12
27080,26819,15
27081,26820,12
27082,26821,12
27083,26821,14
27084,26822,13
27085,26822,12
27086,26823,14
27087,26826,12
27088,26826,12
27089,26828,13
27090,26828,11
27091,26829,12
27092,26829,11
27093,26832,12
27094,26834,13
27095,26834,11
27096,26835,11
27097,26835,13
27098,26837,13
27099,26837,13
27100,26838,14
27101,26838,12
27102,26839,13
27103,26839,14
27104,26840,14
27105,26841,13
27106,26842,14
27107,26842,13
27108,26843,12
27109,26845,14
27110,26846,14
27111,26850,15
27112,26853,13
27113,26853,12
27114,26854,13
27115,26855,13
27116,26855,12
27117,26857,14
27118,26857,12
27119,26858,14
27120,26858,13
27121,26861,12
27122,26861,15
27123,26862,12
27124,26863,12
27125,26863,12
27126,26864,11
27127,26864,11
27128,26865,15
27129,26865,15
27130,26869,13
27131,26869,15
27132,26871,15
27133,26871,11
27134,26872,12
27135,26873,15
27136,26874,13
27137,26874,12
27138,26876,14
27139,26877,11
27140,26877,12
27141,26878,14
27142,26879,12
27143,26881,14
27144,26884,13
27145,26884,11
27146,26885,14
27147,26885,11
27148,26887,15
27149,26888,14
27150,26888,15
27151,26889,12
27152,26889,14
27153,26891,13
27154,26896,15
27155,26896,14
27156,26898,11
27157,26899,14
27158,26900,15
27159,26901,11
27160,26903,14
27161,26903,14
27162,26904,13
27163,26904,14
27164,26906,13
27165,26906,12
27166,26908,13
27167,26909,14
27168,26911,13
27169,26911,12
27170,26913,11
27171,26914,13
27172,26915,11
27173,26918,14
27174,26919,13
27175,26920,11
27176,26923,11
27177,26924,13
27178,26924,14
27179,26928,14
27180,26929,11
27181,26929,14
27182,26930,15
27183,26930,15
27184,26932,12
27185,26933,15
27186,26934,13
27187,26934,13
27188,26935,14
27189,26936,14
27190,26937,14
27191,26941,14
27192,26941,15
27193,26943,14
27194,26944,12
27195,26945,11
27196,26947,12
27197,26947,11
27198,26950,13
27199,26951,12
27200,26954,15
27201,26954,14
27202,26955,14
27203,26955,14
27204,26956,13
27205,26956,14
27206,26957,15
27207,26957,12
27208,26958,14
27209,26961,12
27210,26961,15
27211,26962,14
27212,26962,12
27213,26963,14
27214,26963,12
27215,26964,13
27216,26964,15
27217,26965,11
27218,26965,13
27219,26968,14
27220,26968,14
27221,26971,12
27222,26971,14
27223,26972,15
27224,26972,13
27225,26974,14
27226,26979,12
27227,26979,12
27228,26981,13
27229,26981,12
27230,26982,15
27231,26983,15
27232,26984,13
27233,26984,15
27234,26986,13
27235,26986,12
27236,26987,13
27237,26988,14
27238,26988,11
27239,26989,12
27240,26991,15
27241,26992,11
27242,26993,13
27243,26993,15
27244,26994,11
27245,26994,15
27246,26995,15
27247,26995,13
27248,26997,12
27249,26997,11
27250,27002,13
27251,27005,14
27252,27006,13
27253,27006,13
27254,27009,15
27255,27010,12
27256,27011,12
27257,27012,15
27258,27012,13
27259,27013,11
27260,27013,11
27261,27014,14
27262,27014,12
27263,27015,13
27264,27015,13
27265,27016,15
27266,27018,12
27267,27021,14
27268,27021,12
27269,27023,14
27270,27023,15
27271,27025,11
27272,27026,14
27273,27027,15
27274,27027,12
27275,27028,12
27276,27028,12
27277,27029,13
27278,27030,15
27279,27031,11
27280,27032,14
27281,27032,15
27282,27034,13
27283,27037,15
27284,27038,14
27285,27039,13
27286,27039,15
27287,27041,14
27288,27042,15
27289,27042,13
27290,27044,15
27291,27044,13
27292,27045,13
27293,27047,11
27294,27047,11
27295,27048,15
27296,27048,12
27297,27049,14
27298,27050,12
27299,27051,11
27300,27051,15
27301,27053,15
27302,27053,11
27303,27054,15
27304,27054,15
27305,27056,11
27306,27056,15
27307,27058,12
27308,27058,15
27309,27059,11
27310,27059,15
27311,27061,13
27312,27062,11
27313,27062,12
27314,27063,14
27315,27064,13
27316,27064,15
27317,27065,13
27318,27065,13
27319,27067,11
27320,27068,15
27321,27069,13
27322,27070,15
27323,27072,15
27324,27074,11
27325,27075,12
27326,27075,15
27327,27076,14
27328,27076,13
27329,27077,12
27330,27077,13
27331,27079,13
27332,27080,12
27333,27080,15
27334,27081,12
27335,27082,11
27336,27082,13
27337,27083,12
27338,27083,15
27339,27085,15
27340,27088,14
27341,27088,11
27342,27089,11
27343,27089,15
27344,27090,11
27345,27090,12
27346,27092,12
27347,27093,12
27348,27093,13
27349,27095,14
27350,27095,15
27351,27096,12
27352,27098,15
27353,27099,14
27354,27099,15
27355,27100,15
27356,27100,15
27357,27101,13
27358,27101,14
27359,27105,15
27360,27105,14
27361,27106,13
27362,27107,15
27363,27107,13
27364,27108,12
27365,27108,14
27366,27110,11
27367,27111,11
27368,27114,13
27369,27115,11
27370,27115,15
27371,27116,11
27372,27119,15
27373,27119,15
27374,27121,12
27375,27125,15
27376,27126,13
27377,27126,15
27378,27127,15
27379,27128,12
27380,27129,11
27381,27130,11
27382,27131,11
27383,27132,11
27384,27132,11
27385,27133,15
27386,27133,15
27387,27135,12
27388,27135,12
27389,27137,12
27390,27138,14
27391,27138,14
27392,27139,12
27393,27140,15
27394,27142,12
27395,27142,13
27396,27143,13
27397,27144,14
27398,27145,13
27399,27145,12
27400,27146,15
27401,27147,13
27402,27147,11
27403,27148,15
27404,27149,14
27405,27149,15
27406,27150,12
27407,27152,15
27408,27152,13
27409,27153,11
27410,27153,15
27411,27155,11
27412,27155,15
27413,27157,14
27414,27158,14
27415,27160,13
27416,27160,12
27417,27161,13
27418,27162,15
27419,27162,11
27420,27163,14
27421,27164,14
27422,27165,13
27423,27165,15
27424,27166,13
27425,27169,15
27426,27169,15
27427,27170,12
27428,27171,11
27429,27171,11
27430,27173,11
27431,27174,14
27432,27176,12
27433,27176,15
27434,27177,13
27435,27178,14
27436,27179,12
27437,27179,14
27438,27181,13
27439,27183,13
27440,27183,12
27441,27184,11
27442,27184,12
27443,27185,13
27444,27186,11
27445,27187,15
27446,27193,11
27447,27193,12
27448,27194,11
27449,27194,11
27450,27195,12
27451,27198,11
27452,27199,12
27453,27201,11
27454,27201,14
27455,27202,13
27456,27202,14
27457,27204,13
27458,27204,12
27459,27205,14
27460,27205,15
27461,27206,14
27462,27206,13
27463,27207,11
27464,27207,14
27465,27208,15
27466,27208,14
27467,27211,13
27468,27211,12
27469,27212,13
27470,27212,14
27471,27213,13
27472,27214,13
27473,27216,13
27474,27216,13
27475,27217,12
27476,27218,14
27477,27219,13
27478,27219,14
27479,27220,15
27480,27220,12
27481,27221,14
27482,27222,15
27483,27222,15
27484,27223,13
27485,27223,13
27486,27224,13
27487,27226,11
27488,27226,15
27489,27227,11
27490,27227,12
27491,27228,11
27492,27228,15
27493,27230,12
27494,27230,15
27495,27231,15
27496,27233,12
27497,27235,14
27498,27238,12
27499,27238,11
27500,27241,13
27501,27241,14
27502,27243,15
27503,27244,12
27504,27247,11
27505,27248,14
27506,27248,12
27507,27251,11
27508,27252,14
27509,27257,13
27510,27258,15
27511,27259,13
27512,27259,11
27513,27260,15
27514,27260,14
27515,27261,13
27516,27262,12
27517,27262,12
27518,27264,11
27519,27264,11
27520,27265,11
27521,27265,14
27522,27266,12
27523,27266,13
27524,27270,11
27525,27270,12
27526,27271,12
27527,27272,13
27528,27275,11
27529,27277,13
27530,27277,11
27531,27278,11
27532,27279,14
27533,27280,15
27534,27280,11
27535,27281,11
27536,27281,15
27537,27283,15
27538,27283,14
27539,27284,13
27540,27286,14
27541,27286,11
27542,27288,14
27543,27288,11
27544,27289,13
27545,27290,14
27546,27290,12
27547,27291,14
27548,27293,11
27549,27295,12
27550,27296,13
27551,27296,12
27552,27298,11
27553,27298,12
27554,27299,12
27555,27300,14
27556,27301,15
27557,27302,15
27558,27303,14
27559,27303,12
27560,27304,13
27561,27304,13
27562,27305,14
27563,27307,12
27564,27308,14
27565,27308,15
27566,27310,15
27567,27312,13
27568,27312,14
27569,27315,13
27570,27316,14
27571,27318,13
27572,27318,12
27573,27319,14
27574,27320,13
27575,27321,13
27576,27321,13
27577,27322,11
27578,27322,14
27579,27325,12
27580,27326,12
27581,27327,14
27582,27329,15
27583,27330,14
27584,27332,12
27585,27332,15
27586,27334,15
27587,27334,11
27588,27340,14
27589,27340,14
27590,27342,14
27591,27342,11
27592,27343,12
27593,27344,14
27594,27345,11
27595,27346,12
27596,27347,12
27597,27347,14
27598,27350,12
27599,27350,12
27600,27351,11
27601,27352,12
27602,27352,13
27603,27353,11
27604,27354,13
27605,27355,14
27606,27355,14
27607,27356,11
27608,27356,13
27609,27357,13
27610,27357,12
27611,27358,13
27612,27358,12
27613,27359,11
27614,27359,15
27615,27360,12
27616,27360,13
27617,27361,12
27618,27361,14
27619,27362,13
27620,27365,11
27621,27367,13
27622,27369,11
27623,27370,13
27624,27371,13
27625,27372,11
27626,27372,15
27627,27373,11
27628,27373,14
27629,27376,14
27630,27376,11
27631,27377,12
27632,27379,13
27633,27381,14
27634,27381,12
27635,27385,15
27636,27385,13
27637,27387,15
27638,27388,15
27639,27388,13
27640,27389,11
27641,27389,15
27642,27390,11
27643,27390,14
27644,27392,15
27645,27392,15
27646,27393,12
27647,27393,12
27648,27394,14
27649,27394,15
27650,27395,13
27651,27396,15
27652,27397,11
27653,27398,15
27654,27399,12
27655,27399,13
27656,27403,13
27657,27403,12
27658,27409,11
27659,27409,12
27660,27410,13
27661,27410,11
27662,27411,12
27663,27412,12
27664,27412,11
27665,27413,13
27666,27415,15
27667,27415,15
27668,27417,14
27669,27417,11
27670,27418,11
27671,27418,12
27672,27419,14
27673,27422,15
27674,27424,11
27675,27424,14
27676,27426,12
27677,27426,11
27678,27427,11
27679,27427,13
27680,27428,15
27681,27429,15
27682,27429,13
27683,27430,13
27684,27430,14
27685,27431,13
27686,27431,12
27687,27433,15
27688,27436,13
27689,27438,12
27690,27439,13
27691,27440,14
27692,27440,13
27693,27441,11
27694,27442,15
27695,27443,12
27696,27445,15
27697,27445,12
27698,27446,14
27699,27447,14
27700,27448,12
27701,27448,12
27702,27449,14
27703,27450,15
27704,27450,15
27705,27453,12
27706,27453,13
27707,27454,14
27708,27455,11
27709,27456,14
27710,27456,15
27711,27457,11
27712,27458,13
27713,27458,12
27714,27459,13
27715,27459,13
27716,27460,11
27717,27460,15
27718,27461,14
27719,27461,11
27720,27466,11
27721,27468,13
27722,27468,12
27723,27471,11
27724,27472,15
27725,27474,11
27726,27474,14
27727,27475,13
27728,27476,13
27729,27476,11
27730,27478,14
27731,27479,11
27732,27479,15
27733,27480,15
27734,27481,15
27735,27481,14
27736,27482,12
27737,27484,13
27738,27484,11
27739,27485,12
27740,27485,11
27741,27486,14
27742,27487,12
27743,27488,14
27744,27489,11
27745,27489,12
27746,27490,14
27747,27491,13
27748,27491,12
27749,27492,12
27750,27492,12
27751,27494,13
27752,27495,11
27753,27495,13
27754,27497,12
27755,27498,13
27756,27498,15
27757,27499,12
27758,27499,14
27759,27501,12
27760,27501,12
27761,27502,15
27762,27502,11
27763,27503,12
27764,27503,13
27765,27504,15
27766,27504,13
27767,27505,11
27768,27505,14
27769,27507,15
27770,27508,14
27771,27508,14
27772,27509,12
27773,27509,11
27774,27510,13
27775,27510,12
27776,27511,12
27777,27511,13
27778,27512,13
27779,27514,11
27780,27515,15
27781,27515,13
27782,27516,13
27783,27516,13
27784,27517,12
27785,27519,11
27786,27519,12
27787,27521,11
27788,27522,12
27789,27524,12
27790,27525,14
27791,27525,12
27792,27528,13
27793,27528,12
27794,27531,11
27795,27531,15
27796,27533,11
27797,27534,11
27798,27535,12
27799,27535,12
27800,27536,13
27801,27539,11
27802,27539,12
27803,27540,12
27804,27543,15
27805,27543,12
27806,27545,12
27807,27545,14
27808,27547,11
27809,27547,11
27810,27548,11
27811,27549,13
27812,27550,11
27813,27551,12
27814,27552,11
27815,27552,12
27816,27554,11
27817,27555,15
27818,27555,15
27819,27558,12
27820,27558,14
27821,27560,14
27822,27566,14
27823,27568,11
27824,27568,14
27825,27569,15
27826,27570,15
27827,27570,13
27828,27571,11
27829,27571,14
27830,27573,15
27831,27574,15
27832,27574,11
27833,27575,11
27834,27576,11
27835,27576,14
27836,27577,14
27837,27577,14
27838,27579,13
27839,27579,13
27840,27582,12
27841,27582,13
27842,27583,15
27843,27585,15
27844,27586,12
27845,27587,14
27846,27588,13
27847,27590,15
27848,27591,13
27849,27591,11
27850,27592,13
27851,27593,11
27852,27594,11
27853,27594,11
27854,27595,15
27855,27599,12
27856,27601,15
27857,27602,12
27858,27602,11
27859,27603,15
27860,27604,12
27861,27604,13
27862,27605,12
27863,27606,12
27864,27609,14
27865,27610,13
27866,27612,13
27867,27612,15
27868,27613,13
27869,27614,13
27870,27614,11
27871,27617,15
27872,27617,11
27873,27618,13
27874,27620,12
27875,27620,11
27876,27621,15
27877,27621,13
27878,27623,13
27879,27624,13
27880,27625,13
27881,27625,15
27882,27627,14
27883,27628,12
27884,27629,15
27885,27629,14
27886,27630,15
27887,27630,12
27888,27631,12
27889,27631,12
27890,27632,12
27891,27632,15
27892,27633,13
27893,27634,11
27894,27634,12
27895,27636,12
27896,27636,13
27897,27638,15
27898,27638,11
27899,27639,14
27900,27639,12
27901,27640,13
27902,27641,12
27903,27641,15
27904,27642,15
27905,27642,14
27906,27643,15
27907,27643,14
27908,27644,12
27909,27644,13
27910,27645,12
27911,27646,13
27912,27646,11
27913,27648,13
27914,27648,14
27915,27649,14
27916,27650,13
27917,27650,13
27918,27652,15
27919,27652,15
27920,27653,12
27921,27655,11
27922,27656,14
27923,27656,14
27924,27657,12
27925,27657,11
27926,27658,15
27927,27658,14
27928,27659,13
27929,27660,11
27930,27661,13
27931,27661,14
27932,27662,11
27933,27662,13
27934,27663,11
27935,27664,14
27936,27666,13
27937,27666,13
27938,27667,12
27939,27667,11
27940,27668,12
27941,27670,15
27942,27671,12
27943,27672,15
27944,27672,12
27945,27673,12
27946,27675,13
27947,27676,14
27948,27677,11
27949,27677,14
27950,27679,15
27951,27680,15
27952,27680,12
27953,27681,11
27954,27682,15
27955,27686,14
27956,27686,15
27957,27687,15
27958,27687,13
27959,27689,15
27960,27691,14
27961,27691,12
27962,27692,13
27963,27692,12
27964,27693,14
27965,27694,12
27966,27694,15
27967,27695,13
27968,27695,15
27969,27696,14
27970,27696,11
27971,27699,15
27972,27701,11
27973,27702,15
27974,27702,13
27975,27706,11
27976,27707,15
27977,27709,15
27978,27709,15
27979,27711,15
27980,27711,12
27981,27714,15
27982,27714,11
27983,27716,14
27984,27717,12
27985,27717,13
27986,27719,13
27987,27719,12
27988,27720,13
27989,27720,11
27990,27722,12
27991,27722,13
27992,27723,15
27993,27723,13
27994,27725,13
27995,27726,12
27996,27727,12
27997,27727,13
27998,27728,12
27999,27728,15
28000,27729,12
28001,27732,12
28002,27733,14
28003,27733,11
28004,27734,15
28005,27735,14
28006,27735,12
28007,27739,11
28008,27739,15
28009,27740,12
28010,27741,12
28011,27742,14
28012,27743,13
28013,27743,11
28014,27746,13
28015,27747,13
28016,27754,14
28017,27755,11
28018,27756,11
28019,27756,13
28020,27758,11
28021,27758,15
28022,27762,12
28023,27763,11
28024,27765,11
28025,27765,13
28026,27766,13
28027,27767,14
28028,27768,11
28029,27769,14
28030,27771,12
28031,27772,15
28032,27772,12
28033,27773,13
28034,27773,13
28035,27775,14
28036,27778,15
28037,27779,11
28038,27779,12
28039,27780,14
28040,27781,12
28041,27782,13
28042,27782,11
28043,27783,11
28044,27784,11
28045,27784,11
28046,27785,14
28047,27786,12
28048,27786,15
28049,27787,13
28050,27789,13
28051,27789,13
28052,27791,15
28053,27791,13
28054,27793,11
28055,27795,15
28056,27796,12
28057,27797,13
28058,27797,15
28059,27799,11
28060,27799,14
28061,27800,12
28062,27800,15
28063,27801,15
28064,27802,11
28065,27802,14
28066,27804,15
28067,27806,12
28068,27806,14
28069,27808,13
28070,27809,11
28071,27810,14
28072,27812,13
28073,27812,11
28074,27813,11
28075,27814,15
28076,27814,12
28077,27815,15
28078,27816,12
28079,27817,11
28080,27817,11
28081,27818,12
28082,27819,12
28083,27819,14
28084,27824,11
28085,27824,11
28086,27825,13
28087,27825,15
28088,27827,12
28089,27827,15
28090,27828,14
28091,27833,13
28092,27839,11
28093,27840,12
28094,27840,14
28095,27841,15
28096,27843,13
28097,27844,11
28098,27846,13
28099,27846,11
28100,27847,14
28101,27848,12
28102,27850,15
28103,27852,13
28104,27853,15
28105,27854,14
28106,27858,14
28107,27858,11
28108,27861,11
28109,27863,15
28110,27864,13
28111,27864,11
28112,27865,12
28113,27866,15
28114,27867,11
28115,27867,13
28116,27869,15
28117,27870,13
28118,27870,11
28119,27871,11
28120,27871,14
28121,27872,13
28122,27875,13
28123,27875,15
28124,27876,12
28125,27877,12
28126,27878,13
28127,27878,11
28128,27879,14
28129,27880,13
28130,27880,15
28131,27881,15
28132,27881,15
28133,27882,15
28134,27882,11
28135,27883,15
28136,27884,11
28137,27885,11
28138,27885,12
28139,27887,11
28140,27888,11
28141,27888,11
28142,27889,12
28143,27891,11
28144,27892,15
28145,27895,14
28146,27895,14
28147,27897,11
28148,27898,13
28149,27898,12
28150,27900,13
28151,27900,13
28152,27901,13
28153,27901,12
28154,27902,15
28155,27903,14
28156,27903,15
28157,27905,11
28158,27905,12
28159,27906,15
28160,27906,13
28161,27907,13
28162,27908,15
28163,27908,14
28164,27909,14
28165,27910,15
28166,27910,13
28167,27911,13
28168,27912,11
28169,27913,11
28170,27914,12
28171,27914,12
28172,27916,14
28173,27916,14
28174,27918,14
28175,27919,15
28176,27919,15
28177,27920,13
28178,27921,14
28179,27922,15
28180,27922,15
28181,27923,13
28182,27925,11
28183,27926,15
28184,27927,15
28185,27928,12
28186,27928,14
28187,27931,14
28188,27934,13
28189,27935,12
28190,27935,13
28191,27936,11
28192,27936,12
28193,27937,12
28194,27938,12
28195,27941,13
28196,27941,14
28197,27942,14
28198,27942,11
28199,27944,11
28200,27944,13
28201,27945,12
28202,27945,14
28203,27947,15
28204,27948,15
28205,27948,13
28206,27949,14
28207,27950,14
28208,27951,13
28209,27953,11
28210,27953,13
28211,27954,11
28212,27954,14
28213,27957,15
28214,27957,14
28215,27958,13
28216,27959,13
28217,27959,13
28218,27961,12
28219,27961,15
28220,27962,13
28221,27962,14
28222,27963,11
28223,27964,15
28224,27966,13
28225,27966,14
28226,27967,11
28227,27969,15
28228,27969,15
28229,27970,12
28230,27972,12
28231,27973,15
28232,27973,15
28233,27976,12
28234,27976,11
28235,27977,11
28236,27980,14
28237,27980,13
28238,27981,13
28239,27981,14
28240,27983,14
28241,27984,15
28242,27986,14
28243,27987,11
28244,27987,15
28245,27990,11
28246,27992,13
28247,27992,12
28248,27993,13
28249,27994,13
28250,27995,11
28251,27995,11
28252,27996,11
28253,27997,11
28254,27998,14
28255,27998,12
28256,28000,13
28257,28000,14
28258,28001,14
28259,28001,12
28260,28002,14
28261,28003,13
28262,28003,15
28263,28004,15
28264,28005,11
28265,28006,11
28266,28006,12
28267,28007,15
28268,28008,12
28269,28011,15
28270,28011,11
28271,28017,11
28272,28017,14
28273,28018,11
28274,28019,12
28275,28021,14
28276,28021,12
28277,28022,14
28278,28022,12
28279,28023,11
28280,28023,15
28281,28024,14
28282,28025,15
28283,28025,11
28284,28026,11
28285,28026,15
28286,28027,14
28287,28029,14
28288,28029,13
28289,28030,11
28290,28030,12
28291,28033,12
28292,28033,11
28293,28034,12
28294,28036,12
28295,28036,15
28296,28037,11
28297,28037,11
28298,28038,13
28299,28040,13
28300,28042,11
28301,28044,14
28302,28045,15
28303,28046,14
28304,28046,12
28305,28048,15
28306,28049,11
28307,28051,13
28308,28052,13
28309,28053,12
28310,28054,13
28311,28054,13
28312,28056,15
28313,28056,11
28314,28057,11
28315,28057,12
28316,28058,11
28317,28059,15
28318,28060,13
28319,28060,14
28320,28061,12
28321,28062,15
28322,28062,12
28323,28064,14
28324,28064,12
28325,28066,15
28326,28069,14
28327,28069,15
28328,28070,13
28329,28071,11
28330,28071,12
28331,28072,11
28332,28073,12
28333,28075,14
28334,28076,12
28335,28080,11
28336,28083,13
28337,28083,15
28338,28084,11
28339,28085,15
28340,28085,15
28341,28086,12
28342,28086,14
28343,28087,15
28344,28087,11
28345,28088,15
28346,28091,14
28347,28091,12
28348,28092,12
28349,28093,15
28350,28093,11
28351,28096,11
28352,28099,13
28353,28100,14
28354,28102,12
28355,28102,11
28356,28103,11
28357,28103,13
28358,28104,11
28359,28105,11
28360,28105,14
28361,28106,13
28362,28107,13
28363,28107,13
28364,28108,15
28365,28109,14
28366,28109,13
28367,28110,13
28368,28110,15
28369,28113,15
28370,28113,12
28371,28117,15
28372,28117,12
28373,28118,15
28374,28119,15
28375,28120,13
28376,28120,15
28377,28122,12
28378,28123,11
28379,28123,14
28380,28124,15
28381,28124,14
28382,28125,12
28383,28125,12
28384,28126,12
28385,28127,12
28386,28127,12
28387,28128,13
28388,28129,14
28389,28130,12
28390,28130,11
28391,28131,12
28392,28132,13
28393,28132,13
28394,28133,13
28395,28133,12
28396,28134,14
28397,28136,15
28398,28136,11
28399,28137,15
28400,28137,15
28401,28138,13
28402,28138,11
28403,28139,14
28404,28140,14
28405,28140,11
28406,28141,11
28407,28142,11
28408,28142,11
28409,28146,15
28410,28146,15
28411,28148,13
28412,28149,12
28413,28149,12
28414,28150,11
28415,28150,13
28416,28152,13
28417,28153,11
28418,28155,11
28419,28155,12
28420,28157,15
28421,28157,14
28422,28159,14
28423,28161,12
28424,28162,11
28425,28162,15
28426,28163,13
28427,28163,12
28428,28164,13
28429,28164,11
28430,28166,14
28431,28167,14
28432,28167,12
28433,28169,11
28434,28170,12
28435,28170,12
28436,28171,11
28437,28172,13
28438,28173,13
28439,28175,13
28440,28176,14
28441,28176,15
28442,28177,13
28443,28178,15
28444,28180,14
28445,28182,11
28446,28182,15
28447,28183,11
28448,28184,15
28449,28184,12
28450,28185,11
28451,28186,13
28452,28189,13
28453,28189,12
28454,28190,11
28455,28191,12
28456,28191,13
28457,28192,14
28458,28192,14
28459,28195,14
28460,28196,11
28461,28196,13
28462,28197,13
28463,28197,12
28464,28198,12
28465,28199,13
28466,28201,15
28467,28201,13
28468,28203,14
28469,28204,13
28470,28204,15
28471,28205,14
28472,28206,15
28473,28209,15
28474,28211,12
28475,28211,14
28476,28213,11
28477,28213,15
28478,28214,11
28479,28214,11
28480,28215,13
28481,28216,11
28482,28217,15
28483,28217,14
28484,28218,13
28485,28219,15
28486,28219,12
28487,28220,12
28488,28221,11
28489,28223,13
28490,28226,13
28491,28226,13
28492,28228,13
28493,28229,11
28494,28231,15
28495,28232,14
28496,28232,13
28497,28233,11
28498,28234,13
28499,28236,14
28500,28236,11
28501,28237,13
28502,28237,14
28503,28238,13
28504,28239,15
28505,28239,14
28506,28240,11
28507,28240,11
28508,28242,13
28509,28243,13
28510,28243,15
28511,28246,15
28512,28246,12
28513,28249,13
28514,28249,15
28515,28250,13
28516,28250,11
28517,28251,15
28518,28251,12
28519,28252,11
28520,28253,15
28521,28253,14
28522,28256,11
28523,28257,11
28524,28258,13
28525,28258,13
28526,28261,12
28527,28262,13
28528,28263,13
28529,28263,11
28530,28264,14
28531,28264,11
28532,28265,15
28533,28266,11
28534,28267,15
28535,28268,11
28536,28268,14
28537,28274,15
28538,28276,13
28539,28276,11
28540,28278,12
28541,28279,13
28542,28280,11
28543,28281,12
28544,28281,11
28545,28283,11
28546,28286,12
28547,28288,15
28548,28290,12
28549,28290,15
28550,28294,14
28551,28295,15
28552,28296,13
28553,28297,12
28554,28297,13
28555,28298,15
28556,28298,14
28557,28300,14
28558,28300,15
28559,28303,12
28560,28304,11
28561,28304,12
28562,28305,13
28563,28307,13
28564,28308,12
28565,28308,15
28566,28310,11
28567,28310,14
28568,28311,14
28569,28312,11
28570,28312,13
28571,28315,14
28572,28316,13
28573,28317,15
28574,28317,13
28575,28320,15
28576,28321,13
28577,28321,11
28578,28325,14
28579,28326,11
28580,28326,11
28581,28328,14
28582,28328,12
28583,28331,15
28584,28331,14
28585,28333,12
28586,28334,14
28587,28334,14
28588,28335,15
28589,28335,14
28590,28338,13
28591,28339,11
28592,28339,13
28593,28341,12
28594,28342,15
28595,28342,15
28596,28343,11
28597,28344,15
28598,28344,15
28599,28345,14
28600,28345,13
28601,28346,12
28602,28346,15
28603,28347,12
28604,28348,15
28605,28348,12
28606,28351,15
28607,28351,12
28608,28354,13
28609,28354,11
28610,28356,12
28611,28359,14
28612,28361,13
28613,28361,15
28614,28362,14
28615,28362,11
28616,28363,11
28617,28363,13
28618,28364,11
28619,28364,14
28620,28365,12
28621,28366,12
28622,28366,13
28623,28370,12
28624,28373,14
28625,28374,11
28626,28374,13
28627,28378,11
28628,28378,14
28629,28381,13
28630,28381,12
28631,28382,15
28632,28384,11
28633,28385,14
28634,28386,11
28635,28386,15
28636,28388,14
28637,28388,11
28638,28390,15
28639,28391,14
28640,28391,15
28641,28392,15
28642,28393,12
28643,28394,13
28644,28398,13
28645,28398,11
28646,28399,15
28647,28400,14
28648,28400,13
28649,28402,12
28650,28402,12
28651,28403,12
28652,28404,15
28653,28405,15
28654,28405,12
28655,28407,13
28656,28407,11
28657,28408,11
28658,28408,12
28659,28409,14
28660,28410,11
28661,28412,11
28662,28412,13
28663,28414,14
28664,28414,15
28665,28416,13
28666,28417,14
28667,28417,14
28668,28418,13
28669,28418,13
28670,28419,13
28671,28419,15
28672,28421,14
28673,28423,14
28674,28423,12
28675,28425,14
28676,28425,14
28677,28428,12
28678,28430,12
28679,28430,12
28680,28431,15
28681,28431,14
28682,28432,12
28683,28433,13
28684,28433,12
28685,28434,13
28686,28434,14
28687,28436,14
28688,28436,13
28689,28437,14
28690,28438,15
28691,28438,13
28692,28439,13
28693,28440,11
28694,28440,15
28695,28441,11
28696,28442,15
28697,28442,12
28698,28443,14
28699,28443,14
28700,28446,15
28701,28448,11
28702,28449,13
28703,28449,13
28704,28450,12
28705,28451,11
28706,28451,12
28707,28453,15
28708,28453,13
28709,28455,15
28710,28458,13
28711,28460,12
28712,28460,12
28713,28462,11
28714,28462,13
28715,28463,11
28716,28467,11
28717,28467,12
28718,28471,12
28719,28473,15
28720,28477,14
28721,28477,13
28722,28478,15
28723,28478,13
28724,28480,15
28725,28483,12
28726,28484,11
28727,28484,12
28728,28487,11
28729,28489,15
28730,28489,14
28731,28490,13
28732,28490,15
28733,28491,14
28734,28491,15
28735,28493,11
28736,28493,13
28737,28494,13
28738,28494,15
28739,28496,11
28740,28498,15
28741,28499,14
28742,28499,13
28743,28501,13
28744,28502,11
28745,28503,15
28746,28503,11
28747,28504,14
28748,28504,12
28749,28505,13
28750,28506,15
28751,28506,13
28752,28508,13
28753,28509,14
28754,28509,11
28755,28510,15
28756,28511,14
28757,28512,14
28758,28513,11
28759,28513,13
28760,28514,12
28761,28515,15
28762,28517,14
28763,28517,11
28764,28518,15
28765,28518,14
28766,28519,14
28767,28519,11
28768,28522,13
28769,28522,11
28770,28523,12
28771,28525,12
28772,28527,12
28773,28527,12
28774,28528,13
28775,28528,15
28776,28529,11
28777,28529,11
28778,28530,14
28779,28530,13
28780,28531,14
28781,28532,15
28782,28533,14
28783,28536,15
28784,28536,13
28785,28537,14
28786,28538,13
28787,28538,13
28788,28539,12
28789,28541,11
28790,28541,14
28791,28544,15
28792,28547,11
28793,28549,12
28794,28549,14
28795,28550,15
28796,28551,15
28797,28551,13
28798,28555,11
28799,28556,12
28800,28557,12
28801,28557,13
28802,28558,15
28803,28560,11
28804,28562,11
28805,28563,13
28806,28565,12
28807,28566,11
28808,28566,12
28809,28568,15
28810,28568,11
28811,28569,12
28812,28570,11
28813,28571,12
28814,28571,13
28815,28572,12
28816,28572,11
28817,28573,12
28818,28575,14
28819,28576,12
28820,28576,12
28821,28578,14
28822,28578,13
28823,28580,12
28824,28580,15
28825,28582,11
28826,28582,12
28827,28583,14
28828,28583,11
28829,28584,15
28830,28584,13
28831,28585,11
28832,28586,14
28833,28588,13
28834,28589,11
28835,28591,12
28836,28591,11
28837,28592,15
28838,28592,13
28839,28593,15
28840,28593,14
28841,28594,13
28842,28595,15
28843,28596,14
28844,28596,15
28845,28597,12
28846,28597,15
28847,28598,11
28848,28599,12
28849,28599,13
28850,28601,15
28851,28601,12
28852,28603,14
28853,28603,13
28854,28604,11
28855,28605,14
28856,28607,15
28857,28608,14
28858,28609,15
28859,28609,11
28860,28610,15
28861,28610,12
28862,28611,11
28863,28612,14
28864,28613,15
28865,28613,15
28866,28615,15
28867,28616,12
28868,28616,13
28869,28617,11
28870,28617,14
28871,28618,11
28872,28618,14
28873,28620,13
28874,28621,14
28875,28623,15
28876,28623,13
28877,28624,12
28878,28624,12
28879,28625,15
28880,28626,13
28881,28626,15
28882,28627,15
28883,28630,13
28884,28630,11
28885,28631,13
28886,28632,13
28887,28632,13
28888,28633,15
28889,28633,14
28890,28634,14
28891,28636,11
28892,28641,12
28893,28643,13
28894,28644,13
28895,28645,15
28896,28646,12
28897,28646,11
28898,28647,13
28899,28647,15
28900,28649,14
28901,28651,11
28902,28652,15
28903,28652,13
28904,28653,14
28905,28653,12
28906,28654,12
28907,28658,15
28908,28660,14
28909,28660,13
28910,28662,14
28911,28663,12
28912,28663,12
28913,28664,11
28914,28667,15
28915,28667,11
28916,28668,11
28917,28669,12
28918,28670,15
28919,28670,14
28920,28671,15
28921,28671,12
28922,28672,13
28923,28674,13
28924,28674,15
28925,28675,13
28926,28675,14
28927,28677,15
28928,28678,11
28929,28679,13
28930,28680,14
28931,28684,11
28932,28684,15
28933,28685,13
28934,28686,15
28935,28689,15
28936,28690,11
28937,28691,13
28938,28691,11
28939,28694,14
28940,28695,14
28941,28695,11
28942,28697,13
28943,28697,11
28944,28700,13
28945,28700,14
28946,28701,13
28947,28702,13
28948,28703,15
28949,28704,15
28950,28704,13
28951,28705,15
28952,28705,14
28953,28706,14
28954,28706,15
28955,28707,15
28956,28707,13
28957,28708,14
28958,28708,11
28959,28709,13
28960,28709,13
28961,28713,14
28962,28713,14
28963,28717,11
28964,28720,14
28965,28720,14
28966,28721,13
28967,28722,11
28968,28723,14
28969,28723,14
28970,28724,15
28971,28725,14
28972,28725,15
28973,28726,15
28974,28726,13
28975,28729,15
28976,28729,12
28977,28730,14
28978,28731,15
28979,28731,13
28980,28732,14
28981,28733,13
28982,28734,14
28983,28734,12
28984,28735,13
28985,28736,12
28986,28737,13
28987,28739,11
28988,28741,15
28989,28741,12
28990,28745,11
28991,28746,11
28992,28748,12
28993,28748,12
28994,28749,14
28995,28749,12
28996,28751,15
28997,28751,11
28998,28752,14
28999,28753,12
29000,28753,13
29001,28754,13
29002,28754,14
29003,28755,13
29004,28755,13
29005,28756,12
29006,28756,11
29007,28757,14
29008,28760,12
29009,28760,13
29010,28761,12
29011,28761,14
29012,28763,13
29013,28764,15
29014,28765,11
29015,28765,12
29016,28767,15
29017,28768,13
29018,28772,14
29019,28773,14
29020,28773,15
29021,28774,12
29022,28775,12
29023,28775,12
29024,28776,14
29025,28776,11
29026,28779,14
29027,28779,14
29028,28781,11
29029,28781,12
29030,28782,15
29031,28783,11
29032,28783,12
29033,28785,13
29034,28785,15
29035,28787,15
29036,28790,12
29037,28791,13
29038,28792,13
29039,28792,12
29040,28796,15
29041,28796,11
29042,28797,15
29043,28798,14
29044,28798,14
29045,28800,12
29046,28801,13
29047,28801,15
29048,28802,12
29049,28802,12
29050,28803,11
29051,28805,11
29052,28805,15
29053,28806,14
29054,28812,13
29055,28812,12
29056,28813,15
29057,28813,14
29058,28817,14
29059,28817,12
29060,28819,15
29061,28821,15
29062,28822,11
29063,28823,12
29064,28826,14
29065,28828,13
29066,28828,14
29067,28829,15
29068,28830,11
29069,28830,11
29070,28832,11
29071,28833,14
29072,28833,15
29073,28834,14
29074,28834,14
29075,28835,12
29076,28835,11
29077,28836,11
29078,28836,15
29079,28837,14
29080,28838,15
29081,28840,13
29082,28842,15
29083,28843,14
29084,28845,13
29085,28845,14
29086,28846,13
29087,28846,14
29088,28848,13
29089,28850,13
29090,28850,14
29091,28851,12
29092,28852,13
29093,28853,15
29094,28855,15
29095,28855,12
29096,28856,13
29097,28858,14
29098,28859,14
29099,28860,12
29100,28860,13
29101,28861,12
29102,28861,13
29103,28862,11
29104,28862,14
29105,28864,15
29106,28864,15
29107,28865,13
29108,28866,11
29109,28870,11
29110,28870,13
29111,28871,14
29112,28871,12
29113,28872,13
29114,28873,11
29115,28873,11
29116,28875,14
29117,28876,14
29118,28876,11
29119,28877,13
29120,28879,11
29121,28880,13
29122,28880,14
29123,28883,14
29124,28883,11
29125,28884,14
29126,28886,11
29127,28890,11
29128,28890,11
29129,28891,15
29130,28891,15
29131,28892,11
29132,28892,11
29133,28896,14
29134,28896,15
29135,28898,13
29136,28898,13
29137,28899,15
29138,28900,11
29139,28900,13
29140,28904,12
29141,28904,12
29142,28905,15
29143,28905,12
29144,28906,13
29145,28907,15
29146,28907,13
29147,28909,14
29148,28909,11
29149,28910,13
29150,28910,12
29151,28911,11
29152,28912,11
29153,28912,13
29154,28913,11
29155,28914,15
29156,28914,11
29157,28915,11
29158,28915,12
29159,28916,15
29160,28916,13
29161,28917,15
29162,28917,14
29163,28920,13
29164,28920,12
29165,28923,13
29166,28924,15
29167,28925,11
29168,28925,14
29169,28927,15
29170,28927,12
29171,28931,11
29172,28931,13
29173,28934,12
29174,28938,12
29175,28938,12
29176,28939,13
29177,28939,12
29178,28940,14
29179,28940,14
29180,28946,15
29181,28946,15
29182,28948,13
29183,28948,13
29184,28949,14
29185,28950,14
29186,28950,12
29187,28951,14
29188,28952,11
29189,28954,12
29190,28954,13
29191,28955,14
29192,28956,14
29193,28956,11
29194,28960,15
29195,28961,11
29196,28961,11
29197,28962,13
29198,28963,11
29199,28964,11
29200,28965,14
29201,28965,11
29202,28966,14
29203,28968,14
29204,28969,13
29205,28974,15
29206,28975,13
29207,28975,15
29208,28976,15
29209,28976,13
29210,28978,12
29211,28979,14
29212,28980,13
29213,28981,15
29214,28981,12
29215,28983,14
29216,28983,13
29217,28984,14
29218,28984,15
29219,28985,14
29220,28986,15
29221,28987,13
29222,28987,13
29223,28992,13
29224,28993,13
29225,28994,15
29226,28994,15
29227,28995,13
29228,28995,11
29229,28996,14
29230,28996,12
29231,28997,11
29232,28998,13
29233,28999,15
29234,28999,12
29235,29000,14
29236,29002,13
29237,29002,13
29238,29003,11
29239,29003,15
29240,29005,14
29241,29006,13
29242,29006,12
29243,29007,13
29244,29009,15
29245,29010,15
29246,29010,15
29247,29012,14
29248,29015,11
29249,29016,15
29250,29016,15
29251,29017,15
29252,29017,13
29253,29018,12
29254,29018,11
29255,29020,14
29256,29023,12
29257,29024,13
29258,29025,15
29259,29026,14
29260,29026,12
29261,29027,11
29262,29028,15
29263,29028,15
29264,29029,13
29265,29030,15
29266,29030,14
29267,29032,11
29268,29032,15
29269,29034,13
29270,29034,15
29271,29035,11
29272,29035,11
29273,29036,12
29274,29036,12
29275,29037,11
29276,29037,15
29277,29039,14
29278,29040,11
29279,29044,12
29280,29044,14
29281,29045,14
29282,29046,13
29283,29046,13
29284,29048,11
29285,29048,15
29286,29050,15
29287,29051,15
29288,29053,15
29289,29055,14
29290,29056,15
29291,29056,11
29292,29057,14
29293,29059,15
29294,29060,12
29295,29062,15
29296,29062,15
29297,29063,15
29298,29063,11
29299,29064,13
29300,29064,11
29301,29066,12
29302,29066,14
29303,29068,11
29304,29069,13
29305,29069,14
29306,29070,11
29307,29071,13
29308,29071,13
29309,29072,15
29310,29074,15
29311,29074,11
29312,29075,14
29313,29076,13
29314,29076,13
29315,29077,14
29316,29082,15
29317,29083,11
29318,29083,13
29319,29084,11
29320,29085,15
29321,29085,12
29322,29086,12
29323,29086,14
29324,29087,11
29325,29087,15
29326,29089,14
29327,29089,11
29328,29090,11
29329,29090,15
29330,29091,12
29331,29091,13
29332,29092,13
29333,29094,13
29334,29094,15
29335,29095,15
29336,29095,14
29337,29096,11
29338,29097,15
29339,29098,13
29340,29099,13
29341,29105,14
29342,29105,13
29343,29106,13
29344,29107,12
29345,29107,11
29346,29110,12
29347,29111,11
29348,29111,14
29349,29112,15
29350,29112,13
29351,29115,12
29352,29115,11
29353,29116,13
29354,29116,13
29355,29120,13
29356,29121,12
29357,29122,15
29358,29124,12
29359,29124,14
29360,29126,15
29361,29127,12
29362,29130,13
29363,29130,12
29364,29131,12
29365,29132,11
29366,29132,14
29367,29133,12
29368,29134,15
29369,29135,13
29370,29136,13
29371,29137,13
29372,29137,14
29373,29138,13
29374,29138,11
29375,29139,14
29376,29140,11
29377,29142,11
29378,29143,13
29379,29144,11
29380,29144,13
29381,29151,12
29382,29151,11
29383,29153,15
29384,29153,13
29385,29154,11
29386,29155,12
29387,29156,14
29388,29157,14
29389,29158,11
29390,29159,11
29391,29159,14
29392,29160,12
29393,29162,14
29394,29162,15
29395,29163,15
29396,29163,13
29397,29164,15
29398,29165,14
29399,29165,11
29400,29167,15
29401,29168,12
29402,29168,12
29403,29172,13
29404,29173,12
29405,29173,14
29406,29174,11
29407,29174,15
29408,29175,12
29409,29175,15
29410,29176,13
29411,29177,12
29412,29177,14
29413,29178,15
29414,29178,11
29415,29179,11
29416,29180,12
29417,29180,13
29418,29183,15
29419,29184,12
29420,29185,12
29421,29185,11
29422,29186,11
29423,29186,15
29424,29187,13
29425,29187,11
29426,29189,13
29427,29190,15
29428,29191,11
29429,29192,15
29430,29192,13
29431,29194,12
29432,29194,12
29433,29196,13
29434,29197,13
29435,29197,14
29436,29198,12
29437,29198,11
29438,29199,13
29439,29202,15
29440,29202,15
29441,29203,13
29442,29204,14
29443,29205,11
29444,29206,14
29445,29206,12
29446,29207,13
29447,29207,14
29448,29208,15
29449,29208,13
29450,29210,15
29451,29210,14
29452,29211,11
29453,29211,11
29454,29212,15
29455,29212,12
29456,29213,12
29457,29215,13
29458,29215,14
29459,29216,15
29460,29216,11
29461,29217,15
29462,29217,14
29463,29219,15
29464,29219,13
29465,29220,11
29466,29224,12
29467,29225,12
29468,29228,14
29469,29228,12
29470,29229,12
29471,29229,11
29472,29230,13
29473,29231,12
29474,29232,12
29475,29234,11
29476,29235,15
29477,29238,13
29478,29238,12
29479,29240,11
29480,29240,11
29481,29241,15
29482,29242,15
29483,29242,11
29484,29245,13
29485,29245,14
29486,29248,11
29487,29250,11
29488,29250,15
29489,29252,14
29490,29253,12
29491,29253,12
29492,29254,13
29493,29254,14
29494,29255,12
29495,29256,12
29496,29257,11
29497,29257,12
29498,29258,13
29499,29258,12
29500,29259,15
29501,29261,13
29502,29263,12
29503,29263,12
29504,29264,15
29505,29265,12
29506,29265,15
29507,29268,12
29508,29268,15
29509,29270,11
29510,29272,15
29511,29272,11
29512,29273,14
29513,29273,12
29514,29275,15
29515,29276,15
29516,29276,12
29517,29277,15
29518,29280,15
29519,29280,11
29520,29283,13
29521,29284,11
29522,29286,11
29523,29286,15
29524,29287,14
29525,29288,13
29526,29288,11
29527,29290,11
29528,29290,14
29529,29292,12
29530,29292,13
29531,29293,11
29532,29294,15
29533,29294,11
29534,29296,11
29535,29296,14
29536,29298,13
29537,29298,13
29538,29300,11
29539,29300,13
29540,29302,12
29541,29303,15
29542,29305,14
29543,29305,11
29544,29307,15
29545,29307,13
29546,29308,15
29547,29311,13
29548,29312,12
29549,29315,14
29550,29315,11
29551,29316,14
29552,29317,14
29553,29317,13
29554,29318,12
29555,29319,15
29556,29320,11
29557,29320,11
29558,29321,11
29559,29322,14
29560,29322,15
29561,29323,15
29562,29323,11
29563,29324,14
29564,29324,15
29565,29325,11
29566,29326,15
29567,29326,14
29568,29327,13
29569,29327,14
29570,29328,14
29571,29329,12
29572,29330,13
29573,29332,13
29574,29332,15
29575,29334,11
29576,29334,15
29577,29335,13
29578,29335,15
29579,29337,13
29580,29338,15
29581,29338,12
29582,29339,13
29583,29341,14
29584,29342,13
29585,29342,12
29586,29345,11
29587,29345,14
29588,29347,15
29589,29347,15
29590,29348,11
29591,29349,13
29592,29350,14
29593,29351,11
29594,29351,15
29595,29353,13
29596,29353,15
29597,29354,13
29598,29354,12
29599,29355,14
29600,29357,13
29601,29357,12
29602,29358,15
29603,29358,12
29604,29360,14
29605,29361,15
29606,29363,15
29607,29363,12
29608,29364,11
29609,29364,11
29610,29365,11
29611,29366,14
29612,29368,11
29613,29368,14
29614,29371,11
29615,29372,14
29616,29373,12
29617,29373,12
29618,29374,13
29619,29374,11
29620,29375,12
29621,29375,15
29622,29376,15
29623,29376,11
29624,29377,12
29625,29379,13
29626,29381,12
29627,29381,12
29628,29382,15
29629,29382,12
29630,29384,14
29631,29386,15
29632,29387,14
29633,29387,14
29634,29388,13
29635,29389,13
29636,29389,11
29637,29390,12
29638,29390,11
29639,29391,14
29640,29392,14
29641,29393,12
29642,29395,12
29643,29398,12
29644,29399,11
29645,29399,13
29646,29400,14
29647,29401,14
29648,29401,15
29649,29402,12
29650,29402,15
29651,29403,15
29652,29405,15
29653,29406,14
29654,29406,15
29655,29408,14
29656,29409,11
29657,29412,11
29658,29412,11
29659,29417,15
29660,29417,11
29661,29418,13
29662,29420,15
29663,29420,12
29664,29421,11
29665,29422,15
29666,29422,15
29667,29423,13
29668,29423,15
29669,29424,13
29670,29424,11
29671,29426,13
29672,29427,13
29673,29427,11
29674,29429,15
29675,29429,13
29676,29430,14
29677,29432,12
29678,29432,13
29679,29434,14
29680,29435,15
29681,29435,13
29682,29436,14
29683,29437,13
29684,29442,12
29685,29442,14
29686,29444,15
29687,29445,12
29688,29445,11
29689,29446,14
29690,29446,14
29691,29447,12
29692,29447,14
29693,29450,12
29694,29451,11
29695,29451,14
29696,29452,12
29697,29452,12
29698,29453,12
29699,29453,15
29700,29454,12
29701,29456,13
29702,29457,14
29703,29458,12
29704,29458,11
29705,29461,13
29706,29461,12
29707,29462,13
29708,29463,12
29709,29465,15
29710,29466,15
29711,29466,12
29712,29467,13
29713,29467,11
29714,29469,14
29715,29469,13
29716,29471,13
29717,29472,15
29718,29474,14
29719,29475,14
29720,29477,14
29721,29477,15
29722,29478,13
29723,29479,11
29724,29481,14
29725,29483,11
29726,29483,15
29727,29484,12
29728,29484,15
29729,29485,13
29730,29485,15
29731,29486,11
29732,29486,12
29733,29487,15
29734,29489,12
29735,29489,14
29736,29490,15
29737,29491,14
29738,29491,13
29739,29492,14
29740,29492,13
29741,29494,12
29742,29494,12
29743,29496,14
29744,29497,11
29745,29498,11
29746,29499,13
29747,29500,12
29748,29500,11
29749,29502,12
29750,29502,13
29751,29505,13
29752,29506,12
29753,29506,12
29754,29507,13
29755,29510,12
29756,29510,11
29757,29515,12
29758,29516,15
29759,29516,11
29760,29517,12
29761,29517,12
29762,29519,11
29763,29519,13
29764,29521,12
29765,29522,13
29766,29522,14
29767,29523,13
29768,29526,11
29769,29526,13
29770,29528,15
29771,29529,15
29772,29530,13
29773,29530,15
29774,29531,14
29775,29531,14
29776,29532,11
29777,29533,15
29778,29533,11
29779,29535,12
29780,29536,15
29781,29536,11
29782,29537,15
29783,29538,11
29784,29538,11
29785,29539,15
29786,29539,12
29787,29540,13
29788,29540,15
29789,29541,13
29790,29541,12
29791,29543,14
29792,29544,15
29793,29544,12
29794,29545,12
29795,29545,13
29796,29546,12
29797,29548,15
29798,29548,13
29799,29549,15
29800,29549,13
29801,29550,13
29802,29550,14
29803,29551,13
29804,29551,14
29805,29552,14
29806,29552,15
29807,29558,14
29808,29559,15
29809,29559,14
29810,29560,15
29811,29561,15
29812,29561,13
29813,29562,15
29814,29562,11
29815,29564,15
29816,29564,11
29817,29565,13
29818,29565,15
29819,29567,13
29820,29571,15
29821,29572,14
29822,29573,11
29823,29573,13
29824,29574,15
29825,29576,14
29826,29576,15
29827,29577,14
29828,29578,12
29829,29579,12
29830,29579,11
29831,29581,15
29832,29581,12
29833,29582,13
29834,29583,13
29835,29586,12
29836,29587,15
29837,29587,15
29838,29589,15
29839,29591,14
29840,29591,12
29841,29594,11
29842,29594,12
29843,29595,13
29844,29595,15
29845,29596,14
29846,29597,15
29847,29598,13
29848,29598,14
29849,29600,12
29850,29600,14
29851,29601,14
29852,29602,15
29853,29602,11
29854,29603,14
29855,29603,12
29856,29606,11
29857,29606,12
29858,29607,13
29859,29608,15
29860,29609,11
29861,29609,15
29862,29612,11
29863,29612,13
29864,29614,13
29865,29614,15
29866,29616,12
29867,29616,12
29868,29618,15
29869,29619,14
29870,29619,14
29871,29620,15
29872,29622,15
29873,29622,15
29874,29623,11
29875,29624,12
29876,29624,11
29877,29625,15
29878,29626,14
29879,29628,14
29880,29628,14
29881,29629,13
29882,29629,12
29883,29634,15
29884,29635,13
29885,29636,11
29886,29637,13
29887,29637,15
29888,29638,11
29889,29638,15
29890,29640,14
29891,29642,14
29892,29642,13
29893,29643,13
29894,29645,11
29895,29646,11
29896,29646,14
29897,29647,11
29898,29651,13
29899,29651,15
29900,29652,12
29901,29652,14
29902,29653,11
29903,29653,14
29904,29654,12
29905,29654,12
29906,29655,12
29907,29656,11
29908,29657,13
29909,29657,14
29910,29658,15
29911,29658,13
29912,29659,14
29913,29659,13
29914,29661,13
29915,29661,11
29916,29664,12
29917,29667,15
29918,29669,13
29919,29670,13
29920,29670,14
29921,29672,13
29922,29674,12
29923,29677,13
29924,29679,13
29925,29679,14
29926,29684,12
29927,29684,13
29928,29687,14
29929,29687,11
29930,29689,12
29931,29690,12
29932,29691,12
29933,29691,15
29934,29693,13
29935,29696,11
29936,29696,12
29937,29697,15
29938,29699,11
29939,29699,13
29940,29700,13
29941,29703,13
29942,29704,12
29943,29704,11
29944,29705,13
29945,29705,14
29946,29707,12
29947,29707,14
29948,29708,13
29949,29712,15
29950,29712,11
29951,29713,11
29952,29715,13
29953,29720,12
29954,29720,13
29955,29722,14
29956,29722,14
29957,29725,14
29958,29728,13
29959,29728,15
29960,29729,12
29961,29729,15
29962,29730,15
29963,29733,13
29964,29733,12
29965,29734,13
29966,29737,13
29967,29737,11
29968,29739,15
29969,29739,13
29970,29740,15
29971,29740,11
29972,29741,12
29973,29743,13
29974,29744,13
29975,29744,12
29976,29747,12
29977,29747,12
29978,29748,12
29979,29748,15
29980,29749,12
29981,29750,15
29982,29750,12
29983,29751,14
29984,29751,13
29985,29752,13
29986,29753,12
29987,29756,13
29988,29757,15
29989,29757,13
29990,29758,15
29991,29758,14
29992,29761,13
29993,29762,13
29994,29762,11
29995,29763,15
29996,29764,11
29997,29765,13
29998,29766,12
29999,29766,15
30000,29767,11
30001,29768,14
30002,29768,15
30003,29769,11
30004,29770,11
30005,29770,13
30006,29771,12
30007,29772,13
30008,29773,15
30009,29773,15
30010,29774,14
30011,29775,13
30012,29776,12
30013,29776,11
30014,29777,12
30015,29778,12
30016,29779,12
30017,29781,11
30018,29781,13
30019,29783,15
30020,29783,13
30021,29785,12
30022,29786,15
30023,29789,12
30024,29791,11
30025,29791,12
30026,29792,13
30027,29792,14
30028,29793,13
30029,29794,12
30030,29794,12
30031,29795,12
30032,29797,15
30033,29798,14
30034,29798,15
30035,29801,13
30036,29802,14
30037,29804,14
30038,29807,11
30039,29807,15
30040,29810,15
30041,29810,15
30042,29812,12
30043,29813,15
30044,29815,11
30045,29815,14
30046,29816,11
30047,29816,12
30048,29817,12
30049,29819,15
30050,29819,14
30051,29821,14
30052,29823,12
30053,29824,11
30054,29826,11
30055,29826,11
30056,29828,12
30057,29828,11
30058,29832,13
30059,29832,11
30060,29833,13
30061,29833,13
30062,29835,14
30063,29836,15
30064,29836,15
30065,29837,12
30066,29839,11
30067,29839,14
30068,29840,12
30069,29841,11
30070,29846,12
30071,29846,15
30072,29847,13
30073,29847,13
30074,29848,14
30075,29849,13
30076,29851,11
30077,29852,15
30078,29852,14
30079,29854,12
30080,29854,11
30081,29856,13
30082,29857,11
30083,29858,14
30084,29859,11
30085,29860,14
30086,29864,15
30087,29865,13
30088,29868,11
30089,29869,14
30090,29871,11
30091,29872,15
30092,29872,11
30093,29874,11
30094,29876,14
30095,29876,15
30096,29877,13
30097,29877,12
30098,29878,14
30099,29878,14
30100,29880,14
30101,29880,14
30102,29881,15
30103,29881,13
30104,29882,11
30105,29882,13
30106,29883,13
30107,29884,12
30108,29887,12
30109,29887,13
30110,29888,12
30111,29888,12
30112,29890,13
30113,29890,11
30114,29891,13
30115,29894,14
30116,29894,15
30117,29895,11
30118,29897,12
30119,29897,13
30120,29901,14
30121,29901,12
30122,29902,15
30123,29903,14
30124,29903,15
30125,29904,15
30126,29904,15
30127,29905,13
30128,29906,14
30129,29907,14
30130,29908,12
30131,29909,15
30132,29909,11
30133,29910,11
30134,29914,11
30135,29915,13
30136,29915,13
30137,29918,14
30138,29920,12
30139,29920,15
30140,29923,14
30141,29924,11
30142,29924,12
30143,29925,14
30144,29925,13
30145,29926,13
30146,29926,12
30147,29927,14
30148,29927,12
30149,29928,12
30150,29929,12
30151,29930,12
30152,29930,15
30153,29931,13
30154,29932,12
30155,29933,14
30156,29933,11
30157,29936,11
30158,29937,11
30159,29938,12
30160,29938,13
30161,29939,12
30162,29939,15
30163,29942,14
30164,29942,13
30165,29943,13
30166,29947,14
30167,29949,13
30168,29950,14
30169,29950,11
30170,29951,15
30171,29954,13
30172,29955,11
30173,29956,14
30174,29957,12
30175,29958,11
30176,29958,12
30177,29959,15
30178,29962,15
30179,29963,14
30180,29966,12
30181,29969,11
30182,29969,13
30183,29972,14
30184,29973,14
30185,29973,11
30186,29974,15
30187,29974,14
30188,29975,13
30189,29976,14
30190,29980,14
30191,29981,14
30192,29982,11
30193,29982,14
30194,29984,13
30195,29984,14
30196,29985,14
30197,29985,15
30198,29986,15
30199,29987,12
30200,29989,12
30201,29989,11
30202,29990,14
30203,29991,13
30204,29991,14
30205,29992,14
30206,29993,11
30207,29993,15
30208,29994,13
30209,29995,12
30210,29996,15
30211,29996,12
30212,29997,13
30213,29997,12
30214,29998,11
30215,30000,11
30216,30000,11
30217,30001,11
30218,30001,12
30219,30003,13
30220,30003,12
30221,30004,14
30222,30004,14
30223,30006,12
30224,30006,15
30225,30007,15
30226,30007,13
30227,30008,14
30228,30009,14
30229,30010,14
30230,30010,12
30231,30011,14
30232,30012,14
30233,30014,11
30234,30014,14
30235,30015,12
30236,30016,14
30237,30016,12
30238,30017,14
30239,30019,13
30240,30019,15
30241,30022,13
30242,30022,12
30243,30023,12
30244,30023,12
30245,30026,11
30246,30027,11
30247,30027,11
30248,30029,12
30249,30029,14
30250,30030,15
30251,30030,14
30252,30033,11
30253,30035,13
30254,30038,11
30255,30040,14
30256,30041,11
30257,30043,12
30258,30043,13
30259,30044,12
30260,30044,13
30261,30045,15
30262,30045,15
30263,30046,12
30264,30047,12
30265,30050,11
30266,30050,13
30267,30051,14
30268,30051,15
30269,30052,11
30270,30053,13
30271,30054,11
30272,30054,15
30273,30055,15
30274,30056,14
30275,30057,11
30276,30058,12
30277,30059,11
30278,30061,13
30279,30063,11
30280,30063,15
30281,30065,11
30282,30065,15
30283,30066,13
30284,30066,12
30285,30067,14
30286,30068,11
30287,30068,15
30288,30069,13
30289,30069,15
30290,30070,11
30291,30071,12
30292,30073,11
30293,30073,14
30294,30076,15
30295,30080,12
30296,30081,11
30297,30081,12
30298,30084,15
30299,30084,12
30300,30088,13
30301,30089,14
30302,30089,13
30303,30090,11
30304,30090,12
30305,30094,12
30306,30094,13
30307,30095,12
30308,30095,12
30309,30097,12
30310,30097,12
30311,30098,13
30312,30101,11
30313,30102,15
30314,30103,15
30315,30103,12
30316,30104,12
30317,30108,15
30318,30109,15
30319,30109,13
30320,30111,12
30321,30112,11
30322,30113,14
30323,30114,13
30324,30115,15
30325,30116,14
30326,30119,14
30327,30121,14
30328,30121,12
30329,30122,15
30330,30123,13
30331,30123,13
30332,30124,12
30333,30125,12
30334,30126,14
30335,30126,15
30336,30130,11
30337,30132,12
30338,30133,13
30339,30134,15
30340,30135,12
30341,30135,14
30342,30138,11
30343,30139,11
30344,30139,15
30345,30141,13
30346,30141,14
30347,30142,14
30348,30144,12
30349,30144,14
30350,30145,11
30351,30145,14
30352,30146,14
30353,30146,11
30354,30148,12
30355,30149,15
30356,30149,14
30357,30150,15
30358,30151,14
30359,30153,14
30360,30153,14
30361,30154,11
30362,30154,11
30363,30155,11
30364,30155,11
30365,30156,12
30366,30156,13
30367,30158,13
30368,30159,11
30369,30159,14
30370,30160,11
30371,30160,15
30372,30165,12
30373,30166,15
30374,30167,15
30375,30168,15
30376,30168,11
30377,30169,13
30378,30170,13
30379,30174,11
30380,30174,15
30381,30176,14
30382,30177,12
30383,30177,13
30384,30180,11
30385,30180,11
30386,30181,12
30387,30182,12
30388,30182,13
30389,30183,13
30390,30183,15
30391,30184,15
30392,30184,15
30393,30185,13
30394,30186,15
30395,30186,13
30396,30187,15
30397,30187,14
30398,30188,14
30399,30190,13
30400,30191,13
30401,30191,15
30402,30192,12
30403,30192,14
30404,30193,15
30405,30195,14
30406,30195,11
30407,30196,11
30408,30197,13
30409,30197,12
30410,30198,14
30411,30201,11
30412,30202,12
30413,30203,13
30414,30203,14
30415,30204,13
30416,30205,14
30417,30206,12
30418,30207,11
30419,30207,14
30420,30209,13
30421,30209,15
30422,30211,13
30423,30212,13
30424,30213,13
30425,30216,14
30426,30216,12
30427,30221,15
30428,30221,12
30429,30222,14
30430,30222,15
30431,30223,11
30432,30224,15
30433,30225,13
30434,30227,12
30435,30228,12
30436,30229,11
30437,30230,11
30438,30230,13
30439,30231,11
30440,30232,15
30441,30232,11
30442,30235,15
30443,30236,12
30444,30236,14
30445,30237,14
30446,30237,11
30447,30238,14
30448,30238,13
30449,30239,11
30450,30240,14
30451,30241,15
30452,30241,12
30453,30242,13
30454,30244,12
30455,30245,11
30456,30246,14
30457,30246,11
30458,30247,13
30459,30247,15
30460,30248,15
30461,30248,14
30462,30249,13
30463,30249,14
30464,30250,11
30465,30251,15
30466,30251,15
30467,30252,12
30468,30252,11
30469,30253,15
30470,30253,15
30471,30255,13
30472,30256,15
30473,30256,14
30474,30257,14
30475,30257,12
30476,30258,14
30477,30258,15
30478,30259,11
30479,30261,11
30480,30261,12
30481,30263,15
30482,30263,11
30483,30264,12
30484,30264,12
30485,30265,11
30486,30266,15
30487,30267,12
30488,30268,15
30489,30268,15
30490,30269,12
30491,30270,15
30492,30273,11
30493,30273,14
30494,30274,12
30495,30274,15
30496,30275,11
30497,30275,12
30498,30276,14
30499,30276,15
30500,30277,14
30501,30278,13
30502,30278,11
30503,30279,12
30504,30279,15
30505,30282,12
30506,30282,12
30507,30283,11
30508,30283,12
30509,30285,11
30510,30285,11
30511,30286,13
30512,30287,14
30513,30290,15
30514,30292,14
30515,30295,14
30516,30296,11
30517,30297,11
30518,30297,15
30519,30299,12
30520,30299,14
30521,30300,14
30522,30303,13
30523,30304,13
30524,30304,12
30525,30306,14
30526,30308,12
30527,30309,11
30528,30310,12
30529,30310,13
30530,30311,14
30531,30311,15
30532,30312,14
30533,30313,12
30534,30313,15
30535,30315,14
30536,30316,12
30537,30316,12
30538,30317,11
30539,30317,14
30540,30318,12
30541,30319,15
30542,30319,11
30543,30322,12
30544,30323,13
30545,30323,13
30546,30324,13
30547,30324,15
30548,30325,15
30549,30325,15
30550,30326,14
30551,30328,15
30552,30330,14
30553,30330,12
30554,30337,11
30555,30337,13
30556,30338,13
30557,30338,13
30558,30340,15
30559,30340,12
30560,30341,14
30561,30341,11
30562,30342,11
30563,30343,14
30564,30343,15
30565,30344,12
30566,30344,15
30567,30345,12
30568,30347,13
30569,30347,13
30570,30348,13
30571,30348,15
30572,30349,12
30573,30351,11
30574,30351,11
30575,30353,14
30576,30354,14
30577,30354,15
30578,30355,13
30579,30356,15
30580,30357,13
30581,30358,15
30582,30359,13
30583,30359,13
30584,30360,15
30585,30361,15
30586,30362,15
30587,30362,14
30588,30364,11
30589,30364,14
30590,30366,13
30591,30368,12
30592,30368,13
30593,30369,12
30594,30369,14
30595,30371,12
30596,30372,13
30597,30375,15
30598,30375,12
30599,30377,14
30600,30377,15
30601,30378,11
30602,30380,11
30603,30380,11
30604,30383,12
30605,30383,15
30606,30384,13
30607,30384,12
30608,30387,13
30609,30388,13
30610,30389,15
30611,30390,14
30612,30390,11
30613,30391,15
30614,30391,15
30615,30392,11
30616,30394,13
30617,30394,11
30618,30395,12
30619,30396,14
30620,30398,12
30621,30398,14
30622,30399,13
30623,30399,14
30624,30403,13
30625,30405,14
30626,30405,12
30627,30406,13
30628,30406,14
30629,30407,13
30630,30408,11
30631,30408,15
30632,30409,12
30633,30409,12
30634,30415,15
30635,30417,15
30636,30418,14
30637,30418,12
30638,30420,14
30639,30421,11
30640,30422,12
30641,30423,15
30642,30424,11
30643,30425,14
30644,30427,14
30645,30427,15
30646,30428,13
30647,30428,12
30648,30430,12
30649,30431,11
30650,30431,14
30651,30432,15
30652,30432,12
30653,30433,12
30654,30433,14
30655,30434,15
30656,30435,15
30657,30437,11
30658,30438,11
30659,30438,12
30660,30439,12
30661,30441,15
30662,30441,11
30663,30442,11
30664,30444,13
30665,30445,15
30666,30445,11
30667,30446,15
30668,30446,11
30669,30447,15
30670,30448,15
30671,30448,13
30672,30450,13
30673,30452,12
30674,30452,15
30675,30453,15
30676,30454,13
30677,30454,11
30678,30456,15
30679,30456,12
30680,30457,12
30681,30457,11
30682,30458,15
30683,30458,15
30684,30459,15
30685,30459,14
30686,30461,13
30687,30462,14
30688,30464,13
30689,30466,13
30690,30466,15
30691,30467,15
30692,30467,15
30693,30469,11
30694,30470,13
30695,30470,14
30696,30472,11
30697,30472,14
30698,30473,14
30699,30473,13
30700,30474,11
30701,30475,14
30702,30477,13
30703,30478,11
30704,30479,15
30705,30479,14
30706,30480,11
30707,30480,12
30708,30481,15
30709,30483,12
30710,30485,11
30711,30487,13
30712,30489,13
30713,30490,11
30714,30493,14
30715,30493,15
30716,30494,12
30717,30495,14
30718,30496,14
30719,30498,11
30720,30499,15
30721,30500,12
30722,30500,15
30723,30501,12
30724,30501,15
30725,30502,11
30726,30503,15
30727,30503,12
30728,30505,15
30729,30508,15
30730,30509,11
30731,30509,13
30732,30511,14
30733,30511,14
30734,30512,11
30735,30512,12
30736,30513,12
30737,30514,12
30738,30514,13
30739,30516,15
30740,30517,15
30741,30518,11
30742,30518,14
30743,30521,11
30744,30522,15
30745,30523,12
30746,30523,13
30747,30528,11
30748,30528,13
30749,30530,14
30750,30530,15
30751,30532,13
30752,30533,15
30753,30536,14
30754,30538,12
30755,30538,14
30756,30539,15
30757,30540,11
30758,30540,14
30759,30544,12
30760,30547,13
30761,30548,12
30762,30548,15
30763,30550,12
30764,30550,15
30765,30551,11
30766,30552,14
30767,30553,15
30768,30554,15
30769,30555,11
30770,30556,14
30771,30557,14
30772,30557,11
30773,30561,12
30774,30563,11
30775,30563,11
30776,30564,14
30777,30564,12
30778,30565,14
30779,30566,12
30780,30566,12
30781,30568,11
30782,30568,13
30783,30569,12
30784,30570,12
30785,30570,14
30786,30572,14
30787,30575,14
30788,30577,13
30789,30577,12
30790,30578,15
30791,30578,12
30792,30579,11
30793,30580,15
30794,30581,11
30795,30582,15
30796,30582,13
30797,30583,12
30798,30584,14
30799,30584,12
30800,30586,14
30801,30588,12
30802,30588,13
30803,30589,11
30804,30589,13
30805,30591,13
30806,30591,12
30807,30593,12
30808,30594,14
30809,30595,13
30810,30596,13
30811,30596,12
30812,30597,13
30813,30598,14
30814,30599,14
30815,30600,12
30816,30602,13
30817,30602,15
30818,30603,13
30819,30603,11
30820,30606,15
30821,30606,13
30822,30609,11
30823,30610,13
30824,30611,14
30825,30611,11
30826,30612,11
30827,30612,14
30828,30613,14
30829,30614,12
30830,30615,12
30831,30616,11
30832,30617,13
30833,30617,12
30834,30621,12
30835,30621,15
30836,30622,15
30837,30622,12
30838,30623,13
30839,30624,14
30840,30625,15
30841,30626,11
30842,30626,14
30843,30633,13
30844,30633,15
30845,30634,12
30846,30634,11
30847,30635,15
30848,30635,14
30849,30637,11
30850,30639,12
30851,30639,12
30852,30640,15
30853,30641,12
30854,30641,14
30855,30643,12
30856,30643,13
30857,30644,14
30858,30644,11
30859,30647,13
30860,30647,15
30861,30648,11
30862,30648,11
30863,30653,11
30864,30653,14
30865,30659,14
30866,30659,13
30867,30660,12
30868,30661,14
30869,30662,14
30870,30662,15
30871,30663,13
30872,30663,11
30873,30664,14
30874,30665,13
30875,30665,14
30876,30666,12
30877,30667,11
30878,30667,14
30879,30668,11
30880,30669,12
30881,30670,12
30882,30670,13
30883,30671,14
30884,30673,11
30885,30673,13
30886,30674,11
30887,30675,12
30888,30678,12
30889,30678,11
30890,30679,15
30891,30679,13
30892,30681,15
30893,30681,14
30894,30684,11
30895,30684,11
30896,30685,11
30897,30687,13
30898,30687,14
30899,30688,11
30900,30689,12
30901,30689,13
30902,30690,13
30903,30691,15
30904,30691,11
30905,30694,11
30906,30694,14
30907,30695,14
30908,30695,14
30909,30696,11
30910,30696,15
30911,30697,11
30912,30698,15
30913,30698,13
30914,30699,11
30915,30699,11
30916,30701,14
30917,30702,12
30918,30703,14
30919,30703,11
30920,30705,12
30921,30705,13
30922,30707,14
30923,30708,15
30924,30710,12
30925,30714,13
30926,30715,11
30927,30716,15
30928,30716,14
30929,30717,13
30930,30719,12
30931,30721,12
30932,30722,11
30933,30723,12
30934,30724,12
30935,30726,12
30936,30727,14
30937,30727,14
30938,30728,11
30939,30728,12
30940,30730,11
30941,30731,15
30942,30731,11
30943,30732,15
30944,30732,14
30945,30735,15
30946,30735,14
30947,30736,15
30948,30737,15
30949,30737,14
30950,30738,12
30951,30738,15
30952,30739,15
30953,30740,12
30954,30742,13
30955,30742,11
30956,30744,11
30957,30744,13
30958,30746,14
30959,30746,14
30960,30747,14
30961,30747,15
30962,30751,11
30963,30751,12
30964,30752,15
30965,30752,14
30966,30753,13
30967,30753,11
30968,30754,11
30969,30755,14
30970,30755,13
30971,30756,11
30972,30757,12
30973,30757,13
30974,30758,14
30975,30759,13
30976,30759,11
30977,30761,13
30978,30762,14
30979,30763,14
30980,30763,13
30981,30765,11
30982,30766,11
30983,30767,12
30984,30768,11
30985,30770,13
30986,30771,12
30987,30771,15
30988,30774,11
30989,30774,13
30990,30775,11
30991,30775,15
30992,30777,13
30993,30777,14
30994,30778,15
30995,30778,15
30996,30779,13
30997,30780,11
30998,30780,13
30999,30781,15
31000,30782,11
31001,30784,14
31002,30785,13
31003,30785,11
31004,30786,13
31005,30787,13
31006,30788,13
31007,30788,12
31008,30789,12
31009,30793,11
31010,30794,13
31011,30795,13
31012,30795,11
31013,30796,14
31014,30796,14
31015,30798,12
31016,30801,12
31017,30802,14
31018,30802,11
31019,30803,12
31020,30804,11
31021,30804,15
31022,30805,11
31023,30805,14
31024,30807,14
31025,30807,11
31026,30810,14
31027,30810,11
31028,30814,15
31029,30814,12
31030,30815,11
31031,30815,11
31032,30816,11
31033,30816,14
31034,30817,15
31035,30817,13
31036,30818,14
31037,30818,13
31038,30819,11
31039,30821,14
31040,30821,13
31041,30822,13
31042,30822,12
31043,30824,14
31044,30825,12
31045,30825,15
31046,30827,13
31047,30829,13
31048,30833,13
31049,30834,11
31050,30834,13
31051,30835,12
31052,30835,14
31053,30836,12
31054,30838,13
31055,30838,14
31056,30840,15
31057,30841,12
31058,30841,11
31059,30843,11
31060,30844,13
31061,30844,14
31062,30845,14
31063,30845,12
31064,30847,13
31065,30847,11
31066,30849,15
31067,30850,12
31068,30852,14
31069,30853,13
31070,30854,11
31071,30854,12
31072,30857,14
31073,30859,12
31074,30860,14
31075,30861,15
31076,30861,11
31077,30862,12
31078,30862,12
31079,30863,15
31080,30864,12
31081,30864,12
31082,30866,11
31083,30866,15
31084,30867,15
31085,30867,15
31086,30868,13
31087,30868,15
31088,30869,14
31089,30869,11
31090,30870,15
31091,30873,11
31092,30873,15
31093,30875,11
31094,30876,13
31095,30877,12
31096,30877,13
31097,30878,14
31098,30878,13
31099,30880,11
31100,30883,12
31101,30883,13
31102,30884,15
31103,30885,12
31104,30886,13
31105,30886,15
31106,30887,11
31107,30888,11
31108,30889,11
31109,30889,12
31110,30892,14
31111,30892,11
31112,30894,12
31113,30898,12
31114,30898,13
31115,30899,14
31116,30899,14
31117,30900,11
31118,30901,15
31119,30901,12
31120,30902,14
31121,30903,15
31122,30903,12
31123,30904,12
31124,30905,12
31125,30906,15
31126,30906,15
31127,30907,12
31128,30907,15
31129,30908,12
31130,30909,12
31131,30909,12
31132,30910,12
31133,30910,15
31134,30912,11
31135,30912,12
31136,30913,13
31137,30915,14
31138,30915,11
31139,30916,11
31140,30916,11
31141,30917,12
31142,30917,14
31143,30919,14
31144,30919,15
31145,30920,11
31146,30921,15
31147,30921,12
31148,30923,12
31149,30923,11
31150,30924,12
31151,30924,14
31152,30926,15
31153,30926,11
31154,30927,13
31155,30927,13
31156,30928,12
31157,30930,12
31158,30930,14
31159,30931,12
31160,30932,14
31161,30932,13
31162,30933,11
31163,30933,11
31164,30934,12
31165,30934,14
31166,30935,14
31167,30936,11
31168,30937,14
31169,30937,11
31170,30939,14
31171,30940,12
31172,30942,15
31173,30942,14
31174,30946,15
31175,30947,15
31176,30947,13
31177,30948,14
31178,30949,11
31179,30950,14
31180,30950,11
31181,30953,12
31182,30953,12
31183,30954,13
31184,30954,14
31185,30957,11
31186,30957,13
31187,30958,11
31188,30958,14
31189,30959,11
31190,30960,13
31191,30961,11
31192,30962,12
31193,30963,14
31194,30964,15
31195,30964,14
31196,30967,15
31197,30972,14
31198,30973,14
31199,30973,11
31200,30974,14
31201,30976,14
31202,30976,11
31203,30977,12
31204,30977,13
31205,30978,14
31206,30982,12
31207,30982,15
31208,30983,11
31209,30983,12
31210,30987,13
31211,30989,14
31212,30989,15
31213,30990,15
31214,30991,13
31215,30993,11
31216,30993,14
31217,30994,11
31218,30994,15
31219,30995,14
31220,30995,12
31221,30996,15
31222,30998,11
31223,30998,14
31224,30999,12
31225,31001,14
31226,31001,12
31227,31002,12
31228,31003,13
31229,31004,12
31230,31004,14
31231,31008,14
31232,31009,15
31233,31010,14
31234,31012,14
31235,31014,13
31236,31014,15
31237,31015,13
31238,31016,14
31239,31017,13
31240,31017,14
31241,31018,13
31242,31018,14
31243,31021,15
31244,31021,11
31245,31022,14
31246,31022,12
31247,31023,11
31248,31023,15
31249,31024,12
31250,31025,15
31251,31026,15
31252,31026,15
31253,31027,14
31254,31027,12
31255,31028,14
31256,31028,13
31257,31030,11
31258,31032,14
31259,31032,12
31260,31033,13
31261,31033,13
31262,31036,15
31263,31037,11
31264,31037,15
31265,31039,11
31266,31040,12
31267,31040,12
31268,31041,11
31269,31041,12
31270,31042,13
31271,31043,11
31272,31043,12
31273,31044,15
31274,31045,13
31275,31045,11
31276,31046,12
31277,31048,12
31278,31049,15
31279,31049,11
31280,31050,13
31281,31051,13
31282,31053,12
31283,31053,11
31284,31055,11
31285,31056,12
31286,31057,14
31287,31057,12
31288,31058,13
31289,31060,11
31290,31060,12
31291,31062,12
31292,31065,15
31293,31066,11
31294,31067,13
31295,31069,15
31296,31069,11
31297,31072,12
31298,31072,14
31299,31073,13
31300,31073,15
31301,31074,13
31302,31076,11
31303,31078,13
31304,31080,13
31305,31080,14
31306,31081,13
31307,31083,15
31308,31083,13
31309,31084,14
31310,31085,14
31311,31085,14
31312,31088,12
31313,31088,12
31314,31089,15
31315,31092,15
31316,31096,15
31317,31096,13
31318,31097,12
31319,31097,11
31320,31099,15
31321,31100,15
31322,31101,12
31323,31103,14
31324,31104,14
31325,31105,13
31326,31106,11
31327,31107,15
31328,31107,14
31329,31108,14
31330,31110,11
31331,31111,15
31332,31112,11
31333,31115,11
31334,31116,15
31335,31116,11
31336,31118,13
31337,31118,13
31338,31119,14
31339,31119,12
31340,31121,15
31341,31121,13
31342,31122,11
31343,31122,14
31344,31123,13
31345,31124,14
31346,31125,11
31347,31125,11
31348,31126,11
31349,31126,11
31350,31127,14
31351,31132,14
31352,31133,11
31353,31135,11
31354,31135,12
31355,31137,14
31356,31137,13
31357,31140,13
31358,31141,12
31359,31141,12
31360,31142,13
31361,31143,12
31362,31144,15
31363,31145,13
31364,31146,14
31365,31146,14
31366,31148,11
31367,31148,11
31368,31149,15
31369,31151,11
31370,31151,14
31371,31152,12
31372,31152,14
31373,31153,13
31374,31156,14
31375,31156,12
31376,31159,13
31377,31160,11
31378,31160,15
31379,31164,13
31380,31164,14
31381,31165,14
31382,31167,12
31383,31168,12
31384,31168,11
31385,31170,15
31386,31172,13
31387,31173,12
31388,31176,13
31389,31176,15
31390,31180,12
31391,31181,15
31392,31182,13
31393,31182,14
31394,31183,14
31395,31184,13
31396,31185,14
31397,31186,11
31398,31186,11
31399,31187,12
31400,31187,11
31401,31190,13
31402,31191,13
31403,31192,11
31404,31192,14
31405,31195,11
31406,31195,11
31407,31197,12
31408,31198,14
31409,31199,13
31410,31199,13
31411,31200,11
31412,31201,13
31413,31202,13
31414,31202,14
31415,31205,15
31416,31206,11
31417,31206,11
31418,31207,11
31419,31208,12
31420,31209,15
31421,31209,12
31422,31210,14
31423,31210,12
31424,31211,12
31425,31211,15
31426,31212,12
31427,31214,15
31428,31214,11
31429,31216,13
31430,31218,14
31431,31218,12
31432,31222,13
31433,31222,14
31434,31223,15
31435,31226,12
31436,31226,13
31437,31227,12
31438,31229,15
31439,31231,12
31440,31231,12
31441,31233,13
31442,31234,14
31443,31235,13
31444,31235,15
31445,31236,11
31446,31236,14
31447,31237,15
31448,31240,14
31449,31240,12
31450,31241,13
31451,31241,11
31452,31242,11
31453,31244,13
31454,31244,13
31455,31245,15
31456,31245,13
31457,31247,13
31458,31248,12
31459,31248,11
31460,31249,11
31461,31249,13
31462,31251,11
31463,31254,12
31464,31255,15
31465,31256,15
31466,31256,13
31467,31257,15
31468,31258,15
31469,31258,13
31470,31259,15
31471,31261,15
31472,31261,13
31473,31262,11
31474,31262,13
31475,31263,12
31476,31264,14
31477,31265,15
31478,31265,12
31479,31267,13
31480,31268,14
31481,31270,14
31482,31270,15
31483,31271,15
31484,31272,13
31485,31273,11
31486,31273,12
31487,31275,11
31488,31275,14
31489,31278,14
31490,31279,15
31491,31279,11
31492,31281,13
31493,31282,11
31494,31282,14
31495,31283,15
31496,31285,14
31497,31286,12
31498,31286,13
31499,31287,12
31500,31287,13
31501,31289,14
31502,31291,13
31503,31291,15
31504,31292,14
31505,31295,14
31506,31297,12
31507,31298,13
31508,31298,15
31509,31299,13
31510,31300,12
31511,31301,15
31512,31301,11
31513,31302,15
31514,31302,13
31515,31304,11
31516,31305,15
31517,31305,14
31518,31307,11
31519,31307,14
31520,31308,15
31521,31309,15
31522,31309,15
31523,31310,14
31524,31313,11
31525,31314,14
31526,31314,12
31527,31316,12
31528,31316,15
31529,31317,14
31530,31317,11
31531,31319,13
31532,31320,14
31533,31320,13
31534,31322,14
31535,31322,13
31536,31324,11
31537,31326,11
31538,31327,13
31539,31328,13
31540,31328,12
31541,31330,12
31542,31330,12
31543,31332,11
31544,31336,12
31545,31337,15
31546,31337,11
31547,31338,13
31548,31342,12
31549,31343,15
31550,31343,14
31551,31345,14
31552,31345,14
31553,31346,15
31554,31346,13
31555,31347,15
31556,31347,15
31557,31349,15
31558,31349,13
31559,31350,15
31560,31350,11
31561,31352,15
31562,31353,11
31563,31354,15
31564,31354,13
31565,31355,13
31566,31356,11
31567,31356,13
31568,31358,15
31569,31361,11
31570,31361,12
31571,31366,11
31572,31367,13
31573,31367,14
31574,31368,11
31575,31370,15
31576,31371,13
31577,31372,13
31578,31372,12
31579,31373,15
31580,31375,12
31581,31375,15
31582,31376,14
31583,31376,15
31584,31377,14
31585,31377,13
31586,31379,11
31587,31379,13
31588,31381,14
31589,31381,15
31590,31382,13
31591,31382,12
31592,31383,13
31593,31384,13
31594,31386,13
31595,31386,13
31596,31388,15
31597,31389,11
31598,31389,12
31599,31390,15
31600,31390,14
31601,31392,15
31602,31392,12
31603,31393,13
31604,31395,13
31605,31396,13
31606,31396,14
31607,31397,14
31608,31401,14
31609,31402,13
31610,31403,12
31611,31403,12
31612,31406,14
31613,31406,11
31614,31407,11
31615,31408,15
31616,31410,13
31617,31410,13
31618,31411,13
31619,31413,14
31620,31414,13
31621,31416,11
31622,31417,11
31623,31417,14
31624,31418,15
31625,31419,12
31626,31419,11
31627,31421,15
31628,31421,14
31629,31424,13
31630,31424,15
31631,31427,14
31632,31427,11
31633,31428,11
31634,31428,11
31635,31429,13
31636,31429,12
31637,31433,14
31638,31433,12
31639,31434,11
31640,31435,11
31641,31435,15
31642,31436,12
31643,31436,15
31644,31437,13
31645,31438,11
31646,31438,14
31647,31440,15
31648,31440,15
31649,31441,13
31650,31441,12
31651,31444,13
31652,31445,14
31653,31449,13
31654,31449,13
31655,31450,12
31656,31451,13
31657,31452,12
31658,31452,11
31659,31453,15
31660,31454,11
31661,31454,11
31662,31455,14
31663,31457,15
31664,31459,13
31665,31459,14
31666,31460,12
31667,31461,14
31668,31464,12
31669,31464,13
31670,31465,13
31671,31468,11
31672,31469,12
31673,31470,13
31674,31471,14
31675,31471,15
31676,31472,15
31677,31474,15
31678,31474,13
31679,31475,13
31680,31475,13
31681,31477,11
31682,31479,15
31683,31482,12
31684,31483,13
31685,31483,11
31686,31485,12
31687,31486,13
31688,31492,13
31689,31493,15
31690,31493,15
31691,31494,15
31692,31494,15
31693,31495,12
31694,31495,14
31695,31496,14
31696,31498,12
31697,31499,11
31698,31499,12
31699,31500,11
31700,31500,11
31701,31503,15
31702,31507,13
31703,31509,13
31704,31510,11
31705,31511,13
31706,31512,15
31707,31515,11
31708,31516,15
31709,31519,15
31710,31519,14
31711,31521,14
31712,31525,11
31713,31526,13
31714,31527,15
31715,31527,13
31716,31528,13
31717,31529,12
31718,31530,11
31719,31530,14
31720,31531,11
31721,31534,11
31722,31534,12
31723,31536,15
31724,31536,13
31725,31537,12
31726,31538,14
31727,31540,12
31728,31543,15
31729,31544,12
31730,31545,12
31731,31546,14
31732,31548,11
31733,31548,15
31734,31549,15
31735,31550,12
31736,31550,12
31737,31551,15
31738,31551,12
31739,31555,13
31740,31556,12
31741,31556,14
31742,31557,12
31743,31557,14
31744,31558,13
31745,31560,13
31746,31561,14
31747,31562,12
31748,31563,11
31749,31564,15
31750,31565,15
31751,31566,12
31752,31568,15
31753,31568,15
31754,31570,14
31755,31576,12
31756,31577,13
31757,31577,14
31758,31578,12
31759,31579,12
31760,31581,12
31761,31582,11
31762,31583,14
31763,31584,12
31764,31584,12
31765,31585,13
31766,31586,14
31767,31586,13
31768,31587,13
31769,31588,12
31770,31590,12
31771,31590,11
31772,31591,14
31773,31591,13
31774,31594,14
31775,31595,11
31776,31595,11
31777,31600,13
31778,31601,12
31779,31602,13
31780,31603,15
31781,31605,12
31782,31607,15
31783,31608,14
31784,31609,12
31785,31609,15
31786,31610,11
31787,31612,13
31788,31613,12
31789,31613,13
31790,31616,12
31791,31616,15
31792,31617,12
31793,31619,13
31794,31620,13
31795,31620,15
31796,31621,11
31797,31621,14
31798,31622,13
31799,31623,11
31800,31624,15
31801,31624,12
31802,31626,13
31803,31626,15
31804,31627,13
31805,31628,12
31806,31628,11
31807,31632,11
31808,31632,11
31809,31633,15
31810,31634,13
31811,31634,12
31812,31635,13
31813,31635,14
31814,31636,13
31815,31637,11
31816,31637,14
31817,31639,11
31818,31639,11
31819,31640,14
31820,31640,14
31821,31641,13
31822,31642,11
31823,31642,15
31824,31644,13
31825,31646,14
31826,31647,11
31827,31647,11
31828,31648,13
31829,31652,12
31830,31655,15
31831,31656,14
31832,31656,12
31833,31659,15
31834,31659,12
31835,31660,13
31836,31661,13
31837,31661,11
31838,31662,12
31839,31663,14
31840,31663,14
31841,31664,12
31842,31666,14
31843,31666,13
31844,31667,11
31845,31667,14
31846,31668,14
31847,31669,15
31848,31669,14
31849,31671,13
31850,31671,15
31851,31672,14
31852,31673,13
31853,31673,14
31854,31675,15
31855,31676,13
31856,31676,14
31857,31677,11
31858,31678,12
31859,31679,13
31860,31681,12
31861,31683,15
31862,31684,14
31863,31685,14
31864,31686,14
31865,31686,11
31866,31688,15
31867,31689,12
31868,31689,14
31869,31690,13
31870,31691,14
31871,31694,12
31872,31695,11
31873,31696,15
31874,31697,12
31875,31698,13
31876,31698,15
31877,31699,13
31878,31702,14
31879,31703,13
31880,31703,13
31881,31706,13
31882,31706,15
31883,31707,14
31884,31708,11
31885,31708,12
31886,31709,13
31887,31710,14
31888,31712,15
31889,31712,13
31890,31713,15
31891,31713,12
31892,31714,11
31893,31715,12
31894,31716,13
31895,31718,14
31896,31719,13
31897,31719,11
31898,31721,15
31899,31721,12
31900,31724,12
31901,31725,13
31902,31726,13
31903,31727,15
31904,31728,12
31905,31729,14
31906,31731,13
31907,31732,15
31908,31732,11
31909,31734,15
31910,31734,15
31911,31735,13
31912,31735,14
31913,31736,15
31914,31737,11
31915,31738,15
31916,31740,12
31917,31740,11
31918,31741,15
31919,31741,13
31920,31742,13
31921,31742,13
31922,31744,15
31923,31748,14
31924,31751,14
31925,31751,13
31926,31752,15
31927,31752,14
31928,31753,13
31929,31754,15
31930,31754,13
31931,31755,13
31932,31755,13
31933,31756,14
31934,31756,12
31935,31759,15
31936,31759,13
31937,31761,15
31938,31761,14
31939,31763,12
31940,31764,13
31941,31764,15
31942,31765,15
31943,31765,15
31944,31766,15
31945,31766,15
31946,31767,11
31947,31767,13
31948,31769,15
31949,31771,14
31950,31774,14
31951,31776,14
31952,31777,13
31953,31777,12
31954,31778,12
31955,31778,12
31956,31781,15
31957,31782,13
31958,31782,14
31959,31783,11
31960,31783,14
31961,31784,12
31962,31785,15
31963,31785,13
31964,31786,13
31965,31786,15
31966,31788,13
31967,31790,12
31968,31790,13
31969,31793,14
31970,31794,14
31971,31794,11
31972,31795,11
31973,31796,13
31974,31796,11
31975,31797,15
31976,31799,13
31977,31800,12
31978,31801,11
31979,31802,15
31980,31804,12
31981,31804,13
31982,31806,11
31983,31806,15
31984,31807,12
31985,31807,14
31986,31808,15
31987,31808,15
31988,31809,11
31989,31811,15
31990,31811,12
31991,31812,11
31992,31812,13
31993,31815,12
31994,31815,15
31995,31816,12
31996,31816,13
31997,31817,13
31998,31817,14
31999,31819,12
32000,31820,12
32001,31820,14
32002,31822,13
32003,31824,12
32004,31828,13
32005,31828,13
32006,31829,13
32007,31829,14
32008,31830,12
32009,31831,12
32010,31832,12
32011,31833,12
32012,31833,15
32013,31834,11
32014,31834,13
32015,31838,13
32016,31838,12
32017,31839,13
32018,31839,11
32019,31840,15
32020,31841,12
32021,31843,14
32022,31846,12
32023,31847,13
32024,31847,15
32025,31848,12
32026,31849,12
32027,31849,11
32028,31850,15
32029,31851,14
32030,31852,15
32031,31852,12
32032,31853,15
32033,31853,12
32034,31854,15
32035,31854,15
32036,31855,14
32037,31855,12
32038,31857,14
32039,31857,15
32040,31858,12
32041,31859,14
32042,31859,13
32043,31860,11
32044,31861,15
32045,31861,13
32046,31862,13
32047,31862,13
32048,31864,11
32049,31866,14
32050,31869,12
32051,31869,12
32052,31870,13
32053,31870,11
32054,31871,12
32055,31871,12
32056,31872,11
32057,31873,13
32058,31875,11
32059,31876,11
32060,31876,12
32061,31877,12
32062,31878,12
32063,31880,12
32064,31880,14
32065,31881,13
32066,31881,12
32067,31882,13
32068,31882,15
32069,31884,13
32070,31884,11
32071,31885,14
32072,31885,13
32073,31887,14
32074,31887,15
32075,31888,12
32076,31888,11
32077,31889,14
32078,31889,14
32079,31890,15
32080,31891,15
32081,31891,12
32082,31893,14
32083,31893,12
32084,31895,15
32085,31895,15
32086,31896,14
32087,31899,12
32088,31899,14
32089,31900,13
32090,31901,14
32091,31906,13
32092,31907,15
32093,31909,15
32094,31912,12
32095,31912,12
32096,31916,13
32097,31916,13
32098,31917,12
32099,31917,13
32100,31918,12
32101,31918,13
32102,31919,11
32103,31922,11
32104,31922,13
32105,31923,12
32106,31923,11
32107,31924,15
32108,31924,13
32109,31925,14
32110,31925,14
32111,31927,15
32112,31928,15
32113,31930,11
32114,31932,12
32115,31932,14
32116,31933,11
32117,31934,11
32118,31934,14
32119,31936,11
32120,31938,15
32121,31941,11
32122,31941,13
32123,31942,11
32124,31942,14
32125,31943,11
32126,31943,11
32127,31944,14
32128,31944,13
32129,31945,11
32130,31947,15
32131,31947,12
32132,31948,13
32133,31948,11
32134,31950,15
32135,31950,14
32136,31951,12
32137,31952,15
32138,31953,13
32139,31953,11
32140,31954,14
32141,31955,11
32142,31957,14
32143,31958,12
32144,31960,12
32145,31960,11
32146,31961,13
32147,31961,11
32148,31962,12
32149,31963,12
32150,31963,13
32151,31965,14
32152,31965,11
32153,31966,14
32154,31966,11
32155,31967,13
32156,31968,15
32157,31968,15
32158,31969,12
32159,31970,11
32160,31972,12
32161,31972,15
32162,31973,12
32163,31973,15
32164,31976,14
32165,31977,15
32166,31978,13
32167,31978,11
32168,31979,13
32169,31979,13
32170,31980,13
32171,31980,14
32172,31981,14
32173,31982,14
32174,31982,11
32175,31983,13
32176,31984,12
32177,31984,14
32178,31985,11
32179,31986,12
32180,31987,12
32181,31987,15
32182,31988,12
32183,31988,12
32184,31990,14
32185,31990,15
32186,31992,12
32187,31993,14
32188,31993,15
32189,31994,13
32190,31995,11
32191,31999,12
32192,32000,11
32193,32000,12
32194,32001,12
32195,32002,15
32196,32002,12
32197,32004,14
32198,32005,11
32199,32005,13
32200,32006,15
32201,32006,14
32202,32007,13
32203,32008,11
32204,32008,14
32205,32009,14
32206,32009,13
32207,32010,13
32208,32010,14
32209,32011,11
32210,32011,15
32211,32012,13
32212,32012,11
32213,32013,14
32214,32013,13
32215,32014,11
32216,32014,11
32217,32015,13
32218,32015,15
32219,32017,11
32220,32017,15
32221,32019,11
32222,32020,11
32223,32023,14
32224,32025,12
32225,32025,14
32226,32028,15
32227,32028,14
32228,32030,12
32229,32032,13
32230,32032,14
32231,32034,12
32232,32034,13
32233,32037,12
32234,32037,15
32235,32038,12
32236,32039,13
32237,32040,11
32238,32042,13
32239,32043,15
32240,32044,13
32241,32044,13
32242,32045,12
32243,32046,11
32244,32047,11
32245,32049,13
32246,32049,15
32247,32051,12
32248,32051,12
32249,32054,15
32250,32056,12
32251,32058,13
32252,32058,12
32253,32061,12
32254,32064,15
32255,32064,15
32256,32065,14
32257,32066,13
32258,32067,14
32259,32067,13
32260,32069,14
32261,32069,14
32262,32070,15
32263,32070,11
32264,32072,11
32265,32073,13
32266,32074,12
32267,32076,11
32268,32076,12
32269,32077,12
32270,32077,12
32271,32079,14
32272,32079,12
32273,32080,11
32274,32080,11
32275,32081,14
32276,32082,12
32277,32082,11
32278,32083,15
32279,32083,13
32280,32084,15
32281,32084,13
32282,32085,12
32283,32086,14
32284,32088,11
32285,32088,13
32286,32089,11
32287,32090,12
32288,32092,11
32289,32093,12
32290,32094,11
32291,32094,15
32292,32096,13
32293,32097,11
32294,32099,12
32295,32099,15
32296,32100,12
32297,32100,12
32298,32101,11
32299,32101,15
32300,32102,11
32301,32103,14
32302,32105,15
32303,32106,14
32304,32108,11
32305,32110,15
32306,32112,15
32307,32112,14
32308,32115,11
32309,32115,14
32310,32116,13
32311,32116,15
32312,32117,11
32313,32119,13
32314,32119,13
32315,32120,11
32316,32121,12
32317,32124,12
32318,32125,14
32319,32125,11
32320,32126,13
32321,32128,13
32322,32128,14
32323,32129,15
32324,32129,12
32325,32130,15
32326,32132,14
32327,32134,15
32328,32135,12
32329,32136,15
32330,32136,14
32331,32138,15
32332,32138,12
32333,32142,14
32334,32144,13
32335,32144,11
32336,32145,14
32337,32146,15
32338,32148,11
32339,32148,13
32340,32149,14
32341,32150,11
32342,32150,11
32343,32151,14
32344,32151,11
32345,32152,14
32346,32152,11
32347,32153,14
32348,32153,14
32349,32155,15
32350,32159,15
32351,32159,14
32352,32162,11
32353,32162,11
32354,32163,13
32355,32163,15
32356,32165,14
32357,32165,13
32358,32166,13
32359,32166,13
32360,32169,11
32361,32170,12
32362,32170,13
32363,32171,14
32364,32172,15
32365,32177,14
32366,32178,12
32367,32178,11
32368,32179,13
32369,32180,11
32370,32181,11
32371,32182,11
32372,32182,12
32373,32184,11
32374,32188,14
32375,32190,14
32376,32190,15
32377,32194,11
32378,32195,13
32379,32196,11
32380,32197,14
32381,32201,15
32382,32202,15
32383,32202,14
32384,32203,13
32385,32203,14
32386,32205,11
32387,32206,11
32388,32207,11
32389,32207,14
32390,32209,11
32391,32210,13
32392,32213,11
32393,32214,12
32394,32214,15
32395,32215,14
32396,32215,11
32397,32216,12
32398,32217,13
32399,32217,12
32400,32218,13
32401,32219,14
32402,32219,13
32403,32220,11
32404,32220,15
32405,32223,15
32406,32224,14
32407,32225,14
32408,32226,15
32409,32226,11
32410,32228,13
32411,32230,14
32412,32230,11
32413,32231,11
32414,32232,14
32415,32233,14
32416,32234,11
32417,32234,13
32418,32235,15
32419,32235,12
32420,32236,15
32421,32237,14
32422,32238,13
32423,32238,11
32424,32239,15
32425,32240,12
32426,32241,15
32427,32241,12
32428,32243,13
32429,32243,15
32430,32245,14
32431,32245,11
32432,32248,12
32433,32249,14
32434,32250,11
32435,32250,12
32436,32251,15
32437,32252,12
32438,32253,15
32439,32255,11
32440,32256,15
32441,32257,12
32442,32257,15
32443,32258,14
32444,32259,13
32445,32259,15
32446,32260,13
32447,32260,11
32448,32261,11
32449,32261,13
32450,32263,15
32451,32263,11
32452,32265,13
32453,32269,14
32454,32270,14
32455,32271,12
32456,32271,14
32457,32272,12
32458,32272,13
32459,32273,13
32460,32273,11
32461,32276,12
32462,32276,12
32463,32277,12
32464,32280,15
32465,32282,14
32466,32283,14
32467,32283,14
32468,32286,15
32469,32288,14
32470,32290,14
32471,32291,14
32472,32291,13
32473,32292,14
32474,32292,13
32475,32294,15
32476,32297,15
32477,32297,15
32478,32298,12
32479,32298,11
32480,32299,15
32481,32300,15
32482,32301,15
32483,32301,14
32484,32302,15
32485,32302,15
32486,32303,12
32487,32303,15
32488,32304,15
32489,32304,12
32490,32306,13
32491,32307,15
32492,32311,14
32493,32314,11
32494,32315,15
32495,32315,12
32496,32317,11
32497,32317,14
32498,32318,13
32499,32318,11
32500,32320,15
32501,32321,13
32502,32321,12
32503,32323,12
32504,32323,12
32505,32325,13
32506,32326,13
32507,32326,12
32508,32327,11
32509,32328,12
32510,32329,15
32511,32329,11
32512,32330,13
32513,32330,13
32514,32332,14
32515,32332,14
32516,32339,14
32517,32339,11
32518,32340,14
32519,32342,11
32520,32343,15
32521,32343,12
32522,32344,14
32523,32344,15
32524,32345,12
32525,32345,13
32526,32346,13
32527,32347,12
32528,32348,13
32529,32348,14
32530,32351,11
32531,32352,15
32532,32352,15
32533,32353,15
32534,32355,11
32535,32356,13
32536,32357,15
32537,32358,15
32538,32359,13
32539,32359,11
32540,32361,15
32541,32361,11
32542,32362,15
32543,32362,12
32544,32363,15
32545,32363,12
32546,32365,12
32547,32365,11
32548,32366,11
32549,32366,14
32550,32368,11
32551,32369,11
32552,32370,11
32553,32370,14
32554,32371,11
32555,32371,15
32556,32372,15
32557,32375,11
32558,32375,12
32559,32377,11
32560,32377,13
32561,32379,11
32562,32380,11
32563,32381,12
32564,32381,14
32565,32382,13
32566,32384,15
32567,32386,11
32568,32387,11
32569,32387,13
32570,32390,14
32571,32390,11
32572,32391,11
32573,32391,12
32574,32392,14
32575,32393,13
32576,32394,15
32577,32394,13
32578,32395,11
32579,32395,14
32580,32396,14
32581,32397,13
32582,32398,15
32583,32398,12
32584,32399,12
32585,32402,13
32586,32403,13
32587,32404,12
32588,32404,11
32589,32405,14
32590,32405,15
32591,32407,12
32592,32408,13
32593,32409,12
32594,32409,15
32595,32410,12
32596,32411,13
32597,32412,11
32598,32413,11
32599,32413,15
32600,32415,14
32601,32415,11
32602,32417,15
32603,32417,13
32604,32419,15
32605,32419,11
32606,32424,13
32607,32424,11
32608,32425,12
32609,32425,15
32610,32426,13
32611,32427,14
32612,32427,14
32613,32429,13
32614,32430,12
32615,32432,13
32616,32433,13
32617,32435,13
32618,32435,15
32619,32437,15
32620,32437,12
32621,32439,14
32622,32439,15
32623,32441,12
32624,32441,12
32625,32443,12
32626,32443,15
32627,32444,11
32628,32444,15
32629,32446,13
32630,32447,13
32631,32447,13
32632,32449,13
32633,32449,14
32634,32450,12
32635,32451,11
32636,32452,12
32637,32452,11
32638,32453,11
32639,32454,13
32640,32456,13
32641,32458,11
32642,32459,15
32643,32459,14
32644,32460,12
32645,32461,14
32646,32461,15
32647,32462,14
32648,32462,12
32649,32463,14
32650,32463,12
32651,32464,13
32652,32464,15
32653,32465,14
32654,32466,14
32655,32466,11
32656,32467,14
32657,32467,12
32658,32468,11
32659,32469,12
32660,32469,14
32661,32470,13
32662,32470,12
32663,32473,13
32664,32478,11
32665,32479,15
32666,32480,12
32667,32481,11
32668,32485,11
32669,32486,12
32670,32486,13
32671,32487,11
32672,32489,14
32673,32490,12
32674,32491,11
32675,32491,13
32676,32493,15
32677,32494,13
32678,32494,14
32679,32495,13
32680,32496,13
32681,32498,11
32682,32500,12
32683,32501,12
32684,32502,12
32685,32502,15
32686,32505,14
32687,32506,11
32688,32506,13
32689,32507,11
32690,32509,13
32691,32510,11
32692,32511,11
32693,32512,12
32694,32515,14
32695,32515,12
32696,32517,11
32697,32517,13
32698,32518,15
32699,32520,12
32700,32521,13
32701,32521,12
32702,32522,14
32703,32522,12
32704,32525,15
32705,32527,11
32706,32527,12
32707,32528,13
32708,32530,14
32709,32530,15
32710,32535,14
32711,32539,15
32712,32539,13
32713,32541,14
32714,32541,12
32715,32542,15
32716,32542,15
32717,32543,15
32718,32543,12
32719,32544,13
32720,32544,13
32721,32545,11
32722,32545,11
32723,32547,11
32724,32548,15
32725,32549,15
32726,32549,13
32727,32551,11
32728,32551,13
32729,32553,12
32730,32557,15
32731,32561,14
32732,32562,11
32733,32562,14
32734,32564,15
32735,32564,13
32736,32565,12
32737,32566,11
32738,32568,12
32739,32568,13
32740,32569,12
32741,32569,15
32742,32570,11
32743,32571,14
32744,32573,12
32745,32574,13
32746,32576,14
32747,32576,15
32748,32577,11
32749,32577,14
32750,32578,14
32751,32578,13
32752,32579,15
32753,32580,11
32754,32580,11
32755,32581,14
32756,32581,12
32757,32582,13
32758,32584,14
32759,32584,12
32760,32585,15
32761,32585,13
32762,32588,15
32763,32588,12
32764,32591,13
32765,32592,14
32766,32592,13
32767,32593,12
32768,32596,12
32769,32598,12
32770,32598,12
32771,32600,13
32772,32601,13
32773,32601,14
32774,32602,15
32775,32604,15
32776,32605,11
32777,32605,15
32778,32606,11
32779,32606,13
32780,32607,14
32781,32609,11
32782,32609,13
32783,32614,11
32784,32617,15
32785,32618,13
32786,32619,13
32787,32620,13
32788,32621,15
32789,32621,12
32790,32623,12
32791,32623,15
32792,32624,12
32793,32625,15
32794,32625,13
32795,32627,15
32796,32627,11
32797,32628,14
32798,32631,12
32799,32631,15
32800,32632,14
32801,32632,13
32802,32633,14
32803,32633,11
32804,32635,14
32805,32637,15
32806,32637,12
32807,32638,11
32808,32638,11
32809,32640,15
32810,32640,12
32811,32641,12
32812,32641,14
32813,32642,13
32814,32643,11
32815,32644,15
32816,32644,15
32817,32645,13
32818,32645,14
32819,32646,12
32820,32647,14
32821,32649,14
32822,32649,11
32823,32652,12
32824,32653,15
32825,32654,15
32826,32655,12
32827,32656,12
32828,32657,14
32829,32657,14
32830,32658,12
32831,32658,12
32832,32659,13
32833,32660,12
32834,32660,13
32835,32661,13
32836,32662,11
32837,32663,12
32838,32667,11
32839,32669,13
32840,32669,13
32841,32670,11
32842,32671,11
32843,32671,11
32844,32673,14
32845,32675,15
32846,32676,13
32847,32677,11
32848,32677,14
32849,32679,11
32850,32680,14
32851,32680,15
32852,32681,13
32853,32682,12
32854,32682,11
32855,32683,14
32856,32684,13
32857,32684,15
32858,32688,14
32859,32689,12
32860,32689,14
32861,32690,13
32862,32694,15
32863,32695,11
32864,32695,12
32865,32696,14
32866,32697,15
32867,32698,14
32868,32701,13
32869,32702,12
32870,32703,12
32871,32705,11
32872,32706,13
32873,32707,14
32874,32707,14
32875,32710,12
32876,32712,14
32877,32713,13
32878,32714,11
32879,32716,12
32880,32716,11
32881,32717,15
32882,32718,13
32883,32719,15
32884,32720,13
32885,32721,13
32886,32721,15
32887,32722,12
32888,32722,13
32889,32723,14
32890,32723,15
32891,32724,15
32892,32725,11
32893,32725,14
32894,32727,15
32895,32727,14
32896,32728,14
32897,32728,11
32898,32730,12
32899,32730,14
32900,32731,14
32901,32734,11
32902,32734,12
32903,32735,13
32904,32737,13
32905,32738,14
32906,32738,11
32907,32741,12
32908,32743,13
32909,32743,12
32910,32744,14
32911,32744,15
32912,32747,15
32913,32749,12
32914,32749,14
32915,32750,13
32916,32750,15
32917,32752,15
32918,32754,15
32919,32755,11
32920,32755,11
32921,32756,15
32922,32756,12
32923,32759,14
32924,32759,14
32925,32760,14
32926,32761,15
32927,32765,13
32928,32767,12
32929,32768,13
32930,32768,11
32931,32769,13
32932,32770,12
32933,32773,13
32934,32773,13
32935,32775,11
32936,32776,13
32937,32776,12
32938,32777,14
32939,32777,14
32940,32779,14
32941,32779,11
32942,32780,12
32943,32781,13
32944,32781,11
32945,32782,15
32946,32782,11
32947,32784,13
32948,32785,12
32949,32785,11
32950,32787,15
32951,32787,12
32952,32788,15
32953,32788,12
32954,32789,12
32955,32796,15
32956,32798,12
32957,32798,12
32958,32800,11
32959,32801,12
32960,32802,12
32961,32802,11
32962,32804,13
32963,32804,13
32964,32806,12
32965,32807,14
32966,32807,12
32967,32809,12
32968,32809,13
32969,32812,15
32970,32813,15
32971,32813,14
32972,32816,12
32973,32816,13
32974,32819,15
32975,32820,13
32976,32823,15
32977,32824,11
32978,32826,12
32979,32827,11
32980,32828,14
32981,32828,11
32982,32829,14
32983,32830,12
32984,32831,13
32985,32831,15
32986,32835,15
32987,32836,11
32988,32837,15
32989,32839,13
32990,32839,13
32991,32841,14
32992,32842,14
32993,32842,14
32994,32843,15
32995,32844,11
32996,32845,14
32997,32846,12
32998,32847,14
32999,32847,12
33000,32848,15
33001,32850,11
33002,32850,11
33003,32851,15
33004,32851,13
33005,32853,15
33006,32853,13
33007,32854,12
33008,32855,14
33009,32855,12
33010,32856,13
33011,32856,11
33012,32858,11
33013,32859,14
33014,32859,11
33015,32861,11
33016,32862,12
33017,32863,15
33018,32863,14
33019,32864,13
33020,32864,13
33021,32866,15
33022,32866,15
33023,32868,11
33024,32869,11
33025,32870,11
33026,32870,13
33027,32871,15
33028,32873,14
33029,32874,11
33030,32876,14
33031,32876,14
33032,32878,14
33033,32879,12
33034,32879,15
33035,32881,13
33036,32881,15
33037,32882,14
33038,32882,11
33039,32883,14
33040,32883,11
33041,32884,11
33042,32885,11
33043,32886,13
33044,32886,12
33045,32887,13
33046,32888,15
33047,32889,12
33048,32891,11
33049,32891,12
33050,32892,14
33051,32892,11
33052,32893,12
33053,32893,13
33054,32897,15
33055,32898,12
33056,32900,12
33057,32901,12
33058,32903,12
33059,32903,13
33060,32904,15
33061,32904,11
33062,32905,15
33063,32906,11
33064,32906,12
33065,32907,11
33066,32909,13
33067,32909,15
33068,32911,14
33069,32911,14
33070,32912,14
33071,32912,12
33072,32913,15
33073,32913,13
33074,32915,12
33075,32916,12
33076,32916,11
33077,32917,11
33078,32918,13
33079,32918,15
33080,32920,11
33081,32920,15
33082,32921,14
33083,32921,11
33084,32922,14
33085,32923,11
33086,32923,13
33087,32924,14
33088,32924,14
33089,32928,13
33090,32928,11
33091,32929,12
33092,32929,14
33093,32930,13
33094,32931,12
33095,32932,12
33096,32933,12
33097,32933,14
33098,32935,12
33099,32936,14
33100,32937,12
33101,32937,15
33102,32938,14
33103,32939,11
33104,32940,12
33105,32940,12
33106,32941,15
33107,32942,11
33108,32942,12
33109,32944,13
33110,32945,14
33111,32945,11
33112,32947,13
33113,32947,15
33114,32948,15
33115,32949,12
33116,32949,11
33117,32950,12
33118,32950,14
33119,32951,11
33120,32952,13
33121,32953,14
33122,32954,11
33123,32954,14
33124,32955,11
33125,32956,14
33126,32956,15
33127,32959,12
33128,32959,13
33129,32960,15
33130,32962,13
33131,32962,15
33132,32963,14
33133,32963,12
33134,32964,13
33135,32964,13
33136,32967,15
33137,32967,12
33138,32968,11
33139,32969,12
33140,32969,14
33141,32971,15
33142,32971,11
33143,32972,13
33144,32972,12
33145,32973,11
33146,32974,11
33147,32974,15
33148,32977,12
33149,32978,15
33150,32979,14
33151,32979,13
33152,32980,12
33153,32983,13
33154,32985,14
33155,32985,12
33156,32986,15
33157,32987,14
33158,32989,11
33159,32991,11
33160,32992,12
33161,32992,14
33162,32993,14
33163,32994,14
33164,32998,13
33165,32999,13
33166,33000,15
33167,33003,11
33168,33003,13
33169,33004,11
33170,33005,12
33171,33005,15
33172,33006,14
33173,33007,12
33174,33007,11
33175,33008,13
33176,33009,13
33177,33009,15
33178,33010,14
33179,33012,14
33180,33013,15
33181,33013,11
33182,33014,12
33183,33015,12
33184,33015,11
33185,33016,15
33186,33016,15
33187,33019,15
33188,33020,12
33189,33021,12
33190,33021,12
33191,33022,13
33192,33024,12
33193,33024,15
33194,33025,14
33195,33025,14
33196,33026,15
33197,33028,15
33198,33028,14
33199,33031,13
33200,33031,12
33201,33032,14
33202,33033,15
33203,33034,11
33204,33034,13
33205,33038,11
33206,33038,14
33207,33039,14
33208,33039,12
33209,33040,14
33210,33041,12
33211,33041,15
33212,33042,14
33213,33044,11
33214,33044,14
33215,33045,11
33216,33046,13
33217,33046,13
33218,33048,14
33219,33049,12
33220,33049,14
33221,33050,13
33222,33050,14
33223,33051,15
33224,33051,14
33225,33053,15
33226,33054,14
33227,33055,14
33228,33056,11
33229,33056,13
33230,33057,12
33231,33057,15
33232,33058,15
33233,33059,12
33234,33060,11
33235,33061,14
33236,33061,12
33237,33062,15
33238,33064,13
33239,33067,13
33240,33067,13
33241,33068,15
33242,33068,13
33243,33069,14
33244,33070,11
33245,33070,13
33246,33071,15
33247,33071,14
33248,33072,15
33249,33073,12
33250,33074,15
33251,33076,11
33252,33076,11
33253,33079,11
33254,33081,11
33255,33082,15
33256,33082,13
33257,33084,12
33258,33085,12
33259,33085,12
33260,33087,11
33261,33088,11
33262,33089,15
33263,33090,15
33264,33092,13
33265,33092,13
33266,33095,13
33267,33096,13
33268,33098,12
33269,33098,11
33270,33102,11
33271,33102,11
33272,33105,15
33273,33105,13
33274,33107,14
33275,33109,11
33276,33109,14
33277,33112,13
33278,33112,11
33279,33113,12
33280,33114,11
33281,33114,13
33282,33115,13
33283,33117,14
33284,33118,14
33285,33118,12
33286,33120,12
33287,33125,14
33288,33125,13
33289,33127,11
33290,33128,12
33291,33131,15
33292,33131,12
33293,33132,11
33294,33132,12
33295,33133,15
33296,33133,14
33297,33134,11
33298,33134,11
33299,33138,14
33300,33142,11
33301,33144,15
33302,33144,14
33303,33146,11
33304,33146,14
33305,33148,11
33306,33148,12
33307,33149,13
33308,33150,12
33309,33152,13
33310,33153,15
33311,33153,15
33312,33154,13
33313,33154,15
33314,33155,15
33315,33155,12
33316,33156,12
33317,33157,15
33318,33157,12
33319,33160,15
33320,33163,13
33321,33164,14
33322,33165,13
33323,33165,11
33324,33166,12
33325,33166,15
33326,33169,11
33327,33169,11
33328,33170,11
33329,33170,15
33330,33171,14
33331,33171,14
33332,33173,11
33333,33177,11
33334,33179,11
33335,33179,15
33336,33180,11
33337,33181,11
33338,33182,11
33339,33182,15
33340,33184,12
33341,33185,12
33342,33185,13
33343,33186,12
33344,33188,13
33345,33189,13
33346,33191,11
33347,33191,11
33348,33192,11
33349,33194,15
33350,33198,12
33351,33198,13
33352,33199,12
33353,33199,11
33354,33200,12
33355,33200,15
33356,33201,12
33357,33202,15
33358,33204,14
33359,33207,12
33360,33208,11
33361,33209,13
33362,33209,14
33363,33211,11
33364,33211,15
33365,33212,13
33366,33212,12
33367,33214,15
33368,33214,13
33369,33215,14
33370,33215,15
33371,33217,11
33372,33222,12
33373,33222,11
33374,33223,14
33375,33223,12
33376,33224,13
33377,33225,15
33378,33226,15
33379,33226,13
33380,33227,13
33381,33228,11
33382,33229,11
33383,33231,14
33384,33231,12
33385,33233,11
33386,33234,12
33387,33239,11
33388,33239,12
33389,33240,14
33390,33240,12
33391,33242,15
33392,33242,15
33393,33244,12
33394,33245,15
33395,33245,14
33396,33246,11
33397,33246,12
33398,33247,15
33399,33248,12
33400,33249,11
33401,33250,11
33402,33250,13
33403,33252,13
33404,33252,11
33405,33253,13
33406,33253,14
33407,33254,15
33408,33254,13
33409,33256,14
33410,33258,14
33411,33258,11
33412,33261,14
33413,33261,13
33414,33263,14
33415,33264,15
33416,33264,15
33417,33265,12
33418,33266,12
33419,33266,13
33420,33268,12
33421,33271,11
33422,33271,12
33423,33272,13
33424,33274,14
33425,33275,11
33426,33275,14
33427,33276,13
33428,33277,13
33429,33277,13
33430,33278,12
33431,33279,11
33432,33279,11
33433,33281,14
33434,33281,12
33435,33282,14
33436,33283,14
33437,33283,13
33438,33284,12
33439,33285,14
33440,33285,13
33441,33286,13
33442,33286,11
33443,33287,15
33444,33288,14
33445,33289,15
33446,33289,15
33447,33290,12
33448,33290,12
33449,33291,15
33450,33291,14
33451,33293,11
33452,33293,11
33453,33294,12
33454,33294,14
33455,33295,15
33456,33298,12
33457,33300,15
33458,33300,11
33459,33301,12
33460,33302,14
33461,33303,14
33462,33303,14
33463,33304,15
33464,33304,15
33465,33305,11
33466,33305,15
33467,33306,11
33468,33307,15
33469,33307,15
33470,33312,13
33471,33312,13
33472,33313,14
33473,33315,14
33474,33315,12
33475,33316,13
33476,33317,14
33477,33319,14
33478,33319,13
33479,33320,11
33480,33321,12
33481,33321,15
33482,33322,15
33483,33322,13
33484,33323,13
33485,33324,14
33486,33324,12
33487,33325,14
33488,33325,13
33489,33326,14
33490,33326,13
33491,33328,15
33492,33329,15
33493,33329,13
33494,33330,12
33495,33330,14
33496,33332,13
33497,33333,13
33498,33333,11
33499,33335,14
33500,33335,13
33501,33336,14
33502,33336,11
33503,33337,14
33504,33339,13
33505,33340,11
33506,33341,13
33507,33343,14
33508,33344,15
33509,33345,15
33510,33345,15
33511,33346,15
33512,33348,13
33513,33348,14
33514,33350,12
33515,33350,11
33516,33351,11
33517,33352,15
33518,33353,13
33519,33353,13
33520,33354,15
33521,33355,12
33522,33355,14
33523,33356,14
33524,33359,14
33525,33360,12
33526,33361,11
33527,33361,15
33528,33363,12
33529,33363,13
33530,33366,11
33531,33366,13
33532,33367,11
33533,33367,11
33534,33368,11
33535,33368,11
33536,33369,11
33537,33371,11
33538,33372,11
33539,33373,13
33540,33375,14
33541,33376,12
33542,33377,12
33543,33379,14
33544,33380,15
33545,33381,12
33546,33382,13
33547,33387,12
33548,33387,14
33549,33388,15
33550,33389,15
33551,33389,15
33552,33390,15
33553,33390,13
33554,33391,11
33555,33391,13
33556,33395,15
33557,33395,15
33558,33396,11
33559,33398,15
33560,33398,14
33561,33399,14
33562,33399,15
33563,33401,13
33564,33403,15
33565,33404,14
33566,33404,13
33567,33405,12
33568,33407,15
33569,33407,12
33570,33410,15
33571,33410,11
33572,33413,12
33573,33413,12
33574,33415,14
33575,33416,15
33576,33416,14
33577,33419,11
33578,33420,15
33579,33421,11
33580,33421,13
33581,33422,15
33582,33423,12
33583,33423,13
33584,33424,15
33585,33425,13
33586,33425,12
33587,33428,12
33588,33428,14
33589,33429,11
33590,33430,12
33591,33431,11
33592,33434,12
33593,33434,11
33594,33438,12
33595,33440,15
33596,33441,15
33597,33444,14
33598,33446,12
33599,33448,11
33600,33450,15
33601,33450,13
33602,33451,12
33603,33451,14
33604,33452,13
33605,33453,14
33606,33454,11
33607,33455,13
33608,33456,15
33609,33458,14
33610,33459,13
33611,33459,15
33612,33462,14
33613,33463,11
33614,33465,11
33615,33466,14
33616,33466,15
33617,33468,15
33618,33468,13
33619,33470,13
33620,33471,11
33621,33471,13
33622,33473,15
33623,33474,13
33624,33474,12
33625,33475,12
33626,33475,11
33627,33477,14
33628,33477,11
33629,33478,15
33630,33479,11
33631,33483,12
33632,33484,12
33633,33485,12
33634,33485,15
33635,33486,13
33636,33487,15
33637,33487,11
33638,33488,12
33639,33488,12
33640,33489,14
33641,33490,11
33642,33490,15
33643,33491,14
33644,33492,11
33645,33492,12
33646,33494,12
33647,33494,14
33648,33495,13
33649,33496,12
33650,33496,12
33651,33498,11
33652,33498,14
33653,33499,13
33654,33500,14
33655,33501,13
33656,33501,11
33657,33502,11
33658,33502,14
33659,33503,15
33660,33505,15
33661,33506,14
33662,33507,12
33663,33508,15
33664,33509,13
33665,33509,13
33666,33510,13
33667,33512,15
33668,33513,12
33669,33513,12
33670,33514,11
33671,33515,12
33672,33515,15
33673,33519,11
33674,33521,12
33675,33523,14
33676,33523,13
33677,33524,11
33678,33526,13
33679,33526,11
33680,33527,11
33681,33527,12
33682,33529,11
33683,33529,15
33684,33530,12
33685,33530,12
33686,33531,11
33687,33532,15
33688,33532,11
33689,33533,12
33690,33534,11
33691,33534,14
33692,33536,13
33693,33536,12
33694,33537,11
33695,33537,13
33696,33538,14
33697,33538,12
33698,33539,14
33699,33539,14
33700,33540,15
33701,33541,11
33702,33541,13
33703,33543,11
33704,33544,12
33705,33544,12
33706,33545,15
33707,33546,12
33708,33547,11
33709,33548,13
33710,33549,12
33711,33551,14
33712,33551,12
33713,33552,15
33714,33552,12
33715,33553,15
33716,33554,12
33717,33555,11
33718,33555,14
33719,33556,11
33720,33556,14
33721,33557,12
33722,33558,13
33723,33560,14
33724,33560,12
33725,33561,11
33726,33561,14
33727,33562,15
33728,33563,13
33729,33563,12
33730,33565,13
33731,33567,13
33732,33568,11
33733,33568,13
33734,33569,15
33735,33569,15
33736,33570,14
33737,33573,13
33738,33574,15
33739,33575,14
33740,33575,13
33741,33577,13
33742,33577,13
33743,33578,11
33744,33582,11
33745,33582,15
33746,33584,14
33747,33585,12
33748,33585,12
33749,33587,15
33750,33587,11
33751,33588,11
33752,33588,15
33753,33590,11
33754,33590,14
33755,33592,13
33756,33592,15
33757,33593,12
33758,33594,12
33759,33597,12
33760,33597,14
33761,33598,14
33762,33598,12
33763,33601,12
33764,33601,15
33765,33603,14
33766,33603,11
33767,33604,14
33768,33604,15
33769,33605,11
33770,33609,11
33771,33609,14
33772,33610,11
33773,33610,13
33774,33612,13
33775,33612,15
33776,33614,11
33777,33614,12
33778,33615,13
33779,33616,13
33780,33620,15
33781,33620,15
33782,33621,13
33783,33624,13
33784,33624,11
33785,33625,14
33786,33625,13
33787,33626,13
33788,33629,13
33789,33631,14
33790,33631,12
33791,33632,14
33792,33632,15
33793,33634,13
33794,33634,13
33795,33637,12
33796,33638,14
33797,33639,12
33798,33639,11
33799,33641,13
33800,33641,13
33801,33642,13
33802,33642,12
33803,33643,12
33804,33644,13
33805,33644,12
33806,33645,11
33807,33645,15
33808,33646,12
33809,33646,14
33810,33647,12
33811,33649,13
33812,33649,13
33813,33650,11
33814,33650,14
33815,33652,12
33816,33655,15
33817,33655,13
33818,33656,15
33819,33656,12
33820,33657,13
33821,33657,11
33822,33658,11
33823,33660,15
33824,33663,11
33825,33664,14
33826,33664,15
33827,33666,12
33828,33669,12
33829,33669,11
33830,33671,13
33831,33671,11
33832,33672,14
33833,33672,13
33834,33674,13
33835,33676,11
33836,33679,13
33837,33680,13
33838,33680,15
33839,33682,15
33840,33683,15
33841,33683,12
33842,33684,13
33843,33685,14
33844,33686,13
33845,33687,15
33846,33687,15
33847,33689,11
33848,33689,15
33849,33691,14
33850,33692,14
33851,33693,13
33852,33694,14
33853,33696,14
33854,33696,15
33855,33697,13
33856,33701,13
33857,33703,14
33858,33703,12
33859,33704,13
33860,33708,12
33861,33708,11
33862,33709,14
33863,33710,15
33864,33711,12
33865,33712,14
33866,33714,13
33867,33716,14
33868,33717,15
33869,33717,11
33870,33718,13
33871,33719,15
33872,33719,14
33873,33720,15
33874,33720,11
33875,33722,11
33876,33723,12
33877,33723,14
33878,33724,14
33879,33724,15
33880,33729,12
33881,33729,11
33882,33731,12
33883,33731,14
33884,33732,15
33885,33732,12
33886,33733,14
33887,33734,13
33888,33737,13
33889,33738,14
33890,33738,11
33891,33739,15
33892,33742,11
33893,33742,15
33894,33743,13
33895,33743,12
33896,33744,12
33897,33744,11
33898,33746,13
33899,33746,14
33900,33747,13
33901,33749,14
33902,33751,15
33903,33751,11
33904,33752,11
33905,33752,11
33906,33753,12
33907,33753,12
33908,33756,11
33909,33756,14
33910,33759,12
33911,33760,13
33912,33760,14
33913,33761,12
33914,33762,15
33915,33764,14
33916,33764,13
33917,33765,12
33918,33770,14
33919,33771,15
33920,33772,12
33921,33774,13
33922,33774,12
33923,33775,15
33924,33778,12
33925,33779,11
33926,33779,14
33927,33780,13
33928,33780,12
33929,33784,13
33930,33785,15
33931,33786,14
33932,33787,13
33933,33787,12
33934,33788,13
33935,33788,12
33936,33789,14
33937,33790,15
33938,33790,11
33939,33791,12
33940,33793,14
33941,33793,15
33942,33794,15
33943,33794,14
33944,33795,11
33945,33798,13
33946,33798,13
33947,33799,12
33948,33799,12
33949,33801,11
33950,33801,15
33951,33802,13
33952,33803,14
33953,33804,15
33954,33804,11
33955,33805,11
33956,33805,13
33957,33806,14
33958,33806,13
33959,33807,11
33960,33807,11
33961,33808,13
33962,33808,13
33963,33810,14
33964,33810,14
33965,33811,13
33966,33812,13
33967,33813,14
33968,33813,13
33969,33814,15
33970,33814,11
33971,33815,11
33972,33818,13
33973,33819,11
33974,33819,13
33975,33820,11
33976,33821,12
33977,33823,12
33978,33823,11
33979,33824,14
33980,33825,13
33981,33825,15
33982,33826,12
33983,33826,11
33984,33827,11
33985,33827,14
33986,33828,12
33987,33829,12
33988,33829,13
33989,33831,14
33990,33831,14
33991,33832,12
33992,33834,15
33993,33835,12
33994,33835,11
33995,33838,13
33996,33838,12
33997,33839,12
33998,33840,11
33999,33840,14
34000,33841,13
34001,33842,11
34002,33842,15
34003,33843,11
34004,33843,12
34005,33846,12
34006,33846,13
34007,33847,13
34008,33848,11
34009,33849,11
34010,33850,11
34011,33850,11
34012,33851,12
34013,33852,11
34014,33852,14
34015,33853,12
34016,33853,12
34017,33854,11
34018,33855,15
34019,33855,15
34020,33857,14
34021,33857,15
34022,33858,15
34023,33858,14
34024,33861,15
34025,33861,11
34026,33864,14
34027,33867,14
34028,33867,13
34029,33868,11
34030,33868,13
34031,33870,11
34032,33870,12
34033,33871,14
34034,33871,13
34035,33872,14
34036,33873,12
34037,33873,14
34038,33874,12
34039,33877,14
34040,33878,13
34041,33879,11
34042,33879,14
34043,33880,12
34044,33880,11
34045,33881,14
34046,33881,15
34047,33882,13
34048,33883,14
34049,33883,15
34050,33884,12
34051,33884,13
34052,33886,15
34053,33887,14
34054,33888,14
34055,33891,13
34056,33892,13
34057,33892,15
34058,33893,11
34059,33893,14
34060,33895,13
34061,33895,11
34062,33896,15
34063,33896,11
34064,33897,13
34065,33897,15
34066,33899,12
34067,33900,11
34068,33900,13
34069,33903,14
34070,33903,15
34071,33904,14
34072,33905,13
34073,33905,13
34074,33907,15
34075,33909,14
34076,33911,11
34077,33912,15
34078,33912,12
34079,33913,12
34080,33913,13
34081,33914,15
34082,33915,12
34083,33915,15
34084,33916,15
34085,33917,12
34086,33917,15
34087,33919,13
34088,33919,11
34089,33920,13
34090,33921,11
34091,33922,13
34092,33922,13
34093,33923,11
34094,33924,12
34095,33925,12
34096,33929,11
34097,33930,11
34098,33931,12
34099,33932,13
34100,33933,11
34101,33934,12
34102,33934,14
34103,33935,14
34104,33936,11
34105,33938,13
34106,33938,14
34107,33939,11
34108,33939,13
34109,33940,13
34110,33943,14
34111,33945,15
34112,33945,12
34113,33946,11
34114,33946,12
34115,33947,13
34116,33947,15
34117,33948,13
34118,33949,13
34119,33952,11
34120,33954,11
34121,33955,11
34122,33955,15
34123,33957,15
34124,33959,12
34125,33959,13
34126,33962,11
34127,33965,15
34128,33965,13
34129,33967,11
34130,33967,13
34131,33969,14
34132,33970,12
34133,33970,13
34134,33971,12
34135,33971,15
34136,33972,11
34137,33973,13
34138,33973,13
34139,33975,13
34140,33975,14
34141,33976,12
34142,33978,13
34143,33979,13
34144,33979,15
34145,33980,11
34146,33982,13
34147,33983,15
34148,33983,15
34149,33985,11
34150,33986,13
34151,33986,11
34152,33987,11
34153,33987,13
34154,33988,14
34155,33989,15
34156,33990,15
34157,33990,11
34158,33991,15
34159,33991,12
34160,33993,14
34161,33994,13
34162,33995,15
34163,33995,13
34164,33997,12
34165,33999,13
34166,34001,12
34167,34002,15
34168,34005,14
34169,34005,14
34170,34006,14
34171,34006,14
34172,34008,14
34173,34008,13
34174,34009,11
34175,34010,11
34176,34010,15
34177,34012,14
34178,34012,15
34179,34013,11
34180,34014,14
34181,34015,15
34182,34020,11
34183,34020,15
34184,34021,12
34185,34021,13
34186,34023,11
34187,34024,11
34188,34024,15
34189,34025,13
34190,34026,11
34191,34027,15
34192,34028,11
34193,34028,15
34194,34033,12
34195,34035,15
34196,34035,14
34197,34037,12
34198,34037,14
34199,34039,15
34200,34040,14
34201,34040,15
34202,34041,15
34203,34044,11
34204,34045,15
34205,34046,15
34206,34046,12
34207,34049,15
34208,34050,11
34209,34054,11
34210,34055,15
34211,34056,11
34212,34057,12
34213,34058,11
34214,34058,13
34215,34061,12
34216,34062,14
34217,34063,14
34218,34064,13
34219,34064,15
34220,34067,12
34221,34067,14
34222,34068,11
34223,34068,13
34224,34069,11
34225,34069,15
34226,34070,12
34227,34071,13
34228,34072,12
34229,34072,14
34230,34073,15
34231,34073,11
34232,34074,15
34233,34075,14
34234,34076,15
34235,34076,11
34236,34077,15
34237,34077,14
34238,34078,13
34239,34078,14
34240,34079,15
34241,34080,13
34242,34081,14
34243,34081,14
34244,34083,15
34245,34083,15
34246,34085,13
34247,34086,15
34248,34086,15
34249,34088,11
34250,34089,14
34251,34089,13
34252,34090,11
34253,34091,13
34254,34091,12
34255,34093,12
34256,34093,13
34257,34095,15
34258,34095,12
34259,34097,14
34260,34099,11
34261,34099,11
34262,34101,13
34263,34102,15
34264,34102,12
34265,34104,13
34266,34104,14
34267,34105,12
34268,34106,11
34269,34108,14
34270,34108,15
34271,34109,11
34272,34109,11
34273,34110,11
34274,34111,11
34275,34112,12
34276,34112,14
34277,34113,15
34278,34113,15
34279,34114,12
34280,34114,15
34281,34116,15
34282,34117,13
34283,34118,14
34284,34118,15
34285,34119,13
34286,34120,11
34287,34120,14
34288,34122,12
34289,34124,12
34290,34124,12
34291,34126,15
34292,34126,11
34293,34128,14
34294,34129,14
34295,34129,13
34296,34131,14
34297,34131,11
34298,34132,12
34299,34132,12
34300,34133,11
34301,34134,14
34302,34134,11
34303,34135,15
34304,34137,12
34305,34138,13
34306,34139,12
34307,34141,12
34308,34141,14
34309,34143,11
34310,34143,11
34311,34144,12
34312,34144,15
34313,34145,15
34314,34145,12
34315,34146,12
34316,34146,12
34317,34148,12
34318,34149,14
34319,34152,12
34320,34154,11
34321,34154,12
34322,34155,11
34323,34155,13
34324,34157,14
34325,34160,14
34326,34161,12
34327,34162,12
34328,34163,13
34329,34164,14
34330,34165,15
34331,34165,12
34332,34166,15
34333,34166,14
34334,34167,14
34335,34169,15
34336,34169,12
34337,34170,14
34338,34171,11
34339,34173,15
34340,34173,14
34341,34174,11
34342,34175,14
34343,34176,15
34344,34176,11
34345,34178,15
34346,34178,11
34347,34179,11
34348,34179,14
34349,34180,11
34350,34180,14
34351,34181,13
34352,34183,12
34353,34184,14
34354,34184,14
34355,34185,14
34356,34187,14
34357,34187,15
34358,34188,14
34359,34188,14
34360,34190,13
34361,34190,14
34362,34191,11
34363,34191,12
34364,34194,11
34365,34194,12
34366,34195,13
34367,34196,13
34368,34196,15
34369,34197,11
34370,34203,14
34371,34203,13
34372,34204,12
34373,34204,13
34374,34205,15
34375,34206,15
34376,34207,15
34377,34208,15
34378,34208,12
34379,34209,14
34380,34211,12
34381,34213,12
34382,34214,15
34383,34214,14
34384,34216,15
34385,34217,15
34386,34218,14
34387,34219,14
34388,34220,11
34389,34222,12
34390,34223,11
34391,34224,15
34392,34225,13
34393,34226,14
34394,34226,11
34395,34227,14
34396,34227,15
34397,34229,13
34398,34231,12
34399,34231,13
34400,34232,13
34401,34232,11
34402,34233,12
34403,34234,15
34404,34235,13
34405,34236,14
34406,34236,12
34407,34237,11
34408,34238,12
34409,34238,14
34410,34239,12
34411,34240,15
34412,34242,12
34413,34243,13
34414,34245,14
34415,34247,15
34416,34247,11
34417,34248,13
34418,34248,15
34419,34249,14
34420,34249,15
34421,34250,12
34422,34250,12
34423,34252,14
34424,34252,14
34425,34253,13
34426,34253,11
34427,34254,13
34428,34254,13
34429,34255,14
34430,34257,14
34431,34257,12
34432,34261,13
34433,34262,15
34434,34262,15
34435,34263,14
34436,34264,13
34437,34264,11
34438,34265,11
34439,34266,14
34440,34267,15
34441,34269,14
34442,34271,14
34443,34272,14
34444,34273,14
34445,34276,14
34446,34279,15
34447,34280,13
34448,34280,12
34449,34281,11
34450,34282,14
34451,34282,11
34452,34284,14
34453,34284,15
34454,34285,13
34455,34285,13
34456,34286,14
34457,34287,15
34458,34288,12
34459,34288,15
34460,34289,12
34461,34290,11
34462,34291,15
34463,34292,14
34464,34292,13
34465,34293,11
34466,34293,12
34467,34294,13
34468,34294,15
34469,34295,11
34470,34296,14
34471,34298,15
34472,34298,13
34473,34300,11
34474,34300,14
34475,34304,13
34476,34304,15
34477,34305,11
34478,34306,14
34479,34307,13
34480,34307,12
34481,34308,13
34482,34308,13
34483,34309,11
34484,34310,14
34485,34310,11
34486,34311,15
34487,34312,15
34488,34313,12
34489,34313,14
34490,34314,11
34491,34315,15
34492,34316,12
34493,34316,13
34494,34317,11
34495,34319,11
34496,34319,13
34497,34321,13
34498,34321,12
34499,34322,12
34500,34322,15
34501,34323,13
34502,34323,13
34503,34324,11
34504,34325,11
34505,34327,11
34506,34327,13
34507,34328,15
34508,34331,15
34509,34332,15
34510,34333,13
34511,34333,15
34512,34334,15
34513,34335,12
34514,34335,11
34515,34336,12
34516,34336,15
34517,34339,15
34518,34340,13
34519,34340,12
34520,34341,14
34521,34341,14
34522,34344,15
34523,34345,11
34524,34345,12
34525,34346,11
34526,34346,13
34527,34347,13
34528,34348,12
34529,34349,13
34530,34349,11
34531,34351,13
34532,34351,15
34533,34352,14
34534,34353,13
34535,34354,14
34536,34357,15
34537,34357,11
34538,34359,12
34539,34359,15
34540,34360,14
34541,34360,15
34542,34361,12
34543,34361,14
34544,34362,13
34545,34362,14
34546,34363,14
34547,34368,12
34548,34369,15
34549,34370,12
34550,34371,13
34551,34371,12
34552,34372,14
34553,34372,14
34554,34373,13
34555,34373,11
34556,34374,14
34557,34376,12
34558,34377,12
34559,34378,15
34560,34378,15
34561,34379,15
34562,34379,12
34563,34381,14
34564,34381,14
34565,34382,15
34566,34383,12
34567,34383,12
34568,34384,11
34569,34384,13
34570,34385,14
34571,34386,12
34572,34388,12
34573,34391,11
34574,34391,13
34575,34392,12
34576,34393,13
34577,34394,12
34578,34395,14
34579,34397,12
34580,34398,11
34581,34398,14
34582,34399,15
34583,34400,11
34584,34401,11
34585,34402,12
34586,34402,13
34587,34404,15
34588,34406,15
34589,34407,15
34590,34407,14
34591,34409,15
34592,34409,15
34593,34411,13
34594,34411,13
34595,34412,13
34596,34412,12
34597,34413,12
34598,34415,13
34599,34415,14
34600,34418,12
34601,34420,11
34602,34421,15
34603,34424,11
34604,34425,14
34605,34425,15
34606,34428,15
34607,34432,11
34608,34432,12
34609,34433,13
34610,34433,13
34611,34435,15
34612,34435,12
34613,34436,12
34614,34436,14
34615,34441,12
34616,34443,14
34617,34444,15
34618,34446,11
34619,34448,13
34620,34448,11
34621,34449,11
34622,34450,14
34623,34451,15
34624,34451,11
34625,34452,13
34626,34452,12
34627,34455,14
34628,34456,14
34629,34456,12
34630,34458,13
34631,34459,14
34632,34460,12
34633,34460,11
34634,34461,13
34635,34461,15
34636,34463,11
34637,34463,14
34638,34464,12
34639,34464,14
34640,34465,13
34641,34466,12
34642,34466,13
34643,34468,13
34644,34470,12
34645,34470,15
34646,34472,12
34647,34473,13
34648,34474,15
34649,34475,15
34650,34475,15
34651,34476,13
34652,34477,12
34653,34477,11
34654,34478,11
34655,34478,14
34656,34479,15
34657,34481,15
34658,34481,14
34659,34483,13
34660,34483,13
34661,34484,15
34662,34484,13
34663,34489,15
34664,34490,11
34665,34490,11
34666,34492,15
34667,34492,14
34668,34493,12
34669,34495,11
34670,34495,14
34671,34496,11
34672,34497,13
34673,34498,12
34674,34498,13
34675,34500,15
34676,34502,11
34677,34502,12
34678,34503,13
34679,34504,12
34680,34504,15
34681,34506,14
34682,34508,11
34683,34509,15
34684,34510,12
34685,34511,13
34686,34511,14
34687,34512,12
34688,34513,14
34689,34514,11
34690,34516,11
34691,34516,13
34692,34517,13
34693,34517,13
34694,34519,12
34695,34519,11
34696,34520,13
34697,34523,13
34698,34523,14
34699,34525,12
34700,34525,14
34701,34526,13
34702,34527,15
34703,34529,14
34704,34529,15
34705,34530,15
34706,34530,12
34707,34531,11
34708,34532,11
34709,34532,14
34710,34533,14
34711,34533,13
34712,34534,15
34713,34535,15
34714,34536,14
34715,34537,13
34716,34538,11
34717,34539,12
34718,34544,13
34719,34544,14
34720,34545,12
34721,34545,11
34722,34546,15
34723,34549,12
34724,34551,14
34725,34551,12
34726,34552,15
34727,34552,13
34728,34553,12
34729,34553,13
34730,34554,12
34731,34554,13
34732,34555,12
34733,34555,13
34734,34556,11
34735,34556,11
34736,34558,15
34737,34559,14
34738,34559,11
34739,34560,13
34740,34560,11
34741,34562,12
34742,34564,15
34743,34564,11
34744,34566,13
34745,34566,13
34746,34568,11
34747,34568,12
34748,34570,12
34749,34570,13
34750,34571,14
34751,34572,11
34752,34573,11
34753,34573,15
34754,34574,15
34755,34574,14
34756,34576,11
34757,34576,14
34758,34577,12
34759,34577,11
34760,34578,13
34761,34578,11
34762,34579,14
34763,34581,12
34764,34581,14
34765,34582,13
34766,34582,12
34767,34583,15
34768,34583,14
34769,34584,13
34770,34584,14
34771,34585,13
34772,34587,15
34773,34589,13
34774,34590,13
34775,34590,11
34776,34593,15
34777,34594,15
34778,34594,15
34779,34595,14
34780,34599,13
34781,34599,13
34782,34601,13
34783,34601,13
34784,34603,14
34785,34603,14
34786,34605,11
34787,34606,11
34788,34606,11
34789,34607,13
34790,34607,14
34791,34608,14
34792,34608,13
34793,34610,11
34794,34612,15
34795,34613,15
34796,34614,13
34797,34615,12
34798,34615,11
34799,34617,12
34800,34617,11
34801,34620,11
34802,34620,14
34803,34622,12
34804,34623,15
34805,34624,11
34806,34627,13
34807,34627,15
34808,34630,12
34809,34630,15
34810,34633,13
34811,34637,14
34812,34637,15
34813,34638,13
34814,34638,15
34815,34639,15
34816,34640,11
34817,34641,15
34818,34641,13
34819,34642,13
34820,34643,12
34821,34643,12
34822,34644,13
34823,34646,12
34824,34646,12
34825,34648,15
34826,34649,13
34827,34649,14
34828,34650,13
34829,34652,11
34830,34653,12
34831,34653,14
34832,34654,11
34833,34654,15
34834,34656,11
34835,34656,15
34836,34661,15
34837,34661,14
34838,34662,12
34839,34664,13
34840,34668,12
34841,34668,14
34842,34669,12
34843,34670,15
34844,34670,12
34845,34671,15
34846,34672,11
34847,34672,13
34848,34673,14
34849,34673,15
34850,34674,14
34851,34674,11
34852,34675,13
34853,34676,12
34854,34676,13
34855,34678,15
34856,34679,15
34857,34680,12
34858,34680,11
34859,34681,13
34860,34681,13
34861,34685,15
34862,34685,14
34863,34686,12
34864,34687,12
34865,34687,15
34866,34691,14
34867,34691,11
34868,34694,13
34869,34695,15
34870,34695,12
34871,34696,15
34872,34698,15
34873,34698,12
34874,34700,15
34875,34700,15
34876,34701,13
34877,34702,11
34878,34704,12
34879,34705,14
34880,34705,14
34881,34707,15
34882,34708,12
34883,34708,15
34884,34709,13
34885,34710,15
34886,34710,15
34887,34711,15
34888,34712,12
34889,34712,14
34890,34713,12
34891,34713,15
34892,34714,12
34893,34715,12
34894,34715,15
34895,34716,14
34896,34717,14
34897,34720,15
34898,34720,12
34899,34721,11
34900,34721,13
34901,34722,15
34902,34723,12
34903,34723,13
34904,34724,13
34905,34724,11
34906,34725,14
34907,34726,14
34908,34726,13
34909,34727,15
34910,34729,11
34911,34732,12
34912,34733,13
34913,34733,13
34914,34735,11
34915,34735,13
34916,34737,11
34917,34737,14
34918,34739,12
34919,34739,14
34920,34740,13
34921,34742,15
34922,34742,13
34923,34743,15
34924,34744,11
34925,34744,15
34926,34746,13
34927,34746,15
34928,34747,13
34929,34748,13
34930,34748,14
34931,34750,14
34932,34750,11
34933,34751,12
34934,34751,15
34935,34752,14
34936,34752,13
34937,34756,12
34938,34756,15
34939,34757,13
34940,34757,14
34941,34758,15
34942,34758,13
34943,34760,11
34944,34763,12
34945,34765,14
34946,34766,15
34947,34767,15
34948,34767,14
34949,34768,14
34950,34768,14
34951,34769,15
34952,34769,14
34953,34770,15
34954,34771,14
34955,34771,11
34956,34772,14
34957,34775,11
34958,34775,15
34959,34777,11
34960,34779,12
34961,34780,15
34962,34782,11
34963,34782,12
34964,34783,12
34965,34784,13
34966,34786,12
34967,34787,14
34968,34788,14
34969,34793,11
34970,34793,12
34971,34794,15
34972,34794,14
34973,34795,14
34974,34796,15
34975,34798,12
34976,34798,11
34977,34799,15
34978,34801,13
34979,34801,11
34980,34803,11
34981,34803,11
34982,34804,14
34983,34804,14
34984,34805,13
34985,34805,12
34986,34806,15
34987,34806,13
34988,34807,11
34989,34808,11
34990,34808,11
34991,34809,14
34992,34811,15
34993,34811,12
34994,34813,14
34995,34813,14
34996,34814,11
34997,34816,13
34998,34817,15
34999,34817,11
35000,34818,14
35001,34818,11
35002,34820,12
35003,34823,12
35004,34825,12
35005,34826,11
35006,34827,13
35007,34828,12
35008,34828,13
35009,34829,12
35010,34830,11
35011,34832,11
35012,34834,15
35013,34835,14
35014,34835,15
35015,34838,15
35016,34839,11
35017,34839,12
35018,34842,14
35019,34844,14
35020,34846,13
35021,34848,15
35022,34848,11
35023,34849,14
35024,34849,12
35025,34850,11
35026,34851,13
35027,34851,14
35028,34854,14
35029,34856,12
35030,34858,11
35031,34859,14
35032,34860,11
35033,34860,14
35034,34861,11
35035,34862,13
35036,34862,12
35037,34863,12
35038,34865,12
35039,34866,11
35040,34866,13
35041,34870,12
35042,34871,12
35043,34871,14
35044,34872,11
35045,34872,13
35046,34873,12
35047,34873,14
35048,34874,15
35049,34875,14
35050,34876,14
35051,34876,13
35052,34877,13
35053,34878,12
35054,34879,11
35055,34879,11
35056,34881,12
35057,34882,12
35058,34883,15
35059,34883,12
35060,34884,13
35061,34884,12
35062,34885,14
35063,34887,12
35064,34888,12
35065,34889,11
35066,34890,11
35067,34892,12
35068,34892,11
35069,34893,15
35070,34893,12
35071,34894,12
35072,34895,12
35073,34896,13
35074,34896,11
35075,34897,14
35076,34897,11
35077,34898,15
35078,34898,13
35079,34901,12
35080,34901,12
35081,34903,14
35082,34903,13
35083,34905,11
35084,34906,12
35085,34906,13
35086,34907,11
35087,34908,11
35088,34908,12
35089,34909,13
35090,34910,13
35091,34913,14
35092,34914,14
35093,34914,15
35094,34915,11
35095,34916,15
35096,34917,11
35097,34919,15
35098,34920,14
35099,34922,14
35100,34922,14
35101,34923,13
35102,34924,15
35103,34924,12
35104,34925,15
35105,34925,11
35106,34926,11
35107,34926,13
35108,34927,15
35109,34927,13
35110,34928,12
35111,34928,15
35112,34929,11
35113,34930,11
35114,34931,12
35115,34931,12
35116,34932,15
35117,34933,14
35118,34936,13
35119,34937,14
35120,34937,11
35121,34938,13
35122,34938,15
35123,34940,13
35124,34941,12
35125,34942,14
35126,34943,15
35127,34944,13
35128,34944,15
35129,34945,12
35130,34945,14
35131,34947,11
35132,34949,13
35133,34949,13
35134,34952,13
35135,34952,15
35136,34953,15
35137,34953,15
35138,34954,15
35139,34955,14
35140,34955,12
35141,34956,14
35142,34957,14
35143,34957,14
35144,34959,14
35145,34960,13
35146,34960,14
35147,34961,12
35148,34961,13
35149,34964,15
35150,34964,12
35151,34965,12
35152,34965,13
35153,34967,14
35154,34967,11
35155,34968,11
35156,34970,15
35157,34970,15
35158,34971,11
35159,34971,12
35160,34975,13
35161,34975,15
35162,34976,14
35163,34977,11
35164,34979,14
35165,34980,13
35166,34981,11
35167,34981,11
35168,34982,11
35169,34982,15
35170,34983,14
35171,34983,11
35172,34985,12
35173,34985,13
35174,34986,14
35175,34988,13
35176,34988,13
35177,34991,12
35178,34991,12
35179,34992,14
35180,34992,13
35181,34993,11
35182,34995,15
35183,34995,13
35184,34996,14
35185,34997,14
35186,34998,13
35187,34998,15
35188,34999,13
35189,35000,11
35190,35000,13
35191,35001,13
35192,35002,12
35193,35003,11
35194,35004,11
35195,35004,13
35196,35006,12
35197,35007,13
35198,35007,15
35199,35008,12
35200,35010,13
35201,35011,15
35202,35011,13
35203,35012,14
35204,35016,13
35205,35016,14
35206,35019,15
35207,35020,15
35208,35020,11
35209,35021,14
35210,35022,14
35211,35022,15
35212,35023,15
35213,35024,11
35214,35024,15
35215,35025,11
35216,35025,11
35217,35027,12
35218,35028,14
35219,35028,14
35220,35029,12
35221,35030,14
35222,35031,13
35223,35033,13
35224,35033,12
35225,35034,14
35226,35034,12
35227,35038,15
35228,35038,14
35229,35040,14
35230,35040,11
35231,35041,13
35232,35041,14
35233,35042,11
35234,35045,15
35235,35045,11
35236,35046,12
35237,35051,15
35238,35051,12
35239,35053,14
35240,35054,12
35241,35054,12
35242,35055,14
35243,35055,14
35244,35056,11
35245,35057,11
35246,35057,11
35247,35058,11
35248,35059,12
35249,35059,13
35250,35061,11
35251,35061,12
35252,35062,13
35253,35062,15
35254,35063,14
35255,35064,12
35256,35065,12
35257,35068,12
35258,35070,13
35259,35072,12
35260,35073,15
35261,35073,15
35262,35074,11
35263,35074,13
35264,35075,12
35265,35076,15
35266,35077,14
35267,35077,12
35268,35079,14
35269,35079,15
35270,35080,11
35271,35081,11
35272,35081,13
35273,35082,12
35274,35082,11
35275,35085,15
35276,35087,15
35277,35087,12
35278,35089,12
35279,35089,13
35280,35091,12
35281,35091,14
35282,35094,11
35283,35094,13
35284,35095,12
35285,35096,11
35286,35097,14
35287,35098,12
35288,35099,15
35289,35100,15
35290,35101,13
35291,35106,12
35292,35106,11
35293,35107,12
35294,35111,14
35295,35113,12
35296,35113,15
35297,35115,14
35298,35116,14
35299,35116,14
35300,35118,15
35301,35118,12
35302,35119,11
35303,35120,14
35304,35121,14
35305,35121,11
35306,35122,15
35307,35123,14
35308,35123,12
35309,35124,13
35310,35124,12
35311,35125,12
35312,35126,12
35313,35126,13
35314,35127,13
35315,35127,13
35316,35128,12
35317,35129,13
35318,35131,13
35319,35132,12
35320,35137,13
35321,35137,11
35322,35140,12
35323,35140,13
35324,35143,14
35325,35143,11
35326,35144,13
35327,35144,14
35328,35145,11
35329,35145,13
35330,35146,12
35331,35146,13
35332,35147,12
35333,35147,15
35334,35153,13
35335,35153,14
35336,35154,15
35337,35154,13
35338,35155,14
35339,35155,11
35340,35156,11
35341,35156,13
35342,35157,11
35343,35157,13
35344,35158,11
35345,35159,12
35346,35160,12
35347,35161,13
35348,35162,13
35349,35162,15
35350,35167,15
35351,35168,15
35352,35170,14
35353,35171,14
35354,35172,14
35355,35172,13
35356,35173,11
35357,35173,12
35358,35175,13
35359,35175,11
35360,35176,15
35361,35176,13
35362,35178,13
35363,35178,14
35364,35179,11
35365,35179,11
35366,35181,13
35367,35182,11
35368,35182,13
35369,35183,12
35370,35184,15
35371,35184,15
35372,35186,11
35373,35187,14
35374,35189,15
35375,35190,11
35376,35191,11
35377,35192,15
35378,35193,15
35379,35195,11
35380,35196,15
35381,35196,15
35382,35197,15
35383,35198,11
35384,35201,14
35385,35202,11
35386,35202,13
35387,35209,15
35388,35210,12
35389,35210,14
35390,35212,13
35391,35212,14
35392,35213,15
35393,35214,14
35394,35216,15
35395,35216,12
35396,35217,11
35397,35220,11
35398,35220,15
35399,35225,12
35400,35225,14
35401,35227,15
35402,35227,13
35403,35229,11
35404,35230,12
35405,35230,14
35406,35231,15
35407,35232,14
35408,35232,11
35409,35233,12
35410,35235,14
35411,35236,15
35412,35237,11
35413,35238,15
35414,35238,12
35415,35239,15
35416,35239,12
35417,35242,11
35418,35242,11
35419,35244,14
35420,35245,11
35421,35247,11
35422,35249,12
35423,35250,15
35424,35250,11
35425,35251,11
35426,35251,15
35427,35252,15
35428,35252,15
35429,35253,11
35430,35256,12
35431,35258,14
35432,35258,13
35433,35262,12
35434,35262,13
35435,35263,11
35436,35263,11
35437,35264,12
35438,35264,11
35439,35265,13
35440,35268,14
35441,35268,14
35442,35271,15
35443,35271,14
35444,35277,14
35445,35277,15
35446,35278,13
35447,35279,13
35448,35279,13
35449,35280,12
35450,35280,14
35451,35289,11
35452,35290,15
35453,35290,12
35454,35293,12
35455,35293,11
35456,35294,11
35457,35295,11
35458,35295,13
35459,35296,13
35460,35296,15
35461,35298,15
35462,35298,14
35463,35299,15
35464,35299,13
35465,35300,14
35466,35300,15
35467,35301,12
35468,35301,14
35469,35302,14
35470,35304,14
35471,35305,14
35472,35305,11
35473,35306,11
35474,35307,13
35475,35310,11
35476,35310,13
35477,35311,12
35478,35311,11
35479,35312,12
35480,35312,13
35481,35318,13
35482,35318,12
35483,35320,14
35484,35320,14
35485,35321,14
35486,35321,15
35487,35322,13
35488,35323,13
35489,35324,12
35490,35326,15
35491,35326,11
35492,35327,15
35493,35327,14
35494,35328,12
35495,35329,11
35496,35329,14
35497,35330,15
35498,35330,11
35499,35333,11
35500,35333,13
35501,35334,11
35502,35334,13
35503,35335,15
35504,35336,14
35505,35337,15
35506,35337,13
35507,35338,14
35508,35338,12
35509,35340,14
35510,35340,15
35511,35342,12
35512,35343,11
35513,35343,11
35514,35352,13
35515,35352,11
35516,35356,13
35517,35358,12
35518,35358,13
35519,35359,13
35520,35359,13
35521,35360,14
35522,35360,13
35523,35361,15
35524,35363,15
35525,35366,13
35526,35366,14
35527,35367,12
35528,35368,13
35529,35368,11
35530,35370,11
35531,35370,12
35532,35371,11
35533,35371,13
35534,35373,14
35535,35374,11
35536,35374,14
35537,35376,13
35538,35380,13
35539,35381,14
35540,35385,13
35541,35387,11
35542,35387,11
35543,35388,12
35544,35388,13
35545,35389,15
35546,35389,11
35547,35391,14
35548,35392,12
35549,35394,11
35550,35394,11
35551,35395,13
35552,35395,11
35553,35398,13
35554,35400,15
35555,35400,12
35556,35402,11
35557,35402,14
35558,35403,15
35559,35404,14
35560,35405,11
35561,35405,14
35562,35406,11
35563,35408,11
35564,35409,15
35565,35409,14
35566,35410,12
35567,35411,15
35568,35412,14
35569,35412,12
35570,35413,15
35571,35413,13
35572,35414,12
35573,35415,12
35574,35416,11
35575,35417,13
35576,35417,12
35577,35418,12
35578,35418,13
35579,35419,13
35580,35420,11
35581,35420,13
35582,35421,12
35583,35422,11
35584,35422,11
35585,35423,12
35586,35425,12
35587,35425,15
35588,35426,11
35589,35427,12
35590,35428,12
35591,35428,11
35592,35429,12
35593,35429,15
35594,35430,12
35595,35430,15
35596,35431,14
35597,35431,14
35598,35433,12
35599,35434,15
35600,35438,13
35601,35439,12
35602,35439,11
35603,35441,15
35604,35442,12
35605,35442,12
35606,35443,13
35607,35445,14
35608,35446,13
35609,35446,11
35610,35447,15
35611,35447,14
35612,35448,14
35613,35448,15
35614,35449,14
35615,35450,13
35616,35450,13
35617,35451,15
35618,35453,13
35619,35454,11
35620,35454,15
35621,35456,11
35622,35457,15
35623,35457,11
35624,35458,14
35625,35458,14
35626,35459,14
35627,35462,14
35628,35462,14
35629,35464,12
35630,35465,11
35631,35466,12
35632,35466,12
35633,35468,11
35634,35468,12
35635,35469,14
35636,35469,12
35637,35470,13
35638,35470,14
35639,35471,12
35640,35471,15
35641,35472,15
35642,35473,14
35643,35474,13
35644,35475,13
35645,35475,15
35646,35476,15
35647,35478,15
35648,35478,14
35649,35481,13
35650,35484,11
35651,35486,11
35652,35487,15
35653,35487,14
35654,35490,12
35655,35490,12
35656,35491,13
35657,35491,13
35658,35492,12
35659,35492,15
35660,35493,15
35661,35493,13
35662,35497,15
35663,35497,11
35664,35498,15
35665,35500,13
35666,35500,12
35667,35502,12
35668,35503,12
35669,35503,11
35670,35505,15
35671,35505,12
35672,35506,13
35673,35506,13
35674,35508,14
35675,35508,15
35676,35509,12
35677,35510,15
35678,35510,12
35679,35512,11
35680,35515,13
35681,35517,12
35682,35519,15
35683,35523,12
35684,35524,15
35685,35524,13
35686,35526,12
35687,35527,12
35688,35527,13
35689,35530,11
35690,35530,11
35691,35532,15
35692,35532,11
35693,35533,15
35694,35534,14
35695,35538,14
35696,35539,15
35697,35540,14
35698,35541,11
35699,35542,15
35700,35543,11
35701,35544,11
35702,35546,11
35703,35547,14
35704,35547,11
35705,35548,12
35706,35549,14
35707,35549,14
35708,35553,12
35709,35553,12
35710,35554,14
35711,35554,15
35712,35555,11
35713,35555,13
35714,35557,13
35715,35560,15
35716,35560,15
35717,35562,14
35718,35563,15
35719,35564,14
35720,35564,15
35721,35565,13
35722,35567,13
35723,35567,11
35724,35569,12
35725,35570,12
35726,35570,11
35727,35571,12
35728,35572,13
35729,35572,12
35730,35573,12
35731,35574,14
35732,35575,15
35733,35575,13
35734,35576,13
35735,35576,14
35736,35577,11
35737,35578,14
35738,35578,11
35739,35579,15
35740,35581,15
35741,35581,14
35742,35583,13
35743,35583,12
35744,35584,12
35745,35584,15
35746,35585,12
35747,35585,15
35748,35586,13
35749,35587,15
35750,35591,14
35751,35591,14
35752,35592,15
35753,35593,13
35754,35593,11
35755,35596,12
35756,35596,13
35757,35597,12
35758,35599,14
35759,35600,12
35760,35602,11
35761,35602,15
35762,35604,11
35763,35605,13
35764,35605,12
35765,35609,14
35766,35611,15
35767,35611,11
35768,35613,13
35769,35613,14
35770,35614,12
35771,35615,14
35772,35616,15
35773,35616,12
35774,35617,15
35775,35617,11
35776,35618,11
35777,35618,12
35778,35619,14
35779,35620,13
35780,35621,13
35781,35621,14
35782,35622,11
35783,35622,15
35784,35625,13
35785,35625,15
35786,35626,13
35787,35626,11
35788,35628,13
35789,35628,12
35790,35629,12
35791,35629,13
35792,35630,12
35793,35630,14
35794,35635,15
35795,35636,13
35796,35637,15
35797,35637,12
35798,35638,13
35799,35638,12
35800,35640,12
35801,35640,15
35802,35641,13
35803,35641,15
35804,35642,11
35805,35644,13
35806,35644,13
35807,35646,15
35808,35648,15
35809,35648,12
35810,35649,11
35811,35649,13
35812,35650,15
35813,35650,14
35814,35652,14
35815,35652,14
35816,35654,12
35817,35654,11
35818,35655,12
35819,35656,14
35820,35658,15
35821,35658,15
35822,35659,13
35823,35659,12
35824,35660,13
35825,35661,11
35826,35661,13
35827,35663,12
35828,35663,15
35829,35666,15
35830,35666,13
35831,35669,11
35832,35671,15
35833,35671,13
35834,35672,14
35835,35672,14
35836,35673,15
35837,35674,15
35838,35675,13
35839,35676,13
35840,35676,14
35841,35677,13
35842,35678,14
35843,35679,13
35844,35679,13
35845,35681,15
35846,35681,15
35847,35682,11
35848,35682,14
35849,35683,15
35850,35684,12
35851,35685,13
35852,35685,14
35853,35688,13
35854,35689,12
35855,35690,11
35856,35690,12
35857,35691,14
35858,35692,14
35859,35694,15
35860,35697,11
35861,35697,11
35862,35698,11
35863,35699,14
35864,35700,14
35865,35700,13
35866,35701,11
35867,35701,15
35868,35702,13
35869,35702,13
35870,35703,15
35871,35706,15
35872,35707,11
35873,35709,14
35874,35709,15
35875,35710,15
35876,35710,11
35877,35713,14
35878,35714,13
35879,35715,12
35880,35716,13
35881,35717,11
35882,35718,12
35883,35718,12
35884,35719,14
35885,35721,11
35886,35721,14
35887,35722,12
35888,35722,11
35889,35723,15
35890,35723,12
35891,35724,15
35892,35725,13
35893,35726,11
35894,35726,15
35895,35727,11
35896,35729,15
35897,35732,12
35898,35734,13
35899,35735,13
35900,35735,13
35901,35736,12
35902,35738,12
35903,35738,14
35904,35740,15
35905,35741,12
35906,35741,13
35907,35742,11
35908,35742,14
35909,35743,12
35910,35743,13
35911,35744,14
35912,35744,12
35913,35745,11
35914,35746,14
35915,35746,14
35916,35750,12
35917,35750,11
35918,35751,13
35919,35751,11
35920,35752,15
35921,35754,13
35922,35754,15
35923,35755,13
35924,35755,15
35925,35756,12
35926,35756,12
35927,35757,14
35928,35758,11
35929,35759,13
35930,35759,15
35931,35760,13
35932,35760,15
35933,35761,11
35934,35761,15
35935,35764,11
35936,35764,13
35937,35765,15
35938,35765,13
35939,35766,13
35940,35767,13
35941,35769,11
35942,35769,13
35943,35771,15
35944,35771,13
35945,35772,15
35946,35772,11
35947,35773,12
35948,35773,14
35949,35774,14
35950,35774,12
35951,35775,15
35952,35776,15
35953,35777,13
35954,35778,13
35955,35778,11
35956,35780,14
35957,35781,13
35958,35781,11
35959,35782,14
35960,35784,11
35961,35784,13
35962,35786,13
35963,35786,13
35964,35791,13
35965,35791,14
35966,35794,13
35967,35794,11
35968,35796,13
35969,35796,13
35970,35797,11
35971,35797,15
35972,35798,11
35973,35799,11
35974,35802,15
35975,35803,13
35976,35804,14
35977,35804,12
35978,35805,13
35979,35805,13
35980,35806,12
35981,35806,11
35982,35807,11
35983,35807,14
35984,35808,11
35985,35809,12
35986,35810,11
35987,35810,12
35988,35811,15
35989,35812,11
35990,35814,13
35991,35816,15
35992,35817,11
35993,35819,13
35994,35819,15
35995,35820,14
35996,35820,14
35997,35822,15
35998,35822,13
35999,35824,12
36000,35825,12
36001,35826,12
36002,35826,15
36003,35827,15
36004,35827,12
36005,35830,15
36006,35830,15
36007,35832,15
36008,35832,13
36009,35834,11
36010,35836,15
36011,35836,13
36012,35837,12
36013,35840,13
36014,35846,11
36015,35847,11
36016,35848,13
36017,35850,11
36018,35850,13
36019,35851,11
36020,35851,13
36021,35853,11
36022,35853,14
36023,35854,12
36024,35856,15
36025,35856,12
36026,35858,11
36027,35858,12
36028,35860,13
36029,35861,14
36030,35861,15
36031,35862,15
36032,35862,11
36033,35863,11
36034,35864,12
36035,35868,12
36036,35869,14
36037,35871,12
36038,35872,14
36039,35874,12
36040,35874,12
36041,35875,11
36042,35875,13
36043,35876,11
36044,35879,12
36045,35881,13
36046,35883,15
36047,35883,11
36048,35884,15
36049,35885,11
36050,35886,14
36051,35886,12
36052,35887,11
36053,35889,14
36054,35890,12
36055,35890,13
36056,35891,13
36057,35891,15
36058,35893,13
36059,35893,13
36060,35894,11
36061,35896,11
36062,35896,14
36063,35898,13
36064,35898,15
36065,35899,11
36066,35900,15
36067,35902,12
36068,35903,11
36069,35903,13
36070,35904,14
36071,35904,14
36072,35906,15
36073,35906,13
36074,35908,12
36075,35908,14
36076,35909,12
36077,35911,12
36078,35911,14
36079,35912,12
36080,35913,15
36081,35915,12
36082,35915,12
36083,35917,15
36084,35920,15
36085,35923,14
36086,35923,13
36087,35924,12
36088,35924,12
36089,35925,12
36090,35926,15
36091,35926,14
36092,35927,14
36093,35929,12
36094,35930,11
36095,35930,11
36096,35931,11
36097,35933,11
36098,35934,13
36099,35935,13
36100,35935,15
36101,35936,14
36102,35937,11
36103,35938,12
36104,35940,15
36105,35941,11
36106,35943,14
36107,35943,11
36108,35945,13
36109,35945,11
36110,35946,12
36111,35947,11
36112,35947,12
36113,35949,12
36114,35949,14
36115,35951,13
36116,35951,13
36117,35952,15
36118,35952,13
36119,35956,13
36120,35956,12
36121,35957,14
36122,35958,14
36123,35959,15
36124,35960,14
36125,35960,15
36126,35961,12
36127,35961,11
36128,35962,14
36129,35962,13
36130,35963,14
36131,35965,12
36132,35965,13
36133,35968,15
36134,35969,11
36135,35970,15
36136,35970,12
36137,35971,13
36138,35971,14
36139,35972,11
36140,35972,11
36141,35973,14
36142,35973,12
36143,35974,15
36144,35975,11
36145,35975,13
36146,35976,13
36147,35977,14
36148,35977,14
36149,35978,15
36150,35979,14
36151,35979,14
36152,35982,11
36153,35984,12
36154,35985,11
36155,35986,14
36156,35987,15
36157,35988,12
36158,35990,15
36159,35990,15
36160,35991,14
36161,35991,12
36162,35992,14
36163,35992,12
36164,35994,14
36165,35995,13
36166,35996,11
36167,35996,13
36168,35997,13
36169,35999,14
36170,35999,13
36171,36002,11
36172,36002,13
36173,36003,15
36174,36003,14
36175,36006,12
36176,36008,12
36177,36008,13
36178,36011,12
36179,36011,13
36180,36012,13
36181,36012,13
36182,36014,13
36183,36016,14
36184,36016,11
36185,36017,13
36186,36017,15
36187,36019,15
36188,36019,15
36189,36021,15
36190,36021,11
36191,36023,11
36192,36025,11
36193,36025,14
36194,36026,14
36195,36029,15
36196,36030,14
36197,36030,11
36198,36031,11
36199,36032,11
36200,36032,14
36201,36033,14
36202,36035,14
36203,36035,14
36204,36036,15
36205,36036,15
36206,36037,12
36207,36038,13
36208,36039,14
36209,36040,13
36210,36040,11
36211,36042,15
36212,36042,12
36213,36043,13
36214,36043,11
36215,36044,15
36216,36044,11
36217,36045,11
36218,36046,14
36219,36046,15
36220,36051,11
36221,36051,13
36222,36052,15
36223,36054,15
36224,36054,13
36225,36055,15
36226,36056,15
36227,36059,15
36228,36059,12
36229,36061,13
36230,36062,12
36231,36062,11
36232,36063,11
36233,36063,12
36234,36065,14
36235,36066,13
36236,36066,13
36237,36067,15
36238,36070,15
36239,36070,12
36240,36071,11
36241,36071,12
36242,36072,12
36243,36074,12
36244,36074,14
36245,36076,15
36246,36077,15
36247,36079,12
36248,36080,14
36249,36080,14
36250,36081,15
36251,36084,13
36252,36086,13
36253,36087,11
36254,36087,13
36255,36089,12
36256,36090,14
36257,36091,12
36258,36092,13
36259,36093,15
36260,36095,15
36261,36095,12
36262,36096,12
36263,36096,11
36264,36097,13
36265,36097,15
36266,36098,14
36267,36098,11
36268,36099,14
36269,36099,14
36270,36101,11
36271,36101,13
36272,36102,11
36273,36102,11
36274,36103,11
36275,36103,12
36276,36106,12
36277,36106,11
36278,36108,12
36279,36109,15
36280,36110,11
36281,36110,12
36282,36115,13
36283,36115,11
36284,36116,13
36285,36116,11
36286,36118,12
36287,36119,12
36288,36122,13
36289,36122,11
36290,36126,13
36291,36127,12
36292,36128,13
36293,36128,13
36294,36129,12
36295,36129,13
36296,36130,11
36297,36131,15
36298,36132,11
36299,36132,12
36300,36133,14
36301,36133,11
36302,36137,14
36303,36137,12
36304,36138,13
36305,36139,13
36306,36140,11
36307,36141,11
36308,36141,15
36309,36142,14
36310,36144,11
36311,36144,15
36312,36145,11
36313,36145,14
36314,36147,12
36315,36148,15
36316,36148,14
36317,36149,15
36318,36149,11
36319,36150,11
36320,36150,15
36321,36151,13
36322,36152,15
36323,36152,13
36324,36153,14
36325,36153,12
36326,36154,14
36327,36155,15
36328,36155,14
36329,36156,13
36330,36156,11
36331,36157,15
36332,36157,14
36333,36158,11
36334,36161,12
36335,36161,15
36336,36162,12
36337,36162,13
36338,36163,13
36339,36163,12
36340,36167,12
36341,36167,14
36342,36168,11
36343,36169,11
36344,36169,11
36345,36171,13
36346,36172,12
36347,36173,13
36348,36173,12
36349,36175,12
36350,36176,13
36351,36177,12
36352,36177,12
36353,36181,13
36354,36182,12
36355,36182,13
36356,36184,15
36357,36184,11
36358,36185,11
36359,36187,13
36360,36188,12
36361,36188,11
36362,36189,12
36363,36191,12
36364,36191,15
36365,36192,14
36366,36194,14
36367,36194,11
36368,36195,13
36369,36195,11
36370,36197,13
36371,36197,15
36372,36198,11
36373,36198,15
36374,36199,11
36375,36200,14
36376,36201,14
36377,36201,13
36378,36202,14
36379,36203,15
36380,36203,14
36381,36204,14
36382,36206,12
36383,36207,14
36384,36208,11
36385,36208,11
36386,36211,13
36387,36211,14
36388,36212,11
36389,36212,11
36390,36213,13
36391,36213,13
36392,36215,15
36393,36215,15
36394,36216,15
36395,36216,14
36396,36217,14
36397,36217,13
36398,36218,15
36399,36218,11
36400,36222,13
36401,36223,15
36402,36224,11
36403,36224,15
36404,36225,14
36405,36225,14
36406,36226,14
36407,36226,15
36408,36227,13
36409,36227,11
36410,36228,14
36411,36228,11
36412,36229,15
36413,36230,13
36414,36233,13
36415,36234,11
36416,36235,12
36417,36235,14
36418,36237,15
36419,36239,13
36420,36240,13
36421,36240,11
36422,36241,11
36423,36241,14
36424,36243,11
36425,36244,14
36426,36245,14
36427,36246,14
36428,36246,11
36429,36247,15
36430,36247,15
36431,36248,13
36432,36250,11
36433,36250,11
36434,36251,15
36435,36253,12
36436,36254,13
36437,36256,12
36438,36256,12
36439,36257,13
36440,36258,12
36441,36259,12
36442,36260,12
36443,36260,12
36444,36263,14
36445,36263,15
36446,36264,11
36447,36265,12
36448,36266,14
36449,36271,14
36450,36272,11
36451,36273,14
36452,36273,13
36453,36278,14
36454,36278,11
36455,36281,14
36456,36281,15
36457,36282,13
36458,36282,13
36459,36283,12
36460,36283,12
36461,36284,13
36462,36284,14
36463,36286,13
36464,36287,13
36465,36287,15
36466,36288,12
36467,36288,14
36468,36289,13
36469,36289,13
36470,36290,15
36471,36290,13
36472,36291,15
36473,36291,15
36474,36292,11
36475,36294,11
36476,36294,11
36477,36295,13
36478,36295,12
36479,36297,11
36480,36298,15
36481,36300,12
36482,36300,13
36483,36302,14
36484,36303,15
36485,36303,11
36486,36306,13
36487,36306,14
36488,36307,12
36489,36308,11
36490,36308,11
36491,36309,11
36492,36309,12
36493,36311,15
36494,36311,11
36495,36312,13
36496,36315,15
36497,36315,11
36498,36317,15
36499,36319,11
36500,36321,15
36501,36324,14
36502,36326,13
36503,36327,11
36504,36329,11
36505,36329,15
36506,36331,12
36507,36331,15
36508,36334,15
36509,36335,12
36510,36335,14
36511,36336,12
36512,36337,14
36513,36339,11
36514,36339,13
36515,36340,12
36516,36340,14
36517,36341,11
36518,36342,12
36519,36344,15
36520,36345,13
36521,36345,14
36522,36346,12
36523,36346,11
36524,36347,12
36525,36349,14
36526,36352,15
36527,36354,15
36528,36355,14
36529,36356,11
36530,36356,11
36531,36357,12
36532,36357,12
36533,36359,12
36534,36359,11
36535,36360,14
36536,36360,14
36537,36362,11
36538,36362,11
36539,36363,11
36540,36364,14
36541,36364,15
36542,36368,12
36543,36370,12
36544,36370,13
36545,36373,14
36546,36374,14
36547,36375,11
36548,36375,11
36549,36376,15
36550,36377,13
36551,36377,11
36552,36378,12
36553,36381,15
36554,36381,14
36555,36382,13
36556,36382,11
36557,36384,15
36558,36384,14
36559,36385,12
36560,36385,13
36561,36386,15
36562,36390,14
36563,36391,14
36564,36391,15
36565,36393,14
36566,36393,11
36567,36394,12
36568,36395,13
36569,36396,12
36570,36396,15
36571,36397,15
36572,36397,15
36573,36398,12
36574,36398,13
36575,36399,13
36576,36401,15
36577,36402,15
36578,36404,14
36579,36405,15
36580,36406,12
36581,36407,11
36582,36407,15
36583,36409,11
36584,36410,14
36585,36410,13
36586,36411,13
36587,36411,11
36588,36413,14
36589,36413,11
36590,36414,14
36591,36416,13
36592,36416,15
36593,36418,13
36594,36418,15
36595,36420,13
36596,36421,11
36597,36422,15
36598,36422,11
36599,36423,13
36600,36423,14
36601,36424,12
36602,36425,15
36603,36425,12
36604,36426,13
36605,36427,11
36606,36427,13
36607,36428,14
36608,36431,14
36609,36433,11
36610,36434,11
36611,36436,11
36612,36437,11
36613,36437,14
36614,36438,15
36615,36438,15
36616,36439,13
36617,36440,12
36618,36440,14
36619,36441,15
36620,36441,12
36621,36443,13
36622,36443,12
36623,36444,14
36624,36444,14
36625,36445,13
36626,36445,12
36627,36446,12
36628,36447,12
36629,36447,12
36630,36448,12
36631,36448,15
36632,36449,11
36633,36450,14
36634,36455,11
36635,36456,12
36636,36458,15
36637,36458,12
36638,36459,13
36639,36459,12
36640,36460,11
36641,36461,15
36642,36461,12
36643,36462,11
36644,36463,12
36645,36464,13
36646,36464,11
36647,36465,14
36648,36467,11
36649,36474,13
36650,36474,15
36651,36477,15
36652,36478,15
36653,36482,15
36654,36483,13
36655,36484,12
36656,36486,13
36657,36486,13
36658,36487,14
36659,36487,11
36660,36488,15
36661,36490,14
36662,36490,14
36663,36491,11
36664,36491,15
36665,36492,11
36666,36493,11
36667,36493,14
36668,36495,15
36669,36495,11
36670,36496,15
36671,36497,12
36672,36497,15
36673,36499,13
36674,36499,11
36675,36500,13
36676,36501,11
36677,36501,15
36678,36502,14
36679,36502,15
36680,36503,12
36681,36504,14
36682,36504,15
36683,36507,12
36684,36507,12
36685,36508,15
36686,36508,14
36687,36509,15
36688,36509,12
36689,36510,14
36690,36510,15
36691,36511,14
36692,36512,13
36693,36512,13
36694,36514,11
36695,36515,14
36696,36516,13
36697,36516,11
36698,36517,14
36699,36517,13
36700,36519,12
36701,36521,13
36702,36522,15
36703,36522,11
36704,36523,12
36705,36524,13
36706,36525,14
36707,36525,12
36708,36527,15
36709,36528,13
36710,36529,11
36711,36531,13
36712,36531,13
36713,36532,12
36714,36532,13
36715,36534,11
36716,36535,13
36717,36536,11
36718,36539,14
36719,36540,15
36720,36540,13
36721,36541,14
36722,36542,13
36723,36543,14
36724,36544,14
36725,36544,15
36726,36545,11
36727,36545,14
36728,36546,14
36729,36546,12
36730,36547,13
36731,36548,13
36732,36548,14
36733,36550,13
36734,36550,12
36735,36551,11
36736,36553,11
36737,36554,15
36738,36560,13
36739,36562,14
36740,36563,11
36741,36564,13
36742,36565,14
36743,36565,11
36744,36566,12
36745,36567,14
36746,36567,15
36747,36568,14
36748,36570,12
36749,36570,11
36750,36571,11
36751,36571,12
36752,36573,11
36753,36573,15
36754,36574,13
36755,36575,14
36756,36576,13
36757,36577,13
36758,36578,15
36759,36579,12
36760,36582,11
36761,36582,15
36762,36583,11
36763,36585,12
36764,36585,14
36765,36587,15
36766,36587,13
36767,36588,11
36768,36588,15
36769,36589,14
36770,36589,15
36771,36590,11
36772,36591,14
36773,36592,15
36774,36594,12
36775,36595,11
36776,36595,15
36777,36596,11
36778,36597,11
36779,36597,11
36780,36598,13
36781,36598,14
36782,36599,14
36783,36601,14
36784,36601,15
36785,36602,14
36786,36602,11
36787,36603,13
36788,36603,13
36789,36606,14
36790,36606,11
36791,36607,14
36792,36607,13
36793,36612,12
36794,36613,14
36795,36613,14
36796,36615,15
36797,36616,12
36798,36617,14
36799,36617,13
36800,36618,14
36801,36618,15
36802,36619,11
36803,36619,14
36804,36622,14
36805,36625,12
36806,36625,11
36807,36627,14
36808,36628,12
36809,36628,11
36810,36631,14
36811,36636,15
36812,36636,12
36813,36638,12
36814,36640,11
36815,36640,15
36816,36641,13
36817,36642,13
36818,36642,14
36819,36643,12
36820,36643,13
36821,36644,12
36822,36644,11
36823,36645,11
36824,36645,14
36825,36646,14
36826,36647,13
36827,36647,14
36828,36648,15
36829,36650,13
36830,36650,14
36831,36651,14
36832,36652,13
36833,36652,13
36834,36653,12
36835,36653,13
36836,36654,12
36837,36655,15
36838,36656,12
36839,36656,13
36840,36657,14
36841,36658,13
36842,36660,13
36843,36662,12
36844,36662,12
36845,36663,11
36846,36664,12
36847,36664,11
36848,36666,13
36849,36666,12
36850,36668,14
36851,36668,15
36852,36669,14
36853,36669,12
36854,36670,11
36855,36670,12
36856,36671,15
36857,36671,13
36858,36672,15
36859,36673,13
36860,36675,15
36861,36677,12
36862,36677,15
36863,36680,11
36864,36680,15
36865,36681,15
36866,36683,11
36867,36683,14
36868,36685,12
36869,36686,15
36870,36686,12
36871,36687,13
36872,36688,13
36873,36690,11
36874,36690,12
36875,36691,12
36876,36691,11
36877,36692,15
36878,36693,14
36879,36696,14
36880,36696,11
36881,36697,14
36882,36699,14
36883,36699,14
36884,36700,14
36885,36701,12
36886,36702,14
36887,36704,14
36888,36704,11
36889,36707,11
36890,36709,11
36891,36711,13
36892,36711,12
36893,36713,13
36894,36713,14
36895,36714,15
36896,36714,11
36897,36718,15
36898,36718,15
36899,36719,15
36900,36719,11
36901,36720,13
36902,36721,11
36903,36721,15
36904,36722,14
36905,36724,12
36906,36724,15
36907,36725,12
36908,36726,15
36909,36726,13
36910,36727,13
36911,36729,15
36912,36729,11
36913,36730,13
36914,36731,14
36915,36731,14
36916,36732,12
36917,36732,13
36918,36733,13
36919,36735,15
36920,36737,15
36921,36738,14
36922,36739,13
36923,36739,11
36924,36741,15
36925,36742,11
36926,36742,11
36927,36743,12
36928,36743,14
36929,36746,14
36930,36747,13
36931,36747,11
36932,36749,15
36933,36750,13
36934,36750,14
36935,36752,12
36936,36752,15
36937,36753,12
36938,36754,13
36939,36754,11
36940,36757,12
36941,36757,11
36942,36762,15
36943,36764,11
36944,36764,12
36945,36766,13
36946,36768,12
36947,36769,12
36948,36772,13
36949,36772,14
36950,36773,13
36951,36773,12
36952,36774,13
36953,36774,15
36954,36775,15
36955,36775,14
36956,36776,15
36957,36776,15
36958,36779,15
36959,36784,11
36960,36785,12
36961,36786,11
36962,36787,13
36963,36787,11
36964,36788,11
36965,36788,12
36966,36789,15
36967,36789,15
36968,36790,15
36969,36791,11
36970,36793,14
36971,36793,12
36972,36794,14
36973,36794,12
36974,36799,15
36975,36800,11
36976,36800,14
36977,36801,14
36978,36801,14
36979,36802,13
36980,36803,15
36981,36804,15
36982,36805,12
36983,36805,12
36984,36806,15
36985,36806,11
36986,36807,11
36987,36807,12
36988,36809,13
36989,36810,14
36990,36811,11
36991,36811,13
36992,36817,15
36993,36819,12
36994,36820,13
36995,36822,11
36996,36823,11
36997,36823,15
36998,36824,14
36999,36825,15
37000,36827,11
37001,36827,15
37002,36829,14
37003,36830,14
37004,36830,14
37005,36831,11
37006,36832,15
37007,36833,11
37008,36835,11
37009,36838,15
37010,36839,15
37011,36839,15
37012,36840,11
37013,36840,12
37014,36842,12
37015,36843,13
37016,36845,15
37017,36845,11
37018,36846,13
37019,36847,14
37020,36848,14
37021,36855,11
37022,36855,13
37023,36859,12
37024,36859,14
37025,36860,12
37026,36862,15
37027,36862,12
37028,36864,12
37029,36864,12
37030,36866,14
37031,36866,15
37032,36867,11
37033,36869,15
37034,36869,12
37035,36870,12
37036,36870,13
37037,36871,12
37038,36874,15
37039,36875,13
37040,36875,15
37041,36876,14
37042,36878,15
37043,36878,14
37044,36879,11
37045,36880,12
37046,36880,12
37047,36881,11
37048,36882,11
37049,36883,12
37050,36886,15
37051,36886,12
37052,36887,13
37053,36887,14
37054,36889,14
37055,36889,11
37056,36890,14
37057,36890,11
37058,36891,11
37059,36892,11
37060,36894,12
37061,36894,11
37062,36896,12
37063,36896,13
37064,36899,13
37065,36899,13
37066,36901,11
37067,36902,11
37068,36902,15
37069,36904,11
37070,36905,12
37071,36905,13
37072,36906,11
37073,36907,14
37074,36907,13
37075,36909,12
37076,36910,13
37077,36910,13
37078,36911,15
37079,36911,11
37080,36912,14
37081,36913,14
37082,36914,13
37083,36914,12
37084,36915,14
37085,36915,12
37086,36916,12
37087,36917,14
37088,36917,13
37089,36918,11
37090,36918,14
37091,36920,13
37092,36922,14
37093,36924,11
37094,36928,12
37095,36930,15
37096,36930,12
37097,36932,11
37098,36932,11
37099,36933,12
37100,36933,14
37101,36934,12
37102,36936,11
37103,36937,13
37104,36938,13
37105,36940,14
37106,36940,14
37107,36942,12
37108,36944,13
37109,36944,14
37110,36947,12
37111,36948,11
37112,36948,15
37113,36949,13
37114,36949,12
37115,36950,13
37116,36950,14
37117,36951,15
37118,36955,15
37119,36955,14
37120,36956,14
37121,36956,13
37122,36957,13
37123,36958,12
37124,36959,14
37125,36962,13
37126,36962,11
37127,36963,14
37128,36965,13
37129,36965,14
37130,36967,12
37131,36968,14
37132,36969,12
37133,36970,14
37134,36970,15
37135,36971,15
37136,36972,15
37137,36973,14
37138,36974,14
37139,36975,15
37140,36975,15
37141,36976,13
37142,36977,11
37143,36977,12
37144,36978,11
37145,36981,15
37146,36982,11
37147,36983,15
37148,36983,13
37149,36985,12
37150,36986,12
37151,36986,15
37152,36988,11
37153,36989,13
37154,36992,14
37155,36992,15
37156,36994,14
37157,36995,13
37158,36995,15
37159,36998,12
37160,36998,15
37161,36999,11
37162,37000,11
37163,37000,15
37164,37002,13
37165,37003,11
37166,37004,15
37167,37004,13
37168,37005,12
37169,37005,11
37170,37006,13
37171,37009,12
37172,37010,13
37173,37011,13
37174,37011,14
37175,37014,15
37176,37017,15
37177,37018,13
37178,37018,13
37179,37020,15
37180,37022,13
37181,37022,14
37182,37023,15
37183,37024,13
37184,37025,14
37185,37025,15
37186,37026,13
37187,37027,12
37188,37028,15
37189,37029,13
37190,37030,13
37191,37031,14
37192,37033,14
37193,37034,14
37194,37034,15
37195,37036,11
37196,37036,14
37197,37038,13
37198,37039,12
37199,37039,12
37200,37044,12
37201,37045,14
37202,37045,11
37203,37046,13
37204,37046,13
37205,37048,11
37206,37049,13
37207,37049,15
37208,37050,14
37209,37051,12
37210,37053,15
37211,37055,14
37212,37055,11
37213,37057,15
37214,37057,12
37215,37059,12
37216,37060,11
37217,37060,15
37218,37062,15
37219,37062,11
37220,37063,15
37221,37065,13
37222,37067,13
37223,37069,15
37224,37069,14
37225,37070,15
37226,37073,14
37227,37073,14
37228,37074,12
37229,37074,13
37230,37075,13
37231,37076,12
37232,37077,13
37233,37079,15
37234,37080,11
37235,37081,14
37236,37083,11
37237,37083,13
37238,37084,15
37239,37084,14
37240,37085,12
37241,37086,14
37242,37087,14
37243,37088,15
37244,37088,13
37245,37092,14
37246,37095,14
37247,37097,12
37248,37097,14
37249,37098,12
37250,37098,13
37251,37100,14
37252,37100,13
37253,37101,13
37254,37103,11
37255,37104,11
37256,37105,15
37257,37105,14
37258,37107,14
37259,37107,12
37260,37108,11
37261,37108,11
37262,37109,11
37263,37109,15
37264,37112,14
37265,37112,15
37266,37114,11
37267,37115,15
37268,37118,15
37269,37118,11
37270,37119,11
37271,37119,11
37272,37121,12
37273,37122,13
37274,37122,11
37275,37123,12
37276,37125,13
37277,37126,14
37278,37126,14
37279,37127,15
37280,37132,15
37281,37132,15
37282,37134,11
37283,37135,14
37284,37135,12
37285,37136,11
37286,37138,12
37287,37138,15
37288,37139,14
37289,37139,15
37290,37141,12
37291,37142,11
37292,37143,14
37293,37146,12
37294,37146,14
37295,37147,14
37296,37148,13
37297,37149,14
37298,37149,13
37299,37151,14
37300,37151,11
37301,37152,15
37302,37152,12
37303,37156,13
37304,37156,13
37305,37157,15
37306,37158,15
37307,37158,15
37308,37160,15
37309,37160,15
37310,37161,14
37311,37162,13
37312,37162,13
37313,37163,13
37314,37163,12
37315,37164,11
37316,37164,14
37317,37165,14
37318,37165,15
37319,37167,12
37320,37167,13
37321,37168,13
37322,37169,15
37323,37170,15
37324,37171,12
37325,37171,14
37326,37173,11
37327,37173,11
37328,37174,15
37329,37174,12
37330,37177,11
37331,37177,12
37332,37179,15
37333,37179,12
37334,37180,14
37335,37182,12
37336,37186,12
37337,37186,13
37338,37187,11
37339,37187,11
37340,37188,12
37341,37190,14
37342,37190,13
37343,37191,13
37344,37191,15
37345,37194,14
37346,37195,11
37347,37196,14
37348,37198,13
37349,37199,11
37350,37199,15
37351,37200,12
37352,37200,13
37353,37202,12
37354,37203,15
37355,37203,13
37356,37204,13
37357,37205,13
37358,37207,11
37359,37207,15
37360,37210,12
37361,37210,12
37362,37211,15
37363,37212,11
37364,37212,15
37365,37213,12
37366,37213,14
37367,37214,13
37368,37214,11
37369,37216,15
37370,37216,12
37371,37217,15
37372,37218,11
37373,37218,12
37374,37219,12
37375,37220,14
37376,37220,14
37377,37222,11
37378,37222,14
37379,37223,11
37380,37223,12
37381,37224,11
37382,37226,14
37383,37226,13
37384,37227,11
37385,37228,14
37386,37228,15
37387,37230,13
37388,37231,14
37389,37232,15
37390,37233,12
37391,37234,14
37392,37235,12
37393,37235,13
37394,37236,14
37395,37238,11
37396,37238,13
37397,37240,13
37398,37240,15
37399,37242,15
37400,37243,12
37401,37243,11
37402,37246,13
37403,37246,14
37404,37247,11
37405,37247,14
37406,37248,11
37407,37248,12
37408,37249,12
37409,37249,14
37410,37250,12
37411,37250,14
37412,37251,14
37413,37251,15
37414,37254,12
37415,37256,15
37416,37258,15
37417,37258,11
37418,37259,12
37419,37259,15
37420,37261,14
37421,37263,14
37422,37263,12
37423,37264,14
37424,37264,11
37425,37265,12
37426,37266,13
37427,37266,14
37428,37268,13
37429,37268,12
37430,37269,11
37431,37271,13
37432,37271,12
37433,37272,13
37434,37272,13
37435,37273,11
37436,37274,11
37437,37274,13
37438,37275,15
37439,37278,15
37440,37278,15
37441,37279,14
37442,37279,15
37443,37280,12
37444,37282,13
37445,37283,11
37446,37283,12
37447,37284,12
37448,37285,11
37449,37286,13
37450,37286,15
37451,37287,15
37452,37288,14
37453,37288,13
37454,37290,15
37455,37291,13
37456,37291,14
37457,37292,11
37458,37292,14
37459,37293,13
37460,37293,12
37461,37294,13
37462,37296,15
37463,37296,11
37464,37297,15
37465,37299,13
37466,37299,12
37467,37300,15
37468,37301,12
37469,37304,15
37470,37307,15
37471,37308,13
37472,37308,14
37473,37311,14
37474,37313,11
37475,37313,13
37476,37314,14
37477,37314,12
37478,37315,12
37479,37315,13
37480,37318,11
37481,37318,15
37482,37319,11
37483,37319,11
37484,37320,13
37485,37320,13
37486,37321,14
37487,37322,11
37488,37322,14
37489,37324,11
37490,37324,12
37491,37325,14
37492,37326,14
37493,37326,14
37494,37327,14
37495,37327,13
37496,37328,11
37497,37328,15
37498,37329,11
37499,37329,11
37500,37332,15
37501,37332,15
37502,37333,15
37503,37333,15
37504,37334,13
37505,37334,14
37506,37335,12
37507,37335,13
37508,37336,12
37509,37337,11
37510,37338,11
37511,37338,13
37512,37339,15
37513,37341,14
37514,37343,15
37515,37345,11
37516,37345,15
37517,37348,13
37518,37350,12
37519,37350,13
37520,37351,14
37521,37352,15
37522,37353,13
37523,37353,15
37524,37355,11
37525,37357,14
37526,37357,14
37527,37358,15
37528,37360,14
37529,37360,15
37530,37361,13
37531,37363,11
37532,37363,14
37533,37365,12
37534,37366,13
37535,37366,11
37536,37368,14
37537,37369,13
37538,37369,13
37539,37371,15
37540,37373,13
37541,37374,14
37542,37375,12
37543,37376,15
37544,37376,11
37545,37377,14
37546,37377,15
37547,37378,14
37548,37379,13
37549,37382,11
37550,37383,12
37551,37383,13
37552,37384,15
37553,37385,15
37554,37386,15
37555,37386,13
37556,37387,11
37557,37387,14
37558,37388,11
37559,37388,11
37560,37390,12
37561,37391,15
37562,37392,11
37563,37394,15
37564,37395,13
37565,37397,13
37566,37397,15
37567,37398,13
37568,37398,13
37569,37401,14
37570,37401,15
37571,37402,12
37572,37402,12
37573,37404,14
37574,37404,11
37575,37405,14
37576,37407,13
37577,37408,14
37578,37408,13
37579,37410,12
37580,37410,11
37581,37411,12
37582,37415,15
37583,37416,12
37584,37416,15
37585,37418,13
37586,37418,15
37587,37419,11
37588,37421,11
37589,37421,14
37590,37422,11
37591,37423,15
37592,37424,12
37593,37425,13
37594,37432,14
37595,37433,15
37596,37433,11
37597,37434,12
37598,37434,15
37599,37435,15
37600,37437,14
37601,37438,12
37602,37438,14
37603,37440,12
37604,37442,11
37605,37443,13
37606,37443,13
37607,37444,13
37608,37445,15
37609,37446,12
37610,37447,15
37611,37447,11
37612,37448,13
37613,37448,12
37614,37450,12
37615,37450,15
37616,37451,14
37617,37452,12
37618,37452,11
37619,37453,11
37620,37454,13
37621,37454,14
37622,37455,12
37623,37455,15
37624,37456,11
37625,37457,12
37626,37457,13
37627,37458,12
37628,37460,11
37629,37461,15
37630,37461,15
37631,37463,11
37632,37463,12
37633,37464,11
37634,37464,15
37635,37465,13
37636,37465,13
37637,37466,15
37638,37466,15
37639,37467,12
37640,37467,13
37641,37470,12
37642,37472,13
37643,37473,14
37644,37474,14
37645,37477,11
37646,37478,13
37647,37478,15
37648,37480,12
37649,37481,15
37650,37481,14
37651,37483,14
37652,37486,13
37653,37487,13
37654,37487,14
37655,37488,14
37656,37488,12
37657,37489,13
37658,37489,15
37659,37490,13
37660,37490,12
37661,37491,11
37662,37492,14
37663,37492,11
37664,37493,14
37665,37494,13
37666,37495,11
37667,37496,15
37668,37498,15
37669,37499,14
37670,37499,12
37671,37501,14
37672,37501,12
37673,37502,13
37674,37503,12
37675,37504,12
37676,37505,12
37677,37505,15
37678,37506,14
37679,37506,12
37680,37509,11
37681,37509,13
37682,37510,12
37683,37512,12
37684,37512,13
37685,37517,13
37686,37520,14
37687,37520,14
37688,37521,11
37689,37521,11
37690,37522,14
37691,37522,13
37692,37523,15
37693,37524,13
37694,37525,13
37695,37526,12
37696,37526,14
37697,37527,11
37698,37527,15
37699,37528,12
37700,37528,15
37701,37530,12
37702,37532,13
37703,37533,14
37704,37535,15
37705,37536,13
37706,37537,14
37707,37537,11
37708,37538,12
37709,37540,15
37710,37541,14
37711,37542,12
37712,37543,14
37713,37543,14
37714,37544,12
37715,37548,14
37716,37549,11
37717,37551,13
37718,37551,12
37719,37553,15
37720,37553,14
37721,37554,12
37722,37555,12
37723,37555,12
37724,37556,15
37725,37557,14
37726,37557,14
37727,37558,11
37728,37559,11
37729,37560,12
37730,37560,11
37731,37561,12
37732,37561,15
37733,37562,15
37734,37562,11
37735,37563,13
37736,37564,15
37737,37565,14
37738,37565,15
37739,37567,14
37740,37567,15
37741,37568,15
37742,37570,11
37743,37570,11
37744,37573,12
37745,37573,13
37746,37574,14
37747,37574,15
37748,37575,12
37749,37575,11
37750,37576,13
37751,37576,11
37752,37577,14
37753,37577,14
37754,37578,12
37755,37578,11
37756,37580,13
37757,37580,15
37758,37581,15
37759,37581,12
37760,37582,11
37761,37582,13
37762,37583,15
37763,37583,14
37764,37584,13
37765,37584,13
37766,37586,12
37767,37586,11
37768,37588,13
37769,37588,13
37770,37589,11
37771,37589,13
37772,37590,12
37773,37591,14
37774,37595,13
37775,37596,14
37776,37596,12
37777,37599,12
37778,37600,15
37779,37600,15
37780,37601,15
37781,37601,11
37782,37603,11
37783,37603,12
37784,37604,12
37785,37605,14
37786,37606,14
37787,37608,12
37788,37608,12
37789,37609,13
37790,37610,13
37791,37610,13
37792,37611,13
37793,37611,13
37794,37612,14
37795,37614,15
37796,37614,11
37797,37615,11
37798,37616,12
37799,37617,11
37800,37618,14
37801,37620,14
37802,37621,11
37803,37621,11
37804,37622,15
37805,37622,14
37806,37623,13
37807,37623,14
37808,37624,15
37809,37624,12
37810,37625,14
37811,37626,12
37812,37626,14
37813,37628,15
37814,37628,15
37815,37630,12
37816,37630,15
37817,37632,15
37818,37632,13
37819,37635,11
37820,37636,11
37821,37636,14
37822,37637,12
37823,37638,13
37824,37638,14
37825,37639,12
37826,37642,11
37827,37642,12
37828,37643,12
37829,37643,14
37830,37645,11
37831,37649,13
37832,37652,12
37833,37658,12
37834,37661,15
37835,37662,11
37836,37662,13
37837,37663,11
37838,37663,14
37839,37664,11
37840,37665,12
37841,37665,14
37842,37666,12
37843,37669,13
37844,37670,12
37845,37671,15
37846,37671,13
37847,37672,11
37848,37672,11
37849,37674,14
37850,37677,14
37851,37679,15
37852,37679,12
37853,37680,12
37854,37680,12
37855,37681,12
37856,37681,12
37857,37684,15
37858,37684,14
37859,37685,14
37860,37687,14
37861,37688,14
37862,37688,14
37863,37690,11
37864,37691,11
37865,37691,11
37866,37692,11
37867,37693,13
37868,37694,14
37869,37698,15
37870,37700,15
37871,37701,11
37872,37701,14
37873,37702,15
37874,37702,13
37875,37703,12
37876,37705,13
37877,37705,13
37878,37706,14
37879,37707,11
37880,37707,14
37881,37708,14
37882,37710,12
37883,37710,15
37884,37712,14
37885,37713,14
37886,37715,11
37887,37717,14
37888,37718,13
37889,37718,14
37890,37719,14
37891,37721,13
37892,37722,14
37893,37723,11
37894,37723,14
37895,37724,12
37896,37726,13
37897,37727,14
37898,37728,14
37899,37729,13
37900,37733,12
37901,37733,12
37902,37734,12
37903,37735,15
37904,37735,13
37905,37739,13
37906,37740,15
37907,37740,13
37908,37741,13
37909,37742,11
37910,37742,11
37911,37743,13
37912,37745,15
37913,37745,11
37914,37747,14
37915,37747,12
37916,37748,14
37917,37748,12
37918,37749,15
37919,37749,15
37920,37750,13
37921,37754,14
37922,37755,11
37923,37755,12
37924,37756,11
37925,37756,13
37926,37757,11
37927,37757,14
37928,37760,12
37929,37762,15
37930,37762,13
37931,37763,14
37932,37765,11
37933,37766,11
37934,37767,14
37935,37767,12
37936,37768,11
37937,37768,14
37938,37769,15
37939,37769,14
37940,37770,14
37941,37770,15
37942,37772,15
37943,37772,14
37944,37773,15
37945,37774,14
37946,37774,14
37947,37776,12
37948,37776,15
37949,37782,15
37950,37783,13
37951,37784,12
37952,37786,15
37953,37787,11
37954,37789,11
37955,37789,13
37956,37791,13
37957,37791,14
37958,37793,13
37959,37794,11
37960,37794,12
37961,37796,11
37962,37796,13
37963,37798,14
37964,37798,12
37965,37799,12
37966,37801,11
37967,37801,14
37968,37802,14
37969,37802,14
37970,37803,14
37971,37803,14
37972,37804,14
37973,37805,14
37974,37805,13
37975,37806,14
37976,37807,15
37977,37807,13
37978,37812,12
37979,37812,12
37980,37814,12
37981,37814,15
37982,37815,11
37983,37816,13
37984,37819,15
37985,37819,11
37986,37821,15
37987,37823,14
37988,37823,11
37989,37824,12
37990,37826,13
37991,37829,11
37992,37830,11
37993,37830,11
37994,37831,13
37995,37831,14
37996,37832,12
37997,37833,12
37998,37834,12
37999,37834,14
38000,37835,11
38001,37835,11
38002,37837,14
38003,37838,11
38004,37840,15
38005,37843,13
38006,37843,12
38007,37844,15
38008,37845,13
38009,37847,15
38010,37849,14
38011,37849,14
38012,37850,14
38013,37851,13
38014,37852,15
38015,37853,12
38016,37853,11
38017,37854,11
38018,37855,13
38019,37857,13
38020,37857,14
38021,37858,13
38022,37858,14
38023,37859,15
38024,37860,14
38025,37860,13
38026,37863,14
38027,37863,14
38028,37866,13
38029,37866,12
38030,37867,12
38031,37867,15
38032,37868,14
38033,37868,13
38034,37869,11
38035,37869,14
38036,37870,13
38037,37870,13
38038,37871,13
38039,37872,14
38040,37872,13
38041,37873,12
38042,37873,13
38043,37874,13
38044,37875,13
38045,37875,14
38046,37877,13
38047,37877,15
38048,37879,14
38049,37880,15
38050,37881,12
38051,37881,14
38052,37882,15
38053,37882,11
38054,37883,12
38055,37883,11
38056,37884,13
38057,37886,11
38058,37886,15
38059,37887,15
38060,37887,14
38061,37888,13
38062,37890,12
38063,37891,15
38064,37892,11
38065,37892,14
38066,37895,14
38067,37895,13
38068,37896,14
38069,37896,15
38070,37897,13
38071,37897,14
38072,37898,12
38073,37898,13
38074,37900,15
38075,37900,12
38076,37901,14
38077,37902,15
38078,37906,14
38079,37907,12
38080,37908,14
38081,37908,12
38082,37909,13
38083,37909,11
38084,37913,12
38085,37913,14
38086,37914,11
38087,37914,12
38088,37915,15
38089,37917,12
38090,37918,11
38091,37921,14
38092,37921,13
38093,37922,12
38094,37924,14
38095,37924,11
38096,37925,15
38097,37926,14
38098,37927,12
38099,37927,15
38100,37928,13
38101,37928,13
38102,37929,15
38103,37932,13
38104,37932,13
38105,37934,15
38106,37934,15
38107,37935,13
38108,37937,15
38109,37938,12
38110,37938,13
38111,37939,14
38112,37939,11
38113,37940,12
38114,37940,14
38115,37943,15
38116,37943,14
38117,37944,13
38118,37944,15
38119,37947,15
38120,37949,13
38121,37949,12
38122,37952,12
38123,37954,11
38124,37954,12
38125,37956,13
38126,37956,13
38127,37957,15
38128,37959,14
38129,37960,14
38130,37960,14
38131,37961,13
38132,37961,14
38133,37962,12
38134,37963,14
38135,37963,11
38136,37964,15
38137,37965,13
38138,37967,12
38139,37968,14
38140,37968,15
38141,37969,11
38142,37969,14
38143,37970,12
38144,37970,12
38145,37972,14
38146,37972,12
38147,37973,15
38148,37973,15
38149,37975,15
38150,37975,14
38151,37977,14
38152,37977,12
38153,37978,14
38154,37980,14
38155,37981,15
38156,37981,11
38157,37983,12
38158,37984,12
38159,37984,15
38160,37985,14
38161,37987,13
38162,37990,13
38163,37990,12
38164,37991,15
38165,37991,13
38166,37992,14
38167,37992,12
38168,37996,11
38169,37996,14
38170,37998,15
38171,37999,14
38172,37999,13
38173,38000,15
38174,38000,14
38175,38001,13
38176,38003,14
38177,38005,12
38178,38007,12
38179,38014,13
38180,38014,11
38181,38015,14
38182,38018,14
38183,38019,15
38184,38019,11
38185,38021,12
38186,38022,14
38187,38023,13
38188,38023,13
38189,38024,14
38190,38024,14
38191,38025,14
38192,38025,14
38193,38026,15
38194,38026,12
38195,38027,15
38196,38027,15
38197,38028,13
38198,38028,12
38199,38029,14
38200,38029,11
38201,38030,13
38202,38030,14
38203,38031,14
38204,38032,13
38205,38032,14
38206,38033,14
38207,38034,12
38208,38034,13
38209,38035,12
38210,38036,15
38211,38036,11
38212,38037,11
38213,38038,11
38214,38038,11
38215,38039,11
38216,38040,11
38217,38042,14
38218,38043,12
38219,38044,11
38220,38044,14
38221,38046,15
38222,38046,14
38223,38048,14
38224,38048,11
38225,38049,15
38226,38050,11
38227,38052,15
38228,38053,13
38229,38054,11
38230,38054,14
38231,38055,11
38232,38056,12
38233,38057,11
38234,38058,15
38235,38059,12
38236,38060,12
38237,38061,11
38238,38063,14
38239,38063,13
38240,38064,13
38241,38064,14
38242,38065,13
38243,38067,13
38244,38067,14
38245,38068,15
38246,38068,12
38247,38069,11
38248,38069,11
38249,38070,13
38250,38071,12
38251,38072,12
38252,38073,15
38253,38073,13
38254,38074,15
38255,38074,11
38256,38075,15
38257,38076,12
38258,38078,11
38259,38079,15
38260,38080,15
38261,38080,11
38262,38081,14
38263,38081,14
38264,38082,14
38265,38082,13
38266,38083,14
38267,38083,11
38268,38084,11
38269,38084,13
38270,38085,12
38271,38086,15
38272,38086,13
38273,38087,11
38274,38087,13
38275,38089,11
38276,38089,13
38277,38090,12
38278,38091,14
38279,38091,13
38280,38093,12
38281,38093,12
38282,38094,12
38283,38094,12
38284,38097,14
38285,38099,12
38286,38100,12
38287,38101,11
38288,38101,13
38289,38103,13
38290,38105,15
38291,38105,14
38292,38106,15
38293,38107,11
38294,38108,15
38295,38109,11
38296,38109,11
38297,38111,13
38298,38111,11
38299,38112,14
38300,38116,14
38301,38116,13
38302,38118,13
38303,38119,15
38304,38119,12
38305,38121,15
38306,38121,15
38307,38123,14
38308,38124,11
38309,38125,11
38310,38125,12
38311,38126,15
38312,38127,14
38313,38128,14
38314,38128,13
38315,38129,13
38316,38131,13
38317,38132,12
38318,38132,13
38319,38133,14
38320,38133,15
38321,38135,13
38322,38136,12
38323,38137,14
38324,38138,14
38325,38140,11
38326,38141,15
38327,38142,14
38328,38142,12
38329,38147,14
38330,38147,15
38331,38149,15
38332,38150,15
38333,38150,13
38334,38151,15
38335,38151,14
38336,38152,11
38337,38152,15
38338,38154,14
38339,38155,13
38340,38155,14
38341,38156,15
38342,38156,12
38343,38158,13
38344,38160,14
38345,38160,15
38346,38163,14
38347,38163,13
38348,38165,14
38349,38165,14
38350,38167,14
38351,38170,11
38352,38171,11
38353,38172,15
38354,38174,12
38355,38174,11
38356,38175,15
38357,38175,12
38358,38177,13
38359,38177,13
38360,38178,14
38361,38179,11
38362,38180,14
38363,38182,14
38364,38183,12
38365,38183,14
38366,38185,15
38367,38185,12
38368,38186,12
38369,38186,12
38370,38187,15
38371,38189,15
38372,38189,11
38373,38193,13
38374,38194,14
38375,38194,15
38376,38195,15
38377,38196,15
38378,38197,15
38379,38197,11
38380,38199,14
38381,38200,13
38382,38200,12
38383,38201,13
38384,38205,14
38385,38206,13
38386,38206,11
38387,38207,13
38388,38208,13
38389,38209,14
38390,38209,14
38391,38210,14
38392,38210,14
38393,38212,12
38394,38212,11
38395,38213,12
38396,38214,14
38397,38218,11
38398,38219,12
38399,38219,11
38400,38220,14
38401,38222,12
38402,38222,15
38403,38224,12
38404,38225,15
38405,38226,12
38406,38226,15
38407,38227,14
38408,38228,11
38409,38230,11
38410,38230,13
38411,38231,11
38412,38231,15
38413,38232,15
38414,38234,13
38415,38236,11
38416,38236,15
38417,38237,14
38418,38239,11
38419,38239,13
38420,38240,15
38421,38241,12
38422,38242,11
38423,38242,13
38424,38243,15
38425,38244,13
38426,38244,11
38427,38246,11
38428,38247,12
38429,38249,14
38430,38250,12
38431,38250,12
38432,38252,11
38433,38253,13
38434,38253,15
38435,38254,13
38436,38254,11
38437,38255,13
38438,38256,12
38439,38257,12
38440,38257,14
38441,38258,11
38442,38259,14
38443,38259,15
38444,38261,11
38445,38262,11
38446,38264,15
38447,38267,12
38448,38267,14
38449,38268,12
38450,38269,11
38451,38274,11
38452,38274,14
38453,38275,15
38454,38276,11
38455,38278,14
38456,38279,14
38457,38281,14
38458,38281,15
38459,38283,14
38460,38283,14
38461,38285,12
38462,38285,12
38463,38287,13
38464,38288,14
38465,38289,12
38466,38290,11
38467,38291,12
38468,38292,14
38469,38293,14
38470,38293,13
38471,38295,12
38472,38295,14
38473,38296,12
38474,38296,15
38475,38297,12
38476,38300,11
38477,38301,11
38478,38303,15
38479,38304,15
38480,38304,12
38481,38307,11
38482,38311,15
38483,38311,14
38484,38313,15
38485,38315,14
38486,38315,13
38487,38317,11
38488,38317,11
38489,38319,14
38490,38321,15
38491,38321,11
38492,38324,11
38493,38324,12
38494,38326,12
38495,38326,15
38496,38327,13
38497,38327,13
38498,38329,14
38499,38330,14
38500,38331,15
38501,38332,11
38502,38334,13
38503,38335,12
38504,38337,15
38505,38338,14
38506,38339,13
38507,38339,14
38508,38340,12
38509,38340,15
38510,38341,15
38511,38341,15
38512,38342,13
38513,38343,15
38514,38343,14
38515,38344,15
38516,38345,12
38517,38346,14
38518,38347,15
38519,38347,14
38520,38349,13
38521,38349,11
38522,38352,11
38523,38352,14
38524,38353,15
38525,38353,11
38526,38355,12
38527,38357,14
38528,38357,11
38529,38358,14
38530,38358,13
38531,38359,14
38532,38359,11
38533,38360,13
38534,38360,13
38535,38361,15
38536,38361,12
38537,38362,15
38538,38363,12
38539,38364,12
38540,38364,12
38541,38365,14
38542,38365,12
38543,38367,11
38544,38367,15
38545,38368,15
38546,38369,14
38547,38370,11
38548,38372,11
38549,38372,13
38550,38373,15
38551,38375,14
38552,38375,12
38553,38379,12
38554,38380,14
38555,38383,14
38556,38384,15
38557,38384,15
38558,38385,13
38559,38386,14
38560,38387,11
38561,38387,15
38562,38388,12
38563,38389,11
38564,38389,14
38565,38390,14
38566,38391,13
38567,38392,11
38568,38393,14
38569,38393,12
38570,38394,11
38571,38394,14
38572,38395,11
38573,38395,14
38574,38396,14
38575,38397,13
38576,38399,13
38577,38400,11
38578,38400,14
38579,38401,11
38580,38403,11
38581,38404,15
38582,38404,13
38583,38405,13
38584,38405,12
38585,38406,13
38586,38406,14
38587,38407,14
38588,38408,11
38589,38411,15
38590,38413,14
38591,38414,15
38592,38415,12
38593,38415,14
38594,38416,12
38595,38416,13
38596,38418,13
38597,38419,15
38598,38420,11
38599,38420,12
38600,38421,14
38601,38421,13
38602,38424,12
38603,38424,13
38604,38425,12
38605,38425,14
38606,38426,13
38607,38426,15
38608,38429,14
38609,38432,12
38610,38432,13
38611,38433,14
38612,38434,13
38613,38435,11
38614,38436,15
38615,38436,11
38616,38437,14
38617,38443,12
38618,38446,13
38619,38446,13
38620,38447,14
38621,38447,12
38622,38448,13
38623,38448,14
38624,38451,12
38625,38451,15
38626,38452,15
38627,38453,11
38628,38454,11
38629,38454,11
38630,38455,13
38631,38455,12
38632,38457,12
38633,38457,12
38634,38462,15
38635,38465,14
38636,38465,14
38637,38466,12
38638,38469,14
38639,38469,15
38640,38471,14
38641,38472,11
38642,38473,11
38643,38474,13
38644,38476,13
38645,38477,15
38646,38478,13
38647,38481,14
38648,38481,14
38649,38483,14
38650,38487,15
38651,38488,12
38652,38489,11
38653,38489,13
38654,38493,12
38655,38493,11
38656,38494,13
38657,38496,15
38658,38496,13
38659,38497,14
38660,38498,15
38661,38500,14
38662,38500,13
38663,38503,12
38664,38505,14
38665,38507,13
38666,38508,14
38667,38508,12
38668,38510,14
38669,38511,14
38670,38512,12
38671,38520,15
38672,38520,12
38673,38521,14
38674,38521,11
38675,38522,13
38676,38522,15
38677,38523,14
38678,38523,11
38679,38524,14
38680,38524,13
38681,38525,12
38682,38525,12
38683,38526,12
38684,38527,15
38685,38528,13
38686,38529,11
38687,38530,11
38688,38532,15
38689,38532,11
38690,38534,13
38691,38534,12
38692,38535,14
38693,38535,15
38694,38536,13
38695,38536,11
38696,38537,15
38697,38537,13
38698,38538,15
38699,38539,15
38700,38543,12
38701,38544,13
38702,38545,13
38703,38545,12
38704,38548,12
38705,38549,14
38706,38551,13
38707,38551,14
38708,38552,11
38709,38552,14
38710,38554,13
38711,38555,13
38712,38555,14
38713,38556,13
38714,38558,13
38715,38558,11
38716,38559,14
38717,38561,14
38718,38563,14
38719,38564,12
38720,38564,12
38721,38566,13
38722,38567,15
38723,38567,11
38724,38568,15
38725,38569,12
38726,38570,15
38727,38572,13
38728,38576,11
38729,38578,11
38730,38578,11
38731,38579,11
38732,38579,13
38733,38580,14
38734,38581,14
38735,38581,11
38736,38582,11
38737,38583,15
38738,38583,13
38739,38584,14
38740,38585,12
38741,38585,13
38742,38587,12
38743,38587,12
38744,38590,13
38745,38590,14
38746,38592,14
38747,38592,13
38748,38593,14
38749,38593,13
38750,38594,14
38751,38596,14
38752,38596,13
38753,38598,12
38754,38600,13
38755,38600,14
38756,38601,13
38757,38601,11
38758,38602,12
38759,38602,14
38760,38603,15
38761,38604,11
38762,38604,15
38763,38605,15
38764,38606,11
38765,38606,13
38766,38608,12
38767,38608,13
38768,38609,15
38769,38609,15
38770,38610,12
38771,38611,13
38772,38612,11
38773,38612,14
38774,38613,11
38775,38613,13
38776,38614,14
38777,38617,13
38778,38617,15
38779,38619,15
38780,38620,13
38781,38620,12
38782,38624,12
38783,38626,14
38784,38626,11
38785,38627,12
38786,38627,14
38787,38630,13
38788,38630,11
38789,38633,13
38790,38634,13
38791,38635,11
38792,38635,15
38793,38636,14
38794,38636,11
38795,38637,12
38796,38637,15
38797,38638,12
38798,38638,11
38799,38639,14
38800,38640,12
38801,38642,15
38802,38642,13
38803,38643,11
38804,38643,13
38805,38644,14
38806,38646,15
38807,38646,13
38808,38647,14
38809,38647,13
38810,38648,11
38811,38648,11
38812,38651,13
38813,38651,14
38814,38654,12
38815,38654,11
38816,38656,13
38817,38656,11
38818,38657,14
38819,38657,15
38820,38659,15
38821,38659,14
38822,38660,13
38823,38663,11
38824,38664,15
38825,38666,15
38826,38666,11
38827,38667,13
38828,38668,12
38829,38669,14
38830,38670,14
38831,38673,12
38832,38673,14
38833,38676,13
38834,38676,14
38835,38677,11
38836,38677,15
38837,38678,12
38838,38679,13
38839,38679,11
38840,38680,14
38841,38681,15
38842,38683,14
38843,38683,11
38844,38684,15
38845,38685,12
38846,38685,14
38847,38686,13
38848,38688,12
38849,38688,13
38850,38689,12
38851,38689,13
38852,38690,15
38853,38693,11
38854,38693,15
38855,38696,11
38856,38696,12
38857,38697,13
38858,38699,15
38859,38701,14
38860,38703,12
38861,38705,11
38862,38706,11
38863,38706,13
38864,38707,15
38865,38708,11
38866,38708,11
38867,38710,14
38868,38710,13
38869,38711,15
38870,38713,12
38871,38713,12
38872,38714,12
38873,38714,12
38874,38716,15
38875,38719,14
38876,38719,14
38877,38721,14
38878,38722,15
38879,38722,12
38880,38723,11
38881,38724,13
38882,38724,13
38883,38725,11
38884,38726,11
38885,38726,14
38886,38727,11
38887,38727,14
38888,38728,15
38889,38728,11
38890,38729,12
38891,38730,12
38892,38730,11
38893,38731,14
38894,38734,12
38895,38734,15
38896,38736,12
38897,38737,12
38898,38737,13
38899,38738,12
38900,38738,13
38901,38739,12
38902,38741,15
38903,38742,13
38904,38742,13
38905,38744,12
38906,38747,15
38907,38747,11
38908,38748,15
38909,38748,15
38910,38749,11
38911,38750,14
38912,38750,15
38913,38753,13
38914,38753,15
38915,38754,12
38916,38755,14
38917,38755,13
38918,38756,15
38919,38757,12
38920,38757,14
38921,38758,13
38922,38759,12
38923,38760,13
38924,38762,14
38925,38762,15
38926,38763,11
38927,38764,14
38928,38764,15
38929,38765,12
38930,38766,15
38931,38767,12
38932,38768,13
38933,38769,11
38934,38769,11
38935,38770,11
38936,38771,14
38937,38771,12
38938,38773,12
38939,38773,13
38940,38774,14
38941,38774,13
38942,38775,12
38943,38775,13
38944,38776,11
38945,38776,11
38946,38779,12
38947,38779,13
38948,38780,14
38949,38784,12
38950,38785,15
38951,38786,14
38952,38786,12
38953,38787,11
38954,38788,15
38955,38790,14
38956,38792,14
38957,38792,15
38958,38793,15
38959,38793,15
38960,38796,13
38961,38796,15
38962,38797,14
38963,38797,13
38964,38798,13
38965,38798,11
38966,38799,14
38967,38799,12
38968,38802,13
38969,38806,14
38970,38806,14
38971,38810,13
38972,38810,12
38973,38811,13
38974,38811,13
38975,38812,13
38976,38813,13
38977,38813,12
38978,38814,13
38979,38815,12
38980,38819,15
38981,38820,15
38982,38820,13
38983,38821,12
38984,38821,13
38985,38822,14
38986,38823,11
38987,38824,12
38988,38824,12
38989,38825,14
38990,38825,12
38991,38826,14
38992,38831,15
38993,38831,14
38994,38835,14
38995,38837,12
38996,38838,14
38997,38838,14
38998,38839,14
38999,38840,14
39000,38840,11
39001,38841,12
39002,38841,13
39003,38843,13
39004,38843,11
39005,38845,12
39006,38845,12
39007,38846,12
39008,38846,13
39009,38847,11
39010,38847,13
39011,38848,11
39012,38848,14
39013,38849,15
39014,38850,12
39015,38851,12
39016,38851,15
39017,38852,13
39018,38854,15
39019,38855,13
39020,38856,13
39021,38858,14
39022,38858,12
39023,38859,13
39024,38861,12
39025,38861,11
39026,38863,11
39027,38864,12
39028,38865,14
39029,38865,11
39030,38866,11
39031,38868,14
39032,38870,11
39033,38870,13
39034,38871,11
39035,38873,14
39036,38873,12
39037,38874,12
39038,38874,15
39039,38875,14
39040,38875,11
39041,38876,12
39042,38876,11
39043,38878,12
39044,38878,12
39045,38881,11
39046,38881,14
39047,38883,12
39048,38884,14
39049,38884,11
39050,38885,13
39051,38885,14
39052,38886,11
39053,38886,11
39054,38887,15
39055,38889,15
39056,38889,13
39057,38890,14
39058,38890,14
39059,38891,12
39060,38893,14
39061,38893,12
39062,38896,15
39063,38897,14
39064,38897,13
39065,38900,15
39066,38900,14
39067,38901,14
39068,38901,14
39069,38902,13
39070,38902,15
39071,38903,11
39072,38903,12
39073,38904,14
39074,38904,13
39075,38905,14
39076,38905,11
39077,38906,11
39078,38907,15
39079,38907,15
39080,38910,12
39081,38912,12
39082,38912,11
39083,38913,13
39084,38913,12
39085,38914,14
39086,38914,11
39087,38915,14
39088,38916,13
39089,38917,14
39090,38917,13
39091,38918,14
39092,38918,14
39093,38919,14
39094,38920,14
39095,38921,15
39096,38921,14
39097,38922,14
39098,38923,12
39099,38924,11
39100,38925,15
39101,38925,14
39102,38927,14
39103,38928,11
39104,38928,14
39105,38931,13
39106,38931,14
39107,38933,13
39108,38936,12
39109,38937,14
39110,38937,12
39111,38939,14
39112,38940,13
39113,38946,14
39114,38946,12
39115,38947,15
39116,38947,12
39117,38949,13
39118,38951,12
39119,38952,12
39120,38957,13
39121,38958,12
39122,38959,13
39123,38959,11
39124,38960,12
39125,38960,13
39126,38961,15
39127,38961,15
39128,38963,11
39129,38964,13
39130,38964,15
39131,38965,15
39132,38967,11
39133,38967,13
39134,38968,11
39135,38968,14
39136,38969,13
39137,38969,14
39138,38970,13
39139,38971,13
39140,38971,14
39141,38972,14
39142,38973,12
39143,38975,13
39144,38976,15
39145,38976,11
39146,38977,15
39147,38978,13
39148,38980,13
39149,38982,15
39150,38983,13
39151,38983,12
39152,38984,11
39153,38985,15
39154,38988,13
39155,38989,14
39156,38991,12
39157,38991,13
39158,38992,11
39159,38992,14
39160,38993,11
39161,38993,11
39162,38996,15
39163,38996,12
39164,38997,11
39165,38998,15
39166,38998,11
39167,38999,15
39168,39000,13
39169,39001,14
39170,39001,11
39171,39002,13
39172,39002,14
39173,39005,15
39174,39006,15
39175,39007,13
39176,39008,12
39177,39008,12
39178,39009,11
39179,39009,14
39180,39010,14
39181,39011,13
39182,39013,13
39183,39013,11
39184,39014,12
39185,39016,15
39186,39017,15
39187,39017,13
39188,39019,11
39189,39020,13
39190,39023,13
39191,39024,14
39192,39025,12
39193,39025,15
39194,39026,15
39195,39026,11
39196,39028,14
39197,39031,13
39198,39032,14
39199,39034,15
39200,39036,14
39201,39038,15
39202,39041,11
39203,39043,11
39204,39043,11
39205,39044,11
39206,39045,15
39207,39047,14
39208,39048,11
39209,39048,14
39210,39049,12
39211,39049,15
39212,39052,12
39213,39053,11
39214,39053,13
39215,39054,14
39216,39054,13
39217,39055,14
39218,39056,13
39219,39057,14
39220,39057,14
39221,39058,12
39222,39058,14
39223,39059,13
39224,39059,13
39225,39060,12
39226,39060,13
39227,39061,12
39228,39061,15
39229,39062,11
39230,39062,15
39231,39063,12
39232,39068,11
39233,39069,15
39234,39070,12
39235,39071,14
39236,39072,13
39237,39073,14
39238,39073,11
39239,39074,15
39240,39075,12
39241,39076,14
39242,39076,11
39243,39078,14
39244,39078,11
39245,39079,15
39246,39080,14
39247,39080,11
39248,39081,15
39249,39081,14
39250,39082,14
39251,39082,11
39252,39085,15
39253,39085,13
39254,39086,13
39255,39087,12
39256,39087,13
39257,39088,15
39258,39088,14
39259,39090,12
39260,39093,12
39261,39093,11
39262,39095,14
39263,39096,13
39264,39096,12
39265,39098,15
39266,39099,12
39267,39099,12
39268,39102,11
39269,39102,13
39270,39103,14
39271,39104,15
39272,39105,11
39273,39105,15
39274,39107,13
39275,39108,13
39276,39110,11
39277,39110,14
39278,39113,14
39279,39114,14
39280,39114,12
39281,39115,13
39282,39115,13
39283,39117,15
39284,39117,14
39285,39119,13
39286,39119,12
39287,39121,15
39288,39121,12
39289,39122,11
39290,39122,11
39291,39126,11
39292,39126,13
39293,39129,15
39294,39130,13
39295,39131,13
39296,39132,13
39297,39132,11
39298,39134,14
39299,39135,11
39300,39135,12
39301,39138,13
39302,39138,11
39303,39139,11
39304,39139,11
39305,39141,11
39306,39142,11
39307,39143,15
39308,39143,14
39309,39144,13
39310,39144,11
39311,39145,12
39312,39147,13
39313,39147,13
39314,39148,13
39315,39150,11
39316,39152,12
39317,39152,14
39318,39153,12
39319,39155,13
39320,39155,14
39321,39156,12
39322,39156,14
39323,39157,12
39324,39157,13
39325,39158,11
39326,39158,11
39327,39159,13
39328,39160,15
39329,39161,12
39330,39161,12
39331,39163,14
39332,39163,11
39333,39164,13
39334,39164,15
39335,39166,11
39336,39168,11
39337,39170,13
39338,39170,11
39339,39171,12
39340,39171,11
39341,39172,14
39342,39172,13
39343,39174,12
39344,39176,12
39345,39176,15
39346,39177,14
39347,39178,15
39348,39180,11
39349,39180,11
39350,39181,15
39351,39182,14
39352,39183,14
39353,39184,15
39354,39185,15
39355,39186,12
39356,39187,11
39357,39188,12
39358,39190,11
39359,39190,14
39360,39191,15
39361,39192,11
39362,39193,11
39363,39193,13
39364,39197,14
39365,39198,14
39366,39200,15
39367,39201,11
39368,39203,12
39369,39203,15
39370,39204,15
39371,39205,13
39372,39206,13
39373,39206,12
39374,39207,15
39375,39207,15
39376,39209,12
39377,39209,15
39378,39210,11
39379,39213,11
39380,39214,15
39381,39214,15
39382,39218,15
39383,39218,15
39384,39219,12
39385,39220,13
39386,39220,14
39387,39222,15
39388,39224,12
39389,39224,12
39390,39225,14
39391,39226,15
39392,39228,12
39393,39229,13
39394,39230,15
39395,39230,13
39396,39231,13
39397,39232,14
39398,39232,14
39399,39235,15
39400,39236,13
39401,39237,15
39402,39239,15
39403,39240,15
39404,39241,13
39405,39241,12
39406,39242,11
39407,39243,13
39408,39243,15
39409,39244,11
39410,39244,12
39411,39247,15
39412,39248,11
39413,39251,11
39414,39251,12
39415,39253,12
39416,39254,14
39417,39254,12
39418,39255,11
39419,39256,13
39420,39258,11
39421,39258,12
39422,39259,13
39423,39259,12
39424,39261,12
39425,39262,15
39426,39263,12
39427,39263,15
39428,39264,14
39429,39264,12
39430,39267,13
39431,39268,11
39432,39269,12
39433,39269,15
39434,39270,13
39435,39270,14
39436,39272,12
39437,39272,15
39438,39274,11
39439,39275,14
39440,39276,11
39441,39276,13
39442,39278,12
39443,39278,14
39444,39280,11
39445,39280,13
39446,39282,14
39447,39283,12
39448,39283,15
39449,39284,12
39450,39287,11
39451,39287,15
39452,39288,11
39453,39288,14
39454,39289,11
39455,39295,12
39456,39295,11
39457,39296,13
39458,39296,15
39459,39297,11
39460,39297,15
39461,39298,14
39462,39298,15
39463,39299,11
39464,39299,11
39465,39300,14
39466,39300,15
39467,39301,11
39468,39301,12
39469,39303,11
39470,39303,15
39471,39304,13
39472,39304,12
39473,39307,14
39474,39307,15
39475,39308,13
39476,39308,11
39477,39309,11
39478,39309,11
39479,39310,15
39480,39312,13
39481,39312,11
39482,39314,11
39483,39314,11
39484,39316,12
39485,39316,11
39486,39317,15
39487,39317,13
39488,39318,11
39489,39318,13
39490,39319,12
39491,39319,15
39492,39320,15
39493,39320,12
39494,39321,14
39495,39322,15
39496,39323,14
39497,39323,14
39498,39324,14
39499,39325,13
39500,39326,12
39501,39329,11
39502,39331,14
39503,39333,14
39504,39333,13
39505,39334,14
39506,39334,14
39507,39335,15
39508,39335,13
39509,39336,11
39510,39337,13
39511,39338,11
39512,39339,12
39513,39339,13
39514,39340,11
39515,39341,11
39516,39341,11
39517,39342,11
39518,39342,12
39519,39343,13
39520,39345,11
39521,39346,11
39522,39346,12
39523,39348,11
39524,39349,15
39525,39349,13
39526,39351,13
39527,39352,11
39528,39352,12
39529,39353,12
39530,39353,13
39531,39354,13
39532,39354,15
39533,39356,12
39534,39356,13
39535,39357,13
39536,39358,12
39537,39360,13
39538,39361,12
39539,39361,12
39540,39364,13
39541,39364,14
39542,39366,13
39543,39366,15
39544,39367,12
39545,39367,14
39546,39368,13
39547,39369,13
39548,39369,12
39549,39370,15
39550,39370,13
39551,39372,11
39552,39372,15
39553,39373,13
39554,39375,14
39555,39375,12
39556,39377,11
39557,39377,11
39558,39379,12
39559,39379,14
39560,39380,15
39561,39380,14
39562,39381,15
39563,39384,14
39564,39386,12
39565,39386,15
39566,39387,11
39567,39387,12
39568,39389,14
39569,39390,12
39570,39390,13
39571,39391,11
39572,39392,13
39573,39394,15
39574,39394,11
39575,39395,15
39576,39396,15
39577,39396,15
39578,39397,12
39579,39398,14
39580,39399,15
39581,39399,11
39582,39402,12
39583,39403,12
39584,39403,15
39585,39404,12
39586,39405,13
39587,39406,15
39588,39406,11
39589,39409,11
39590,39410,13
39591,39411,12
39592,39412,14
39593,39412,11
39594,39413,15
39595,39413,15
39596,39416,13
39597,39416,13
39598,39417,15
39599,39418,13
39600,39418,11
39601,39420,14
39602,39420,11
39603,39421,11
39604,39422,12
39605,39422,14
39606,39424,11
39607,39424,11
39608,39425,12
39609,39425,12
39610,39426,11
39611,39426,15
39612,39427,11
39613,39427,15
39614,39428,14
39615,39428,12
39616,39429,12
39617,39430,12
39618,39431,11
39619,39432,11
39620,39432,12
39621,39433,13
39622,39433,15
39623,39436,14
39624,39437,12
39625,39440,13
39626,39440,15
39627,39442,12
39628,39442,12
39629,39443,11
39630,39443,13
39631,39444,13
39632,39446,15
39633,39447,12
39634,39449,14
39635,39449,11
39636,39450,15
39637,39450,13
39638,39451,15
39639,39452,11
39640,39452,13
39641,39453,11
39642,39453,12
39643,39457,13
39644,39462,12
39645,39463,13
39646,39463,12
39647,39464,12
39648,39464,13
39649,39465,13
39650,39465,15
39651,39467,11
39652,39468,13
39653,39469,14
39654,39469,12
39655,39470,15
39656,39471,13
39657,39472,11
39658,39476,15
39659,39476,15
39660,39477,15
39661,39477,15
39662,39478,14
39663,39478,14
39664,39480,12
39665,39481,13
39666,39482,14
39667,39483,12
39668,39486,12
39669,39486,11
39670,39488,13
39671,39488,13
39672,39490,15
39673,39490,11
39674,39491,12
39675,39492,14
39676,39493,11
39677,39493,13
39678,39496,11
39679,39497,11
39680,39497,13
39681,39498,14
39682,39498,13
39683,39499,12
39684,39499,11
39685,39500,15
39686,39501,15
39687,39501,15
39688,39502,11
39689,39502,13
39690,39503,11
39691,39505,14
39692,39505,13
39693,39506,15
39694,39507,15
39695,39509,12
39696,39509,14
39697,39510,14
39698,39511,13
39699,39511,15
39700,39512,15
39701,39513,11
39702,39516,14
39703,39516,14
39704,39517,13
39705,39517,12
39706,39519,15
39707,39520,13
39708,39521,11
39709,39521,11
39710,39522,14
39711,39523,12
39712,39525,13
39713,39526,13
39714,39526,11
39715,39527,12
39716,39527,13
39717,39529,15
39718,39530,12
39719,39532,15
39720,39533,14
39721,39533,14
39722,39534,15
39723,39534,12
39724,39535,14
39725,39535,13
39726,39536,14
39727,39536,12
39728,39539,11
39729,39541,14
39730,39542,12
39731,39542,15
39732,39544,13
39733,39545,13
39734,39546,13
39735,39548,13
39736,39548,14
39737,39549,15
39738,39551,13
39739,39552,14
39740,39553,12
39741,39554,11
39742,39554,14
39743,39555,15
39744,39557,12
39745,39557,13
39746,39558,11
39747,39558,14
39748,39561,15
39749,39561,12
39750,39563,12
39751,39564,11
39752,39566,11
39753,39566,14
39754,39569,11
39755,39569,11
39756,39570,13
39757,39570,11
39758,39571,13
39759,39571,12
39760,39572,11
39761,39573,15
39762,39573,15
39763,39574,11
39764,39574,13
39765,39575,14
39766,39576,11
39767,39577,11
39768,39582,14
39769,39583,15
39770,39584,13
39771,39585,13
39772,39586,12
39773,39587,12
39774,39587,13
39775,39588,14
39776,39588,14
39777,39589,11
39778,39589,15
39779,39590,15
39780,39592,14
39781,39592,11
39782,39593,13
39783,39593,15
39784,39595,14
39785,39596,15
39786,39596,14
39787,39597,14
39788,39597,12
39789,39599,15
39790,39599,12
39791,39600,13
39792,39600,11
39793,39602,11
39794,39602,14
39795,39605,12
39796,39605,12
39797,39606,13
39798,39607,11
39799,39607,15
39800,39608,11
39801,39609,12
39802,39609,14
39803,39611,11
39804,39611,15
39805,39612,14
39806,39614,14
39807,39618,11
39808,39619,11
39809,39621,14
39810,39622,15
39811,39623,15
39812,39624,14
39813,39625,15
39814,39625,12
39815,39626,15
39816,39627,12
39817,39627,12
39818,39628,13
39819,39628,13
39820,39630,12
39821,39632,12
39822,39634,15
39823,39635,14
39824,39637,15
39825,39638,15
39826,39638,13
39827,39640,11
39828,39640,12
39829,39641,11
39830,39645,15
39831,39645,12
39832,39646,14
39833,39647,14
39834,39648,15
39835,39648,11
39836,39649,13
39837,39652,14
39838,39654,12
39839,39654,13
39840,39655,13
39841,39655,11
39842,39657,15
39843,39657,11
39844,39658,13
39845,39660,14
39846,39660,13
39847,39661,13
39848,39663,15
39849,39664,14
39850,39664,12
39851,39666,15
39852,39666,15
39853,39668,13
39854,39669,13
39855,39670,14
39856,39671,15
39857,39671,11
39858,39672,13
39859,39673,11
39860,39674,12
39861,39674,12
39862,39676,12
39863,39676,11
39864,39677,11
39865,39677,15
39866,39678,13
39867,39678,13
39868,39680,11
39869,39681,12
39870,39681,11
39871,39682,12
39872,39684,14
39873,39684,14
39874,39685,13
39875,39688,12
39876,39688,13
39877,39689,13
39878,39689,14
39879,39690,11
39880,39690,12
39881,39691,14
39882,39691,11
39883,39692,12
39884,39693,14
39885,39693,11
39886,39696,13
39887,39697,14
39888,39697,12
39889,39698,14
39890,39699,11
39891,39699,15
39892,39701,14
39893,39703,13
39894,39703,13
39895,39704,12
39896,39704,13
39897,39705,15
39898,39707,14
39899,39707,14
39900,39708,15
39901,39710,12
39902,39710,14
39903,39711,14
39904,39713,14
39905,39715,15
39906,39716,11
39907,39717,12
39908,39717,11
39909,39718,11
39910,39721,15
39911,39721,11
39912,39722,13
39913,39723,11
39914,39725,12
39915,39725,12
39916,39726,14
39917,39726,14
39918,39727,15
39919,39727,14
39920,39728,12
39921,39729,12
39922,39730,14
39923,39731,11
39924,39731,11
39925,39733,11
39926,39734,14
39927,39739,12
39928,39739,11
39929,39740,12
39930,39741,14
39931,39743,13
39932,39743,12
39933,39745,11
39934,39745,13
39935,39746,14
39936,39746,12
39937,39750,11
39938,39752,12
39939,39754,15
39940,39754,13
39941,39755,13
39942,39756,13
39943,39757,15
39944,39757,12
39945,39758,15
39946,39759,13
39947,39759,15
39948,39763,13
39949,39763,13
39950,39764,14
39951,39764,15
39952,39765,14
39953,39768,11
39954,39768,12
39955,39770,14
39956,39771,12
39957,39771,14
39958,39772,14
39959,39773,14
39960,39773,12
39961,39775,13
39962,39775,13
39963,39776,14
39964,39776,13
39965,39777,12
39966,39778,11
39967,39778,12
39968,39779,12
39969,39779,12
39970,39783,12
39971,39783,14
39972,39784,12
39973,39785,14
39974,39786,13
39975,39786,14
39976,39787,15
39977,39788,11
39978,39788,15
39979,39789,12
39980,39791,11
39981,39791,15
39982,39795,11
39983,39795,13
39984,39798,12
39985,39800,13
39986,39800,13
39987,39803,14
39988,39806,13
39989,39807,14
39990,39808,13
39991,39808,13
39992,39809,14
39993,39811,13
39994,39811,14
39995,39812,13
39996,39814,14
39997,39815,15
39998,39816,12
39999,39817,11
40000,39817,14
40001,39818,13
40002,39818,11
40003,39821,12
40004,39821,13
40005,39824,11
40006,39824,13
40007,39825,12
40008,39825,12
40009,39826,11
40010,39827,13
40011,39828,12
40012,39828,14
40013,39829,12
40014,39829,13
40015,39830,11
40016,39831,14
40017,39831,15
40018,39833,14
40019,39834,13
40020,39834,11
40021,39835,14
40022,39836,12
40023,39837,14
40024,39838,14
40025,39839,15
40026,39840,13
40027,39840,11
40028,39842,12
40029,39842,12
40030,39844,14
40031,39844,11
40032,39846,15
40033,39849,15
40034,39850,11
40035,39851,11
40036,39851,15
40037,39852,13
40038,39852,14
40039,39853,15
40040,39853,12
40041,39854,13
40042,39854,15
40043,39855,15
40044,39855,13
40045,39857,15
40046,39857,13
40047,39858,13
40048,39858,14
40049,39860,12
40050,39863,14
40051,39864,12
40052,39869,12
40053,39869,15
40054,39870,13
40055,39870,14
40056,39872,13
40057,39872,11
40058,39873,12
40059,39874,11
40060,39874,12
40061,39875,11
40062,39875,11
40063,39876,13
40064,39876,12
40065,39878,15
40066,39879,14
40067,39880,14
40068,39881,12
40069,39881,15
40070,39882,15
40071,39882,15
40072,39883,11
40073,39883,11
40074,39885,11
40075,39885,13
40076,39887,12
40077,39888,11
40078,39889,13
40079,39889,11
40080,39890,15
40081,39891,15
40082,39893,11
40083,39893,12
40084,39895,14
40085,39895,15
40086,39896,15
40087,39896,14
40088,39897,11
40089,39897,11
40090,39898,13
40091,39898,12
40092,39899,12
40093,39899,12
40094,39900,15
40095,39901,11
40096,39903,15
40097,39904,14
40098,39904,14
40099,39906,12
40100,39906,12
40101,39909,13
40102,39910,14
40103,39910,11
40104,39911,11
40105,39913,14
40106,39914,12
40107,39914,14
40108,39915,14
40109,39918,15
40110,39918,12
40111,39919,14
40112,39920,15
40113,39920,13
40114,39921,12
40115,39921,14
40116,39922,11
40117,39924,14
40118,39925,15
40119,39925,13
40120,39926,11
40121,39929,12
40122,39931,15
40123,39931,15
40124,39932,12
40125,39932,11
40126,39934,15
40127,39934,15
40128,39935,15
40129,39938,13
40130,39938,13
40131,39940,15
40132,39940,15
40133,39941,15
40134,39942,15
40135,39943,11
40136,39943,12
40137,39944,15
40138,39944,11
40139,39945,15
40140,39947,13
40141,39949,14
40142,39949,14
40143,39951,15
40144,39952,13
40145,39953,12
40146,39953,15
40147,39955,15
40148,39955,15
40149,39956,13
40150,39957,12
40151,39958,12
40152,39958,14
40153,39959,14
40154,39960,11
40155,39960,15
40156,39961,14
40157,39961,12
40158,39962,12
40159,39962,11
40160,39965,11
40161,39965,14
40162,39966,12
40163,39967,11
40164,39968,13
40165,39968,11
40166,39969,15
40167,39970,11
40168,39970,13
40169,39972,11
40170,39972,13
40171,39973,11
40172,39973,14
40173,39975,11
40174,39976,12
40175,39976,14
40176,39977,14
40177,39977,11
40178,39978,12
40179,39980,13
40180,39980,14
40181,39981,13
40182,39981,15
40183,39982,13
40184,39982,14
40185,39983,13
40186,39984,11
40187,39984,15
40188,39985,14
40189,39985,12
40190,39986,14
40191,39986,15
40192,39989,14
40193,39989,11
40194,39992,12
40195,39995,15
40196,39997,12
40197,39998,12
40198,39998,15
40199,39999,11
40200,39999,15
40201,40000,15
40202,40002,15
40203,40003,14
40204,40003,12
40205,40005,14
40206,40008,13
40207,40010,12
40208,40011,14
40209,40011,15
40210,40012,13
40211,40012,12
40212,40013,13
40213,40015,11
40214,40017,15
40215,40017,14
40216,40018,12
40217,40018,14
40218,40020,14
40219,40020,15
40220,40021,12
40221,40021,11
40222,40024,15
40223,40024,13
40224,40025,13
40225,40025,14
40226,40028,12
40227,40029,15
40228,40030,12
40229,40031,15
40230,40032,13
40231,40033,12
40232,40034,14
40233,40036,14
40234,40036,11
40235,40037,15
40236,40037,15
40237,40038,15
40238,40038,15
40239,40040,13
40240,40040,11
40241,40041,14
40242,40044,12
40243,40044,14
40244,40048,11
40245,40048,14
40246,40049,11
40247,40051,11
40248,40051,13
40249,40052,14
40250,40052,15
40251,40053,11
40252,40054,15
40253,40054,11
40254,40059,11
40255,40059,13
40256,40062,11
40257,40062,11
40258,40063,15
40259,40064,14
40260,40064,14
40261,40065,13
40262,40065,12
40263,40066,14
40264,40067,15
40265,40069,14
40266,40071,11
40267,40072,14
40268,40072,13
40269,40073,15
40270,40074,13
40271,40075,13
40272,40076,15
40273,40077,11
40274,40078,11
40275,40078,14
40276,40079,12
40277,40079,15
40278,40081,13
40279,40081,13
40280,40082,13
40281,40082,13
40282,40084,15
40283,40084,12
40284,40086,14
40285,40087,13
40286,40088,13
40287,40088,11
40288,40090,14
40289,40092,12
40290,40092,15
40291,40094,13
40292,40095,12
40293,40095,11
40294,40096,14
40295,40096,13
40296,40097,12
40297,40097,13
40298,40098,12
40299,40098,11
40300,40099,13
40301,40102,15
40302,40102,13
40303,40105,11
40304,40105,11
40305,40106,15
40306,40108,12
40307,40111,11
40308,40111,15
40309,40114,13
40310,40115,13
40311,40116,14
40312,40116,13
40313,40118,15
40314,40118,13
40315,40120,15
40316,40120,14
40317,40121,14
40318,40121,12
40319,40123,14
40320,40124,13
40321,40124,12
40322,40126,12
40323,40127,14
40324,40128,15
40325,40129,15
40326,40129,15
40327,40130,12
40328,40130,15
40329,40131,14
40330,40131,13
40331,40132,15
40332,40134,13
40333,40134,15
40334,40136,12
40335,40136,12
40336,40137,15
40337,40137,11
40338,40141,12
40339,40143,12
40340,40143,14
40341,40144,12
40342,40144,11
40343,40146,14
40344,40146,11
40345,40148,12
40346,40150,11
40347,40150,15
40348,40152,12
40349,40152,11
40350,40153,13
40351,40153,13
40352,40154,11
40353,40154,13
40354,40155,12
40355,40156,11
40356,40157,14
40357,40159,11
40358,40163,13
40359,40163,15
40360,40165,13
40361,40167,11
40362,40168,13
40363,40170,14
40364,40172,12
40365,40173,12
40366,40174,15
40367,40175,15
40368,40177,15
40369,40181,14
40370,40182,11
40371,40183,12
40372,40184,15
40373,40186,14
40374,40187,15
40375,40187,13
40376,40188,15
40377,40189,12
40378,40192,12
40379,40192,11
40380,40193,13
40381,40194,14
40382,40195,13
40383,40195,11
40384,40196,12
40385,40198,11
40386,40198,11
40387,40199,12
40388,40199,15
40389,40200,11
40390,40202,12
40391,40203,15
40392,40203,14
40393,40204,14
40394,40204,13
40395,40205,11
40396,40205,11
40397,40206,15
40398,40207,11
40399,40207,13
40400,40208,15
40401,40210,11
40402,40213,13
40403,40216,15
40404,40216,15
40405,40217,14
40406,40218,14
40407,40218,14
40408,40219,15
40409,40221,11
40410,40222,15
40411,40223,11
40412,40223,12
40413,40227,15
40414,40232,14
40415,40232,15
40416,40235,12
40417,40235,14
40418,40236,13
40419,40236,15
40420,40238,13
40421,40238,13
40422,40239,12
40423,40239,14
40424,40240,14
40425,40240,13
40426,40241,13
40427,40247,11
40428,40248,15
40429,40251,15
40430,40251,15
40431,40252,11
40432,40252,15
40433,40253,12
40434,40254,14
40435,40255,14
40436,40255,11
40437,40256,14
40438,40256,14
40439,40258,15
40440,40259,12
40441,40259,14
40442,40260,15
40443,40261,11
40444,40261,11
40445,40263,15
40446,40263,15
40447,40265,11
40448,40265,11
40449,40266,13
40450,40266,12
40451,40267,15
40452,40268,15
40453,40270,14
40454,40271,14
40455,40271,13
40456,40272,12
40457,40273,13
40458,40275,11
40459,40275,11
40460,40276,13
40461,40277,11
40462,40278,14
40463,40278,13
40464,40279,15
40465,40280,12
40466,40281,13
40467,40283,13
40468,40283,13
40469,40284,15
40470,40284,15
40471,40287,11
40472,40287,14
40473,40288,14
40474,40288,12
40475,40289,12
40476,40290,12
40477,40291,11
40478,40292,13
40479,40293,11
40480,40293,13
40481,40294,13
40482,40294,12
40483,40295,15
40484,40297,15
40485,40297,11
40486,40298,14
40487,40300,12
40488,40300,12
40489,40301,15
40490,40301,15
40491,40302,12
40492,40304,11
40493,40305,15
40494,40306,14
40495,40307,12
40496,40307,14
40497,40308,13
40498,40311,11
40499,40311,12
40500,40313,12
40501,40313,13
40502,40314,11
40503,40314,11
40504,40315,14
40505,40315,13
40506,40320,11
40507,40320,13
40508,40322,15
40509,40322,15
40510,40323,12
40511,40324,11
40512,40324,13
40513,40325,11
40514,40328,11
40515,40329,11
40516,40330,11
40517,40330,13
40518,40331,14
40519,40331,14
40520,40332,14
40521,40333,11
40522,40333,15
40523,40335,12
40524,40335,13
40525,40336,13
40526,40336,13
40527,40338,12
40528,40338,12
40529,40339,15
40530,40340,11
40531,40340,12
40532,40342,15
40533,40344,13
40534,40345,15
40535,40345,11
40536,40346,14
40537,40346,12
40538,40348,14
40539,40348,12
40540,40350,12
40541,40352,13
40542,40352,13
40543,40353,15
40544,40355,11
40545,40356,11
40546,40358,11
40547,40358,15
40548,40359,14
40549,40359,15
40550,40361,12
40551,40362,12
40552,40364,14
40553,40364,13
40554,40366,15
40555,40367,12
40556,40367,15
40557,40368,15
40558,40368,14
40559,40372,13
40560,40372,11
40561,40373,12
40562,40374,11
40563,40375,14
40564,40376,15
40565,40377,12
40566,40377,11
40567,40378,11
40568,40379,11
40569,40380,14
40570,40381,15
40571,40382,15
40572,40382,13
40573,40384,11
40574,40384,12
40575,40388,13
40576,40388,14
40577,40389,11
40578,40389,13
40579,40391,12
40580,40392,13
40581,40392,12
40582,40393,14
40583,40394,15
40584,40394,11
40585,40396,11
40586,40396,11
40587,40397,14
40588,40398,14
40589,40400,14
40590,40400,14
40591,40401,15
40592,40403,15
40593,40403,14
40594,40404,13
40595,40405,13
40596,40405,12
40597,40406,14
40598,40406,14
40599,40407,15
40600,40408,15
40601,40409,12
40602,40409,15
40603,40411,15
40604,40411,15
40605,40412,11
40606,40412,12
40607,40414,12
40608,40415,14
40609,40417,12
40610,40420,12
40611,40420,12
40612,40421,12
40613,40421,15
40614,40422,12
40615,40424,13
40616,40424,15
40617,40425,14
40618,40425,13
40619,40426,14
40620,40426,11
40621,40427,13
40622,40427,13
40623,40430,15
40624,40431,13
40625,40432,12
40626,40432,12
40627,40434,13
40628,40434,15
40629,40436,15
40630,40437,13
40631,40437,14
40632,40439,15
40633,40440,14
40634,40440,11
40635,40441,14
40636,40441,11
40637,40442,14
40638,40443,15
40639,40444,14
40640,40445,15
40641,40445,12
40642,40447,12
40643,40447,14
40644,40448,15
40645,40450,15
40646,40450,14
40647,40452,13
40648,40453,11
40649,40455,12
40650,40455,15
40651,40457,15
40652,40458,15
40653,40459,14
40654,40460,11
40655,40461,15
40656,40461,12
40657,40462,13
40658,40464,15
40659,40464,12
40660,40469,11
40661,40470,15
40662,40470,13
40663,40471,13
40664,40471,13
40665,40472,12
40666,40472,14
40667,40473,11
40668,40475,13
40669,40476,14
40670,40477,12
40671,40477,15
40672,40478,12
40673,40478,14
40674,40479,15
40675,40479,15
40676,40481,13
40677,40482,14
40678,40485,14
40679,40485,15
40680,40486,13
40681,40486,11
40682,40488,14
40683,40488,12
40684,40489,11
40685,40491,14
40686,40491,15
40687,40492,11
40688,40493,11
40689,40493,11
40690,40495,11
40691,40496,15
40692,40498,12
40693,40499,11
40694,40499,15
40695,40500,14
40696,40501,15
40697,40502,15
40698,40502,14
40699,40504,15
40700,40505,13
40701,40508,13
40702,40511,11
40703,40511,11
40704,40513,15
40705,40514,13
40706,40515,14
40707,40515,13
40708,40517,11
40709,40518,11
40710,40520,15
40711,40521,12
40712,40521,11
40713,40522,15
40714,40524,11
40715,40524,11
40716,40525,13
40717,40526,15
40718,40527,15
40719,40527,13
40720,40528,13
40721,40529,14
40722,40531,11
40723,40533,14
40724,40533,14
40725,40535,14
40726,40535,11
40727,40537,12
40728,40537,15
40729,40538,11
40730,40538,13
40731,40539,14
40732,40540,14
40733,40540,13
40734,40544,15
40735,40544,12
40736,40547,13
40737,40547,13
40738,40549,14
40739,40550,13
40740,40550,12
40741,40551,11
40742,40551,12
40743,40553,12
40744,40553,14
40745,40554,12
40746,40555,11
40747,40555,14
40748,40557,14
40749,40557,12
40750,40558,12
40751,40558,15
40752,40562,11
40753,40564,13
40754,40564,13
40755,40568,13
40756,40568,11
40757,40571,12
40758,40573,15
40759,40573,13
40760,40574,15
40761,40574,12
40762,40575,11
40763,40575,15
40764,40576,13
40765,40576,15
40766,40577,14
40767,40578,14
40768,40578,11
40769,40579,15
40770,40579,13
40771,40580,15
40772,40580,14
40773,40581,14
40774,40581,11
40775,40582,12
40776,40584,13
40777,40584,13
40778,40585,12
40779,40585,14
40780,40586,14
40781,40586,13
40782,40587,14
40783,40590,11
40784,40591,13
40785,40592,11
40786,40592,14
40787,40593,13
40788,40593,15
40789,40595,11
40790,40596,13
40791,40597,12
40792,40597,11
40793,40598,13
40794,40599,12
40795,40599,11
40796,40600,15
40797,40600,15
40798,40602,11
40799,40605,14
40800,40607,12
40801,40608,12
40802,40608,12
40803,40609,15
40804,40610,14
40805,40612,11
40806,40613,13
40807,40613,11
40808,40614,15
40809,40615,15
40810,40615,11
40811,40616,13
40812,40617,13
40813,40618,14
40814,40618,12
40815,40619,11
40816,40620,11
40817,40620,14
40818,40621,14
40819,40621,13
40820,40622,15
40821,40623,15
40822,40623,12
40823,40626,12
40824,40628,13
40825,40628,15
40826,40629,13
40827,40629,14
40828,40631,14
40829,40631,13
40830,40632,12
40831,40635,15
40832,40636,11
40833,40637,14
40834,40638,14
40835,40639,13
40836,40639,15
40837,40640,15
40838,40640,13
40839,40643,12
40840,40644,12
40841,40646,13
40842,40646,11
40843,40647,12
40844,40647,12
40845,40649,11
40846,40650,15
40847,40650,15
40848,40652,15
40849,40654,13
40850,40654,15
40851,40656,13
40852,40660,13
40853,40660,15
40854,40661,13
40855,40661,14
40856,40662,14
40857,40663,15
40858,40663,13
40859,40664,12
40860,40665,12
40861,40665,15
40862,40666,14
40863,40667,14
40864,40669,13
40865,40669,12
40866,40671,13
40867,40671,15
40868,40672,15
40869,40672,15
40870,40673,14
40871,40673,13
40872,40675,12
40873,40675,11
40874,40676,15
40875,40677,12
40876,40677,12
40877,40678,13
40878,40679,11
40879,40679,15
40880,40680,15
40881,40681,15
40882,40681,11
40883,40683,14
40884,40684,11
40885,40686,14
40886,40688,15
40887,40689,11
40888,40690,15
40889,40697,12
40890,40698,12
40891,40700,11
40892,40701,15
40893,40701,11
40894,40702,14
40895,40703,12
40896,40705,15
40897,40707,11
40898,40707,15
40899,40708,12
40900,40710,15
40901,40710,14
40902,40711,11
40903,40712,11
40904,40712,14
40905,40713,14
40906,40713,15
40907,40714,13
40908,40715,12
40909,40716,14
40910,40717,11
40911,40717,13
40912,40718,14
40913,40718,14
40914,40719,11
40915,40720,14
40916,40721,15
40917,40722,14
40918,40723,15
40919,40724,15
40920,40725,12
40921,40726,14
40922,40727,14
40923,40730,12
40924,40730,14
40925,40731,12
40926,40732,14
40927,40733,14
40928,40733,13
40929,40734,11
40930,40736,15
40931,40736,13
40932,40739,12
40933,40739,14
40934,40741,15
40935,40742,12
40936,40743,12
40937,40744,12
40938,40747,11
40939,40747,13
40940,40749,15
40941,40749,12
40942,40751,12
40943,40752,12
40944,40753,12
40945,40753,15
40946,40754,12
40947,40755,13
40948,40755,15
40949,40756,15
40950,40757,11
40951,40759,15
40952,40761,11
40953,40762,14
40954,40763,15
40955,40763,14
40956,40764,12
40957,40764,15
40958,40766,11
40959,40768,13
40960,40768,11
40961,40769,11
40962,40769,15
40963,40770,15
40964,40770,15
40965,40773,11
40966,40774,12
40967,40774,13
40968,40776,12
40969,40777,13
40970,40777,12
40971,40778,12
40972,40780,13
40973,40780,15
40974,40781,12
40975,40781,11
40976,40784,14
40977,40784,11
40978,40785,11
40979,40786,13
40980,40787,14
40981,40787,12
40982,40788,15
40983,40788,11
40984,40789,15
40985,40790,15
40986,40790,13
40987,40791,13
40988,40791,14
40989,40792,15
40990,40792,11
40991,40794,15
40992,40794,14
40993,40795,12
40994,40795,13
40995,40796,13
40996,40796,14
40997,40797,15
40998,40797,11
40999,40798,13
41000,40798,13
41001,40799,12
41002,40799,12
41003,40800,13
41004,40801,13
41005,40801,13
41006,40802,11
41007,40802,15
41008,40803,11
41009,40803,15
41010,40805,12
41011,40807,12
41012,40807,15
41013,40808,14
41014,40810,14
41015,40810,12
41016,40812,14
41017,40812,11
41018,40813,11
41019,40814,11
41020,40814,15
41021,40820,11
41022,40821,15
41023,40821,15
41024,40822,11
41025,40822,11
41026,40824,15
41027,40824,14
41028,40825,13
41029,40826,12
41030,40829,12
41031,40832,11
41032,40833,14
41033,40834,11
41034,40835,12
41035,40836,11
41036,40837,15
41037,40837,12
41038,40839,15
41039,40841,13
41040,40842,12
41041,40842,15
41042,40843,14
41043,40843,11
41044,40844,13
41045,40844,12
41046,40845,15
41047,40848,14
41048,40849,12
41049,40849,12
41050,40850,13
41051,40850,11
41052,40851,14
41053,40852,11
41054,40852,14
41055,40855,15
41056,40857,13
41057,40857,13
41058,40858,11
41059,40858,13
41060,40861,11
41061,40861,15
41062,40862,11
41063,40863,11
41064,40864,11
41065,40865,14
41066,40869,13
41067,40870,15
41068,40870,15
41069,40871,11
41070,40871,15
41071,40872,13
41072,40874,12
41073,40874,11
41074,40875,14
41075,40875,12
41076,40876,13
41077,40877,11
41078,40878,15
41079,40879,11
41080,40879,11
41081,40880,13
41082,40883,15
41083,40883,11
41084,40884,14
41085,40885,12
41086,40885,12
41087,40886,12
41088,40886,12
41089,40887,14
41090,40889,11
41091,40889,11
41092,40890,15
41093,40890,12
41094,40891,15
41095,40891,12
41096,40893,12
41097,40894,11
41098,40897,14
41099,40898,15
41100,40898,12
41101,40899,11
41102,40901,14
41103,40902,12
41104,40903,12
41105,40904,14
41106,40905,12
41107,40906,15
41108,40907,15
41109,40907,14
41110,40908,15
41111,40911,11
41112,40911,13
41113,40912,11
41114,40915,14
41115,40917,12
41116,40917,15
41117,40920,15
41118,40921,12
41119,40921,13
41120,40922,14
41121,40922,15
41122,40924,14
41123,40925,14
41124,40925,15
41125,40926,15
41126,40927,14
41127,40928,13
41128,40928,13
41129,40929,14
41130,40930,15
41131,40934,15
41132,40936,11
41133,40936,11
41134,40937,15
41135,40938,12
41136,40938,12
41137,40939,15
41138,40941,11
41139,40945,13
41140,40945,12
41141,40946,12
41142,40947,15
41143,40947,15
41144,40949,12
41145,40949,14
41146,40952,11
41147,40952,14
41148,40953,12
41149,40954,15
41150,40954,11
41151,40955,11
41152,40955,14
41153,40958,14
41154,40958,15
41155,40959,13
41156,40959,13
41157,40960,14
41158,40961,12
41159,40962,11
41160,40963,14
41161,40963,14
41162,40964,12
41163,40965,11
41164,40965,13
41165,40966,14
41166,40969,11
41167,40969,12
41168,40970,13
41169,40971,13
41170,40971,12
41171,40972,13
41172,40972,11
41173,40976,15
41174,40976,15
41175,40978,13
41176,40979,11
41177,40979,11
41178,40982,11
41179,40984,11
41180,40984,13
41181,40985,11
41182,40986,12
41183,40986,12
41184,40988,15
41185,40989,13
41186,40989,15
41187,40990,14
41188,40990,13
41189,40991,11
41190,40991,15
41191,40992,14
41192,40992,11
41193,40993,11
41194,40995,15
41195,40995,12
41196,40996,14
41197,40998,13
41198,40998,12
41199,41001,11
41200,41002,15
41201,41003,12
41202,41003,12
41203,41005,13
41204,41005,14
41205,41006,11
41206,41007,11
41207,41007,12
41208,41010,12
41209,41011,14
41210,41012,12
41211,41013,13
41212,41017,14
41213,41017,13
41214,41018,15
41215,41020,12
41216,41020,12
41217,41021,14
41218,41021,14
41219,41022,11
41220,41024,14
41221,41026,13
41222,41026,14
41223,41027,13
41224,41030,11
41225,41030,15
41226,41033,12
41227,41033,15
41228,41034,13
41229,41034,12
41230,41037,14
41231,41038,12
41232,41038,12
41233,41040,14
41234,41042,11
41235,41043,11
41236,41043,11
41237,41045,11
41238,41045,15
41239,41048,12
41240,41048,12
41241,41049,12
41242,41050,13
41243,41051,13
41244,41052,13
41245,41054,15
41246,41054,11
41247,41055,13
41248,41055,13
41249,41060,12
41250,41061,11
41251,41062,13
41252,41062,15
41253,41063,12
41254,41064,13
41255,41064,15
41256,41065,13
41257,41065,13
41258,41067,14
41259,41067,13
41260,41068,11
41261,41068,12
41262,41069,11
41263,41069,12
41264,41071,12
41265,41071,11
41266,41072,15
41267,41073,13
41268,41074,15
41269,41074,14
41270,41075,14
41271,41075,12
41272,41076,14
41273,41076,15
41274,41078,15
41275,41078,15
41276,41079,14
41277,41079,15
41278,41081,13
41279,41082,13
41280,41082,11
41281,41083,12
41282,41084,14
41283,41088,11
41284,41088,12
41285,41089,14
41286,41089,11
41287,41090,14
41288,41090,14
41289,41091,12
41290,41092,11
41291,41093,11
41292,41093,15
41293,41096,11
41294,41096,13
41295,41097,12
41296,41098,13
41297,41098,11
41298,41100,12
41299,41101,15
41300,41102,12
41301,41103,11
41302,41103,15
41303,41107,11
41304,41109,12
41305,41111,12
41306,41112,15
41307,41113,15
41308,41113,14
41309,41116,12
41310,41117,15
41311,41117,12
41312,41119,13
41313,41120,11
41314,41120,13
41315,41121,13
41316,41122,14
41317,41122,13
41318,41123,13
41319,41126,14
41320,41127,12
41321,41128,11
41322,41128,15
41323,41130,11
41324,41131,14
41325,41132,15
41326,41134,14
41327,41134,15
41328,41135,11
41329,41135,13
41330,41136,13
41331,41136,11
41332,41137,11
41333,41139,12
41334,41139,14
41335,41141,12
41336,41142,14
41337,41142,13
41338,41144,12
41339,41145,15
41340,41146,14
41341,41147,15
41342,41147,14
41343,41148,13
41344,41148,15
41345,41149,11
41346,41149,11
41347,41150,11
41348,41152,12
41349,41152,13
41350,41153,12
41351,41156,12
41352,41156,11
41353,41157,12
41354,41157,12
41355,41159,13
41356,41159,13
41357,41160,15
41358,41161,15
41359,41161,11
41360,41162,11
41361,41162,12
41362,41163,11
41363,41164,11
41364,41164,15
41365,41165,12
41366,41166,14
41367,41167,14
41368,41167,11
41369,41168,11
41370,41168,12
41371,41169,12
41372,41169,11
41373,41170,15
41374,41170,14
41375,41171,12
41376,41171,15
41377,41172,14
41378,41172,14
41379,41177,14
41380,41177,12
41381,41179,12
41382,41179,15
41383,41180,12
41384,41180,12
41385,41182,12
41386,41182,11
41387,41184,15
41388,41184,12
41389,41185,15
41390,41185,15
41391,41187,15
41392,41188,14
41393,41189,12
41394,41190,13
41395,41190,15
41396,41192,12
41397,41194,15
41398,41194,11
41399,41195,14
41400,41195,13
41401,41196,14
41402,41196,15
41403,41198,11
41404,41199,15
41405,41200,13
41406,41201,11
41407,41202,12
41408,41202,14
41409,41203,14
41410,41204,15
41411,41205,15
41412,41205,11
41413,41206,14
41414,41206,13
41415,41207,15
41416,41207,13
41417,41208,13
41418,41210,11
41419,41210,13
41420,41212,15
41421,41213,12
41422,41213,15
41423,41214,15
41424,41215,11
41425,41216,11
41426,41216,11
41427,41219,15
41428,41220,14
41429,41220,15
41430,41221,15
41431,41222,13
41432,41222,14
41433,41226,15
41434,41226,12
41435,41227,15
41436,41227,15
41437,41230,13
41438,41231,11
41439,41231,11
41440,41232,12
41441,41234,15
41442,41234,13
41443,41236,11
41444,41236,13
41445,41237,14
41446,41237,13
41447,41238,12
41448,41239,11
41449,41239,12
41450,41240,13
41451,41240,15
41452,41241,11
41453,41242,14
41454,41242,15
41455,41243,15
41456,41247,15
41457,41247,15
41458,41248,13
41459,41248,14
41460,41251,15
41461,41251,15
41462,41253,11
41463,41253,13
41464,41254,15
41465,41254,12
41466,41255,15
41467,41256,13
41468,41256,14
41469,41257,13
41470,41258,15
41471,41259,11
41472,41260,14
41473,41260,11
41474,41261,13
41475,41263,11
41476,41264,11
41477,41264,15
41478,41266,15
41479,41266,13
41480,41268,12
41481,41268,14
41482,41269,15
41483,41271,12
41484,41272,12
41485,41274,13
41486,41274,14
41487,41275,12
41488,41277,13
41489,41277,14
41490,41278,15
41491,41279,14
41492,41279,15
41493,41281,11
41494,41281,12
41495,41283,13
41496,41283,11
41497,41284,11
41498,41286,11
41499,41286,12
41500,41287,13
41501,41288,12
41502,41288,12
41503,41289,15
41504,41290,13
41505,41291,13
41506,41295,13
41507,41296,12
41508,41296,12
41509,41299,13
41510,41299,12
41511,41301,13
41512,41303,15
41513,41304,15
41514,41304,13
41515,41305,12
41516,41306,11
41517,41306,12
41518,41307,14
41519,41309,12
41520,41310,12
41521,41311,13
41522,41311,15
41523,41313,14
41524,41313,12
41525,41314,14
41526,41316,13
41527,41316,14
41528,41318,12
41529,41318,13
41530,41319,14
41531,41320,14
41532,41320,15
41533,41326,13
41534,41326,11
41535,41327,13
41536,41328,15
41537,41329,11
41538,41329,11
41539,41331,11
41540,41331,11
41541,41334,12
41542,41334,13
41543,41335,14
41544,41335,14
41545,41339,11
41546,41339,14
41547,41340,15
41548,41341,14
41549,41341,12
41550,41342,15
41551,41342,14
41552,41343,13
41553,41343,15
41554,41344,12
41555,41346,15
41556,41346,13
41557,41348,12
41558,41351,13
41559,41352,11
41560,41353,13
41561,41353,15
41562,41355,11
41563,41356,15
41564,41356,11
41565,41357,11
41566,41357,11
41567,41359,12
41568,41359,15
41569,41362,15
41570,41362,14
41571,41363,15
41572,41364,14
41573,41365,13
41574,41365,13
41575,41366,12
41576,41366,13
41577,41367,14
41578,41369,15
41579,41370,15
41580,41371,12
41581,41372,14
41582,41373,11
41583,41373,13
41584,41374,14
41585,41374,14
41586,41375,11
41587,41376,15
41588,41376,14
41589,41377,12
41590,41379,13
41591,41380,15
41592,41385,13
41593,41385,11
41594,41386,12
41595,41388,11
41596,41388,13
41597,41389,15
41598,41390,12
41599,41391,13
41600,41391,11
41601,41392,13
41602,41392,14
41603,41393,15
41604,41396,15
41605,41397,13
41606,41397,12
41607,41399,12
41608,41399,15
41609,41400,12
41610,41400,13
41611,41402,13
41612,41403,13
41613,41404,11
41614,41405,13
41615,41406,11
41616,41406,14
41617,41407,14
41618,41408,13
41619,41410,12
41620,41410,11
41621,41411,15
41622,41411,11
41623,41412,14
41624,41414,14
41625,41416,13
41626,41416,12
41627,41417,12
41628,41419,12
41629,41419,11
41630,41420,13
41631,41421,14
41632,41421,12
41633,41422,11
41634,41422,11
41635,41423,12
41636,41423,15
41637,41424,11
41638,41427,11
41639,41427,14
41640,41428,13
41641,41428,12
41642,41430,12
41643,41430,13
41644,41431,14
41645,41431,11
41646,41432,15
41647,41432,12
41648,41434,15
41649,41434,12
41650,41436,14
41651,41437,13
41652,41437,14
41653,41438,14
41654,41440,11
41655,41440,12
41656,41445,14
41657,41445,11
41658,41446,13
41659,41446,11
41660,41448,14
41661,41448,14
41662,41449,15
41663,41449,14
41664,41450,12
41665,41451,12
41666,41451,13
41667,41452,15
41668,41452,13
41669,41453,14
41670,41454,15
41671,41454,13
41672,41455,11
41673,41456,13
41674,41456,13
41675,41457,13
41676,41457,11
41677,41459,13
41678,41460,14
41679,41460,13
41680,41461,15
41681,41464,14
41682,41467,12
41683,41468,11
41684,41469,12
41685,41469,11
41686,41471,12
41687,41471,11
41688,41472,12
41689,41472,13
41690,41473,13
41691,41473,12
41692,41474,14
41693,41474,12
41694,41475,13
41695,41476,14
41696,41477,11
41697,41477,15
41698,41479,15
41699,41479,11
41700,41481,13
41701,41481,13
41702,41482,13
41703,41482,14
41704,41483,12
41705,41483,14
41706,41484,14
41707,41484,11
41708,41485,13
41709,41485,14
41710,41486,14
41711,41486,12
41712,41487,14
41713,41488,15
41714,41488,12
41715,41489,13
41716,41489,12
41717,41491,14
41718,41492,12
41719,41493,14
41720,41494,14
41721,41496,15
41722,41496,12
41723,41497,13
41724,41498,15
41725,41501,13
41726,41501,14
41727,41502,11
41728,41503,15
41729,41505,13
41730,41505,11
41731,41506,11
41732,41506,13
41733,41508,11
41734,41508,13
41735,41509,12
41736,41510,15
41737,41511,12
41738,41512,12
41739,41513,12
41740,41515,12
41741,41516,11
41742,41517,12
41743,41518,14
41744,41518,12
41745,41519,12
41746,41519,13
41747,41521,11
41748,41522,14
41749,41524,11
41750,41524,11
41751,41525,15
41752,41525,15
41753,41526,12
41754,41526,12
41755,41527,12
41756,41527,14
41757,41528,15
41758,41529,15
41759,41529,13
41760,41531,15
41761,41531,14
41762,41532,12
41763,41534,11
41764,41534,13
41765,41537,14
41766,41538,13
41767,41538,13
41768,41539,15
41769,41539,13
41770,41540,15
41771,41540,12
41772,41541,12
41773,41541,14
41774,41542,14
41775,41543,13
41776,41544,15
41777,41544,13
41778,41549,14
41779,41552,13
41780,41553,13
41781,41554,14
41782,41555,11
41783,41555,14
41784,41556,14
41785,41557,13
41786,41558,11
41787,41558,13
41788,41560,11
41789,41561,13
41790,41561,12
41791,41563,15
41792,41563,11
41793,41564,14
41794,41564,14
41795,41566,14
41796,41567,15
41797,41567,15
41798,41569,11
41799,41569,12
41800,41570,11
41801,41570,11
41802,41571,11
41803,41571,14
41804,41573,15
41805,41574,11
41806,41574,11
41807,41575,13
41808,41576,12
41809,41576,12
41810,41577,12
41811,41578,15
41812,41579,12
41813,41580,11
41814,41581,13
41815,41582,15
41816,41584,14
41817,41586,15
41818,41589,15
41819,41590,15
41820,41590,12
41821,41591,15
41822,41592,12
41823,41594,12
41824,41596,13
41825,41597,15
41826,41598,15
41827,41598,11
41828,41599,15
41829,41601,14
41830,41603,15
41831,41607,12
41832,41610,11
41833,41611,11
41834,41613,11
41835,41613,13
41836,41614,13
41837,41614,12
41838,41615,14
41839,41615,11
41840,41616,12
41841,41617,15
41842,41617,11
41843,41618,13
41844,41618,11
41845,41619,13
41846,41620,14
41847,41621,12
41848,41621,14
41849,41623,13
41850,41624,13
41851,41624,11
41852,41625,12
41853,41626,12
41854,41626,13
41855,41627,15
41856,41627,11
41857,41629,14
41858,41629,14
41859,41630,12
41860,41632,14
41861,41632,14
41862,41634,13
41863,41636,13
41864,41636,13
41865,41637,13
41866,41638,14
41867,41638,15
41868,41639,12
41869,41641,12
41870,41641,13
41871,41642,15
41872,41643,11
41873,41645,15
41874,41646,15
41875,41648,13
41876,41649,13
41877,41649,14
41878,41650,13
41879,41650,12
41880,41651,11
41881,41651,15
41882,41652,15
41883,41653,12
41884,41654,13
41885,41654,14
41886,41655,11
41887,41656,12
41888,41657,13
41889,41659,14
41890,41660,11
41891,41660,13
41892,41661,12
41893,41664,15
41894,41667,11
41895,41667,14
41896,41668,13
41897,41669,13
41898,41669,11
41899,41670,14
41900,41671,11
41901,41671,11
41902,41673,12
41903,41673,14
41904,41674,12
41905,41674,15
41906,41675,14
41907,41675,12
41908,41676,14
41909,41677,15
41910,41678,15
41911,41678,13
41912,41679,12
41913,41681,14
41914,41681,15
41915,41682,15
41916,41683,14
41917,41685,11
41918,41688,13
41919,41690,15
41920,41690,11
41921,41691,14
41922,41692,15
41923,41692,12
41924,41693,11
41925,41694,15
41926,41695,15
41927,41697,11
41928,41698,12
41929,41698,14
41930,41699,14
41931,41700,12
41932,41700,14
41933,41701,13
41934,41702,15
41935,41702,13
41936,41703,15
41937,41704,15
41938,41704,13
41939,41705,12
41940,41705,15
41941,41706,12
41942,41709,13
41943,41710,12
41944,41710,15
41945,41711,13
41946,41713,15
41947,41714,12
41948,41714,13
41949,41715,14
41950,41716,15
41951,41716,15
41952,41717,13
41953,41717,13
41954,41718,14
41955,41718,14
41956,41720,15
41957,41720,15
41958,41721,14
41959,41723,13
41960,41724,14
41961,41725,11
41962,41726,12
41963,41726,14
41964,41727,14
41965,41728,13
41966,41728,11
41967,41729,13
41968,41729,13
41969,41731,11
41970,41732,15
41971,41733,11
41972,41735,13
41973,41735,12
41974,41737,11
41975,41737,15
41976,41738,14
41977,41738,15
41978,41740,13
41979,41745,13
41980,41745,11
41981,41746,11
41982,41746,13
41983,41747,13
41984,41748,14
41985,41748,11
41986,41749,13
41987,41749,13
41988,41753,11
41989,41753,15
41990,41755,11
41991,41755,13
41992,41757,14
41993,41758,11
41994,41758,13
41995,41759,15
41996,41759,13
41997,41760,12
41998,41761,14
41999,41763,11
42000,41765,15
42001,41766,12
42002,41766,14
42003,41767,11
42004,41767,15
42005,41768,14
42006,41769,11
42007,41771,15
42008,41771,11
42009,41773,11
42010,41773,14
42011,41775,14
42012,41775,14
42013,41776,12
42014,41776,11
42015,41777,14
42016,41779,14
42017,41781,12
42018,41781,11
42019,41783,14
42020,41784,12
42021,41788,13
42022,41788,13
42023,41789,11
42024,41789,11
42025,41791,11
42026,41792,12
42027,41793,13
42028,41793,15
42029,41794,12
42030,41795,14
42031,41795,14
42032,41797,13
42033,41797,14
42034,41800,13
42035,41800,12
42036,41801,11
42037,41801,13
42038,41803,13
42039,41803,12
42040,41805,13
42041,41805,13
42042,41806,12
42043,41809,11
42044,41812,15
42045,41813,13
42046,41813,14
42047,41814,12
42048,41814,13
42049,41815,15
42050,41817,12
42051,41818,11
42052,41819,11
42053,41820,11
42054,41820,15
42055,41821,13
42056,41821,12
42057,41823,13
42058,41824,14
42059,41826,15
42060,41826,12
42061,41827,13
42062,41828,13
42063,41834,14
42064,41835,14
42065,41836,12
42066,41836,12
42067,41838,11
42068,41838,14
42069,41839,14
42070,41839,12
42071,41840,14
42072,41840,14
42073,41842,14
42074,41843,12
42075,41843,15
42076,41844,12
42077,41845,13
42078,41849,11
42079,41850,13
42080,41850,11
42081,41851,11
42082,41853,14
42083,41854,12
42084,41855,14
42085,41856,11
42086,41856,11
42087,41858,11
42088,41858,12
42089,41859,11
42090,41859,14
42091,41862,12
42092,41862,15
42093,41863,11
42094,41864,15
42095,41864,13
42096,41866,11
42097,41867,12
42098,41867,15
42099,41868,13
42100,41869,15
42101,41869,13
42102,41870,11
42103,41870,15
42104,41871,14
42105,41871,12
42106,41873,11
42107,41874,15
42108,41874,12
42109,41875,14
42110,41875,13
42111,41877,12
42112,41877,13
42113,41878,14
42114,41879,14
42115,41879,13
42116,41884,15
42117,41885,14
42118,41886,13
42119,41886,11
42120,41890,14
42121,41890,11
42122,41891,14
42123,41892,14
42124,41892,14
42125,41895,15
42126,41895,14
42127,41897,13
42128,41897,13
42129,41898,12
42130,41903,11
42131,41906,12
42132,41906,13
42133,41907,14
42134,41907,11
42135,41908,11
42136,41908,12
42137,41909,15
42138,41909,15
42139,41911,15
42140,41912,11
42141,41912,11
42142,41913,15
42143,41913,14
42144,41915,15
42145,41917,11
42146,41918,11
42147,41918,12
42148,41919,11
42149,41920,14
42150,41920,13
42151,41921,15
42152,41921,11
42153,41922,15
42154,41922,12
42155,41924,14
42156,41926,15
42157,41926,13
42158,41927,15
42159,41930,11
42160,41932,11
42161,41932,13
42162,41933,13
42163,41934,15
42164,41934,13
42165,41937,15
42166,41938,13
42167,41939,15
42168,41941,11
42169,41941,12
42170,41942,13
42171,41944,14
42172,41944,11
42173,41947,13
42174,41949,14
42175,41951,11
42176,41951,11
42177,41953,14
42178,41953,14
42179,41954,15
42180,41956,11
42181,41956,11
42182,41957,15
42183,41959,15
42184,41960,13
42185,41962,15
42186,41962,12
42187,41966,12
42188,41967,14
42189,41968,12
42190,41969,14
42191,41969,11
42192,41971,12
42193,41972,12
42194,41973,11
42195,41973,12
42196,41975,13
42197,41975,11
42198,41976,15
42199,41976,14
42200,41979,14
42201,41979,11
42202,41980,12
42203,41980,14
42204,41983,14
42205,41985,11
42206,41985,12
42207,41989,15
42208,41990,11
42209,41990,15
42210,41991,14
42211,41991,12
42212,41992,14
42213,41994,15
42214,41995,13
42215,41995,11
42216,41998,12
42217,41998,13
42218,42000,12
42219,42000,15
42220,42002,15
42221,42002,11
42222,42003,14
42223,42003,13
42224,42004,14
42225,42006,12
42226,42006,15
42227,42007,12
42228,42008,12
42229,42009,14
42230,42011,12
42231,42011,15
42232,42012,14
42233,42013,15
42234,42013,12
42235,42016,11
42236,42017,13
42237,42017,14
42238,42019,13
42239,42019,13
42240,42023,14
42241,42023,12
42242,42025,11
42243,42027,13
42244,42027,12
42245,42029,15
42246,42030,13
42247,42030,11
42248,42033,13
42249,42033,14
42250,42036,12
42251,42036,14
42252,42038,14
42253,42039,15
42254,42040,12
42255,42040,11
42256,42042,12
42257,42043,11
42258,42043,13
42259,42044,12
42260,42044,12
42261,42046,13
42262,42047,11
42263,42048,14
42264,42049,13
42265,42051,14
42266,42052,14
42267,42052,11
42268,42054,15
42269,42060,12
42270,42062,15
42271,42062,11
42272,42064,12
42273,42064,14
42274,42065,12
42275,42065,13
42276,42066,15
42277,42067,15
42278,42069,14
42279,42070,12
42280,42071,12
42281,42072,14
42282,42072,12
42283,42074,15
42284,42074,14
42285,42075,12
42286,42076,12
42287,42077,11
42288,42078,14
42289,42079,11
42290,42080,13
42291,42080,11
42292,42081,11
42293,42081,13
42294,42082,11
42295,42082,12
42296,42084,11
42297,42084,11
42298,42086,12
42299,42089,13
42300,42091,15
42301,42092,13
42302,42092,11
42303,42094,11
42304,42096,15
42305,42096,15
42306,42097,13
42307,42098,14
42308,42098,12
42309,42099,14
42310,42100,13
42311,42101,15
42312,42101,12
42313,42102,12
42314,42102,15
42315,42103,11
42316,42103,15
42317,42104,11
42318,42104,11
42319,42105,15
42320,42106,12
42321,42107,13
42322,42107,15
42323,42109,13
42324,42109,15
42325,42111,12
42326,42111,15
42327,42112,15
42328,42116,15
42329,42119,11
42330,42119,13
42331,42120,15
42332,42120,13
42333,42122,13
42334,42122,14
42335,42125,15
42336,42126,13
42337,42126,11
42338,42127,13
42339,42127,13
42340,42128,15
42341,42130,14
42342,42131,11
42343,42132,15
42344,42133,11
42345,42134,11
42346,42134,14
42347,42137,11
42348,42137,12
42349,42138,15
42350,42140,12
42351,42141,12
42352,42143,14
42353,42143,12
42354,42144,12
42355,42146,12
42356,42146,12
42357,42148,14
42358,42149,13
42359,42150,11
42360,42151,11
42361,42153,12
42362,42153,12
42363,42154,14
42364,42154,13
42365,42155,15
42366,42155,14
42367,42157,14
42368,42159,11
42369,42159,14
42370,42160,15
42371,42160,13
42372,42162,11
42373,42163,13
42374,42166,12
42375,42166,14
42376,42167,15
42377,42167,11
42378,42169,12
42379,42169,12
42380,42171,15
42381,42171,12
42382,42174,13
42383,42174,15
42384,42175,13
42385,42175,12
42386,42176,13
42387,42176,11
42388,42177,15
42389,42177,13
42390,42178,12
42391,42181,12
42392,42182,15
42393,42183,11
42394,42184,13
42395,42185,15
42396,42185,12
42397,42186,12
42398,42187,12
42399,42188,14
42400,42188,14
42401,42189,15
42402,42191,15
42403,42191,15
42404,42192,11
42405,42195,15
42406,42195,12
42407,42197,13
42408,42197,11
42409,42199,11
42410,42199,12
42411,42201,13
42412,42203,14
42413,42205,12
42414,42205,11
42415,42206,12
42416,42206,13
42417,42207,11
42418,42208,15
42419,42208,12
42420,42209,13
42421,42210,11
42422,42211,11
42423,42213,13
42424,42213,12
42425,42215,13
42426,42215,13
42427,42216,13
42428,42218,12
42429,42218,14
42430,42221,15
42431,42222,15
42432,42222,15
42433,42223,12
42434,42224,11
42435,42224,14
42436,42226,15
42437,42226,15
42438,42227,11
42439,42227,13
42440,42228,15
42441,42230,12
42442,42230,15
42443,42231,12
42444,42231,11
42445,42234,11
42446,42234,14
42447,42239,12
42448,42239,13
42449,42240,14
42450,42240,12
42451,42241,14
42452,42242,12
42453,42242,13
42454,42244,15
42455,42244,13
42456,42245,15
42457,42247,15
42458,42249,15
42459,42250,12
42460,42251,15
42461,42252,15
42462,42252,11
42463,42255,14
42464,42258,14
42465,42260,12
42466,42260,14
42467,42262,15
42468,42262,11
42469,42264,15
42470,42265,13
42471,42265,12
42472,42267,13
42473,42270,12
42474,42271,15
42475,42275,12
42476,42276,12
42477,42278,13
42478,42278,14
42479,42279,12
42480,42279,14
42481,42280,11
42482,42281,11
42483,42284,14
42484,42284,11
42485,42287,14
42486,42287,15
42487,42288,12
42488,42288,14
42489,42289,13
42490,42289,13
42491,42291,13
42492,42292,13
42493,42293,14
42494,42294,13
42495,42295,12
42496,42295,14
42497,42296,11
42498,42298,11
42499,42298,15
42500,42300,12
42501,42300,11
42502,42301,11
42503,42302,14
42504,42302,14
42505,42303,11
42506,42303,15
42507,42306,12
42508,42310,12
42509,42310,15
42510,42311,11
42511,42311,14
42512,42312,11
42513,42312,15
42514,42313,15
42515,42314,11
42516,42314,11
42517,42315,12
42518,42317,13
42519,42318,13
42520,42319,12
42521,42320,12
42522,42322,13
42523,42322,15
42524,42323,12
42525,42324,14
42526,42325,11
42527,42326,12
42528,42326,15
42529,42327,15
42530,42327,15
42531,42328,11
42532,42328,15
42533,42329,15
42534,42329,15
42535,42330,15
42536,42330,13
42537,42332,11
42538,42333,11
42539,42333,15
42540,42336,15
42541,42338,11
42542,42338,11
42543,42339,14
42544,42339,14
42545,42340,15
42546,42342,12
42547,42342,12
42548,42344,15
42549,42347,15
42550,42347,12
42551,42349,15
42552,42351,15
42553,42352,13
42554,42352,13
42555,42355,12
42556,42355,11
42557,42356,11
42558,42357,13
42559,42357,14
42560,42359,13
42561,42360,13
42562,42362,15
42563,42362,13
42564,42364,13
42565,42364,12
42566,42366,13
42567,42368,11
42568,42368,12
42569,42369,14
42570,42370,14
42571,42370,12
42572,42372,14
42573,42373,13
42574,42375,12
42575,42376,12
42576,42376,15
42577,42378,11
42578,42381,13
42579,42381,11
42580,42382,11
42581,42383,12
42582,42384,14
42583,42385,13
42584,42387,12
42585,42387,12
42586,42388,15
42587,42389,13
42588,42392,13
42589,42392,12
42590,42393,13
42591,42393,12
42592,42395,14
42593,42397,15
42594,42398,12
42595,42401,15
42596,42402,14
42597,42402,11
42598,42403,13
42599,42405,14
42600,42405,15
42601,42406,13
42602,42406,12
42603,42409,11
42604,42410,15
42605,42410,13
42606,42411,13
42607,42411,13
42608,42412,11
42609,42412,15
42610,42413,14
42611,42413,12
42612,42414,12
42613,42414,12
42614,42416,14
42615,42417,11
42616,42418,15
42617,42419,11
42618,42421,11
42619,42421,15
42620,42424,14
42621,42425,13
42622,42425,11
42623,42426,12
42624,42427,15
42625,42427,14
42626,42428,12
42627,42429,14
42628,42429,11
42629,42430,15
42630,42430,12
42631,42433,13
42632,42433,13
42633,42434,13
42634,42435,14
42635,42435,15
42636,42437,13
42637,42437,12
42638,42438,11
42639,42438,13
42640,42439,13
42641,42441,15
42642,42441,15
42643,42445,12
42644,42446,14
42645,42446,11
42646,42448,14
42647,42449,15
42648,42450,12
42649,42450,13
42650,42452,13
42651,42454,12
42652,42455,11
42653,42456,14
42654,42458,12
42655,42459,14
42656,42459,14
42657,42460,12
42658,42460,13
42659,42461,14
42660,42462,11
42661,42462,13
42662,42464,11
42663,42464,13
42664,42468,14
42665,42472,11
42666,42472,11
42667,42473,12
42668,42479,13
42669,42481,15
42670,42481,12
42671,42482,15
42672,42482,12
42673,42483,14
42674,42483,13
42675,42485,14
42676,42485,12
42677,42486,13
42678,42486,13
42679,42488,15
42680,42488,13
42681,42489,14
42682,42489,14
42683,42490,15
42684,42492,12
42685,42492,11
42686,42493,13
42687,42494,15
42688,42495,12
42689,42496,11
42690,42497,13
42691,42498,13
42692,42498,12
42693,42499,14
42694,42499,13
42695,42500,14
42696,42501,14
42697,42501,13
42698,42502,15
42699,42502,15
42700,42503,15
42701,42505,12
42702,42507,14
42703,42508,11
42704,42510,14
42705,42512,14
42706,42512,14
42707,42515,12
42708,42515,14
42709,42517,11
42710,42518,11
42711,42518,11
42712,42521,12
42713,42521,11
42714,42522,14
42715,42522,13
42716,42523,12
42717,42524,14
42718,42525,15
42719,42527,12
42720,42527,15
42721,42529,15
42722,42529,13
42723,42531,15
42724,42532,13
42725,42532,11
42726,42533,14
42727,42533,13
42728,42535,11
42729,42536,15
42730,42536,15
42731,42537,13
42732,42537,12
42733,42539,13
42734,42540,11
42735,42540,15
42736,42541,13
42737,42541,15
42738,42542,12
42739,42542,12
42740,42543,12
42741,42545,13
42742,42545,15
42743,42547,14
42744,42548,12
42745,42549,11
42746,42550,13
42747,42550,15
42748,42551,11
42749,42551,11
42750,42552,15
42751,42552,12
42752,42553,12
42753,42554,15
42754,42557,15
42755,42557,15
42756,42558,15
42757,42559,15
42758,42559,12
42759,42561,12
42760,42561,12
42761,42563,14
42762,42564,11
42763,42566,13
42764,42566,12
42765,42567,15
42766,42569,12
42767,42571,13
42768,42571,13
42769,42572,13
42770,42572,13
42771,42573,14
42772,42573,11
42773,42576,15
42774,42576,11
42775,42578,14
42776,42579,14
42777,42580,15
42778,42580,15
42779,42582,14
42780,42582,12
42781,42586,12
42782,42586,11
42783,42588,13
42784,42589,13
42785,42592,13
42786,42592,15
42787,42593,13
42788,42593,11
42789,42594,13
42790,42598,12
42791,42598,14
42792,42599,15
42793,42599,12
42794,42600,14
42795,42600,13
42796,42603,12
42797,42603,13
42798,42604,15
42799,42604,13
42800,42605,13
42801,42605,14
42802,42607,15
42803,42607,14
42804,42608,11
42805,42609,13
42806,42610,11
42807,42611,15
42808,42613,11
42809,42613,14
42810,42614,12
42811,42614,13
42812,42615,11
42813,42615,11
42814,42616,13
42815,42616,15
42816,42617,11
42817,42618,12
42818,42619,14
42819,42620,13
42820,42620,15
42821,42621,14
42822,42623,12
42823,42624,15
42824,42625,12
42825,42626,15
42826,42626,15
42827,42627,13
42828,42629,13
42829,42629,13
42830,42630,11
42831,42631,15
42832,42632,13
42833,42632,11
42834,42633,14
42835,42633,12
42836,42635,12
42837,42639,11
42838,42639,15
42839,42640,11
42840,42640,11
42841,42641,15
42842,42644,11
42843,42644,14
42844,42645,13
42845,42646,13
42846,42647,14
42847,42649,13
42848,42649,15
42849,42650,11
42850,42650,14
42851,42652,12
42852,42652,14
42853,42653,12
42854,42653,15
42855,42656,14
42856,42657,15
42857,42658,12
42858,42660,12
42859,42660,14
42860,42662,12
42861,42662,13
42862,42666,14
42863,42667,12
42864,42667,15
42865,42668,15
42866,42668,14
42867,42671,11
42868,42672,15
42869,42673,11
42870,42674,14
42871,42675,12
42872,42675,12
42873,42676,11
42874,42677,13
42875,42678,11
42876,42681,13
42877,42684,15
42878,42684,14
42879,42685,12
42880,42687,13
42881,42687,13
42882,42688,13
42883,42688,11
42884,42689,15
42885,42691,11
42886,42692,11
42887,42692,11
42888,42693,12
42889,42694,12
42890,42695,15
42891,42696,15
42892,42697,11
42893,42697,14
42894,42698,14
42895,42698,14
42896,42699,15
42897,42699,15
42898,42700,13
42899,42700,15
42900,42702,11
42901,42703,12
42902,42706,15
42903,42707,12
42904,42708,11
42905,42708,14
42906,42709,14
42907,42711,14
42908,42716,13
42909,42718,14
42910,42719,12
42911,42719,15
42912,42720,15
42913,42721,13
42914,42722,14
42915,42722,15
42916,42723,15
42917,42723,15
42918,42724,12
42919,42724,11
42920,42725,14
42921,42726,11
42922,42726,14
42923,42727,12
42924,42727,11
42925,42728,13
42926,42729,12
42927,42730,13
42928,42731,12
42929,42731,14
42930,42732,13
42931,42732,13
42932,42735,15
42933,42735,14
42934,42736,12
42935,42736,11
42936,42737,15
42937,42737,14
42938,42739,14
42939,42739,12
42940,42740,14
42941,42740,12
42942,42742,14
42943,42744,13
42944,42745,13
42945,42747,14
42946,42748,13
42947,42749,14
42948,42749,15
42949,42750,14
42950,42751,14
42951,42751,12
42952,42753,15
42953,42753,13
42954,42755,12
42955,42755,14
42956,42756,12
42957,42758,14
42958,42759,11
42959,42761,15
42960,42763,11
42961,42765,13
42962,42767,13
42963,42767,15
42964,42768,13
42965,42768,13
42966,42769,15
42967,42769,15
42968,42770,12
42969,42772,15
42970,42776,11
42971,42776,14
42972,42778,12
42973,42779,11
42974,42779,15
42975,42780,12
42976,42781,12
42977,42784,13
42978,42787,12
42979,42787,15
42980,42788,13
42981,42788,13
42982,42790,12
42983,42791,14
42984,42791,14
42985,42792,13
42986,42792,13
42987,42794,11
42988,42794,12
42989,42795,12
42990,42795,15
42991,42796,13
42992,42796,15
42993,42797,12
42994,42798,15
42995,42799,11
42996,42799,15
42997,42802,15
42998,42803,15
42999,42805,11
43000,42805,12
43001,42806,14
43002,42808,15
43003,42808,11
43004,42809,13
43005,42809,13
43006,42813,14
43007,42813,15
43008,42814,11
43009,42816,12
43010,42818,12
43011,42819,15
43012,42820,15
43013,42820,15
43014,42822,11
43015,42822,12
43016,42823,13
43017,42823,12
43018,42824,12
43019,42825,14
43020,42827,11
43021,42829,14
43022,42829,12
43023,42830,12
43024,42830,12
43025,42833,14
43026,42833,13
43027,42835,12
43028,42835,13
43029,42836,15
43030,42838,11
43031,42838,13
43032,42839,11
43033,42839,11
43034,42840,15
43035,42840,14
43036,42841,14
43037,42842,11
43038,42842,15
43039,42843,14
43040,42843,15
43041,42844,12
43042,42844,14
43043,42845,14
43044,42845,15
43045,42847,11
43046,42848,15
43047,42849,13
43048,42852,12
43049,42853,13
43050,42853,13
43051,42854,12
43052,42855,15
43053,42856,13
43054,42856,14
43055,42857,12
43056,42857,12
43057,42859,14
43058,42860,13
43059,42860,14
43060,42865,15
43061,42865,14
43062,42867,14
43063,42867,12
43064,42868,12
43065,42868,12
43066,42869,15
43067,42870,14
43068,42874,13
43069,42876,13
43070,42876,15
43071,42877,14
43072,42878,13
43073,42880,11
43074,42881,12
43075,42881,14
43076,42882,15
43077,42882,14
43078,42884,15
43079,42885,12
43080,42885,13
43081,42888,11
43082,42889,11
43083,42889,11
43084,42890,11
43085,42890,14
43086,42892,11
43087,42892,11
43088,42893,14
43089,42893,13
43090,42894,13
43091,42895,11
43092,42895,11
43093,42897,14
43094,42899,11
43095,42899,13
43096,42901,14
43097,42901,12
43098,42903,11
43099,42903,11
43100,42905,11
43101,42905,11
43102,42906,15
43103,42907,15
43104,42907,11
43105,42909,14
43106,42910,11
43107,42910,11
43108,42911,13
43109,42911,11
43110,42913,14
43111,42914,15
43112,42914,12
43113,42915,14
43114,42915,14
43115,42916,15
43116,42919,12
43117,42919,13
43118,42920,11
43119,42920,12
43120,42922,14
43121,42923,13
43122,42923,11
43123,42924,13
43124,42925,14
43125,42926,11
43126,42926,13
43127,42927,11
43128,42927,15
43129,42928,14
43130,42930,11
43131,42930,11
43132,42931,12
43133,42934,12
43134,42934,11
43135,42935,14
43136,42938,15
43137,42938,15
43138,42940,14
43139,42941,13
43140,42941,13
43141,42946,15
43142,42948,15
43143,42949,12
43144,42949,15
43145,42951,12
43146,42951,13
43147,42952,15
43148,42952,13
43149,42954,14
43150,42955,13
43151,42957,11
43152,42959,13
43153,42959,15
43154,42962,12
43155,42964,14
43156,42964,14
43157,42966,15
43158,42966,12
43159,42967,12
43160,42967,13
43161,42968,15
43162,42969,13
43163,42970,11
43164,42971,14
43165,42972,12
43166,42973,13
43167,42974,14
43168,42976,13
43169,42977,11
43170,42977,11
43171,42980,13
43172,42982,11
43173,42982,13
43174,42983,14
43175,42985,12
43176,42985,13
43177,42987,14
43178,42987,13
43179,42992,15
43180,42992,13
43181,42993,13
43182,42994,14
43183,42995,14
43184,42996,11
43185,42997,14
43186,42999,15
43187,42999,15
43188,43000,14
43189,43000,14
43190,43001,13
43191,43003,15
43192,43003,12
43193,43006,15
43194,43006,11
43195,43007,13
43196,43009,14
43197,43009,11
43198,43010,15
43199,43010,12
43200,43011,15
43201,43012,11
43202,43013,15
43203,43013,15
43204,43014,14
43205,43015,15
43206,43015,15
43207,43016,12
43208,43017,13
43209,43018,15
43210,43018,11
43211,43021,15
43212,43022,12
43213,43022,14
43214,43024,11
43215,43026,15
43216,43027,12
43217,43027,13
43218,43028,11
43219,43029,11
43220,43030,12
43221,43030,15
43222,43031,11
43223,43033,13
43224,43033,12
43225,43034,12
43226,43036,11
43227,43036,15
43228,43037,13
43229,43038,13
43230,43038,13
43231,43040,11
43232,43042,11
43233,43042,13
43234,43044,13
43235,43047,13
43236,43048,14
43237,43048,15
43238,43049,15
43239,43049,15
43240,43050,15
43241,43050,11
43242,43053,13
43243,43053,15
43244,43054,11
43245,43055,11
43246,43055,14
43247,43057,14
43248,43059,11
43249,43061,11
43250,43062,13
43251,43063,15
43252,43065,14
43253,43065,13
43254,43068,15
43255,43069,15
43256,43069,13
43257,43070,11
43258,43071,13
43259,43071,11
43260,43073,15
43261,43073,15
43262,43075,14
43263,43077,15
43264,43078,12
43265,43078,15
43266,43080,13
43267,43082,15
43268,43083,11
43269,43083,12
43270,43084,14
43271,43085,12
43272,43086,15
43273,43086,14
43274,43087,14
43275,43088,11
43276,43089,13
43277,43089,14
43278,43090,11
43279,43090,13
43280,43092,15
43281,43092,11
43282,43093,13
43283,43093,13
43284,43094,13
43285,43094,11
43286,43097,14
43287,43098,14
43288,43098,11
43289,43099,14
43290,43099,15
43291,43100,13
43292,43101,14
43293,43101,11
43294,43102,15
43295,43103,11
43296,43105,11
43297,43105,15
43298,43108,14
43299,43108,11
43300,43111,14
43301,43113,13
43302,43113,15
43303,43114,11
43304,43115,14
43305,43115,13
43306,43116,15
43307,43117,14
43308,43118,14
43309,43118,13
43310,43119,12
43311,43119,15
43312,43120,12
43313,43120,11
43314,43122,12
43315,43123,14
43316,43124,12
43317,43124,13
43318,43125,14
43319,43125,14
43320,43126,13
43321,43127,11
43322,43129,15
43323,43129,14
43324,43131,13
43325,43132,13
43326,43132,14
43327,43133,11
43328,43133,14
43329,43134,15
43330,43134,11
43331,43135,15
43332,43135,14
43333,43136,13
43334,43136,14
43335,43137,14
43336,43137,14
43337,43139,13
43338,43140,15
43339,43140,12
43340,43142,12
43341,43142,11
43342,43144,11
43343,43147,12
43344,43147,12
43345,43148,11
43346,43148,11
43347,43149,15
43348,43150,15
43349,43151,11
43350,43151,14
43351,43152,12
43352,43154,12
43353,43155,15
43354,43156,14
43355,43157,11
43356,43161,12
43357,43161,13
43358,43163,14
43359,43163,12
43360,43164,14
43361,43165,12
43362,43165,11
43363,43167,15
43364,43168,13
43365,43168,11
43366,43171,15
43367,43171,15
43368,43172,14
43369,43173,13
43370,43173,12
43371,43174,12
43372,43174,13
43373,43175,11
43374,43175,13
43375,43177,14
43376,43177,15
43377,43178,13
43378,43180,11
43379,43180,14
43380,43181,13
43381,43182,11
43382,43183,15
43383,43183,12
43384,43184,14
43385,43184,12
43386,43185,14
43387,43185,12
43388,43186,13
43389,43186,12
43390,43187,13
43391,43187,15
43392,43190,12
43393,43191,13
43394,43192,15
43395,43193,11
43396,43194,12
43397,43194,14
43398,43195,12
43399,43195,14
43400,43197,15
43401,43197,15
43402,43199,15
43403,43199,11
43404,43200,14
43405,43200,14
43406,43201,15
43407,43201,15
43408,43202,14
43409,43203,12
43410,43203,12
43411,43204,11
43412,43204,13
43413,43205,13
43414,43206,13
43415,43206,12
43416,43207,11
43417,43208,15
43418,43209,12
43419,43209,14
43420,43210,15
43421,43211,15
43422,43211,12
43423,43213,11
43424,43214,11
43425,43215,14
43426,43216,13
43427,43216,14
43428,43217,15
43429,43217,15
43430,43218,15
43431,43219,15
43432,43222,12
43433,43222,14
43434,43223,15
43435,43227,11
43436,43227,12
43437,43229,14
43438,43230,11
43439,43232,15
43440,43232,15
43441,43233,15
43442,43233,15
43443,43234,14
43444,43234,15
43445,43236,12
43446,43236,14
43447,43237,12
43448,43238,11
43449,43238,15
43450,43239,12
43451,43239,15
43452,43240,14
43453,43240,12
43454,43241,15
43455,43241,13
43456,43242,15
43457,43244,14
43458,43244,11
43459,43245,15
43460,43246,11
43461,43246,13
43462,43247,15
43463,43247,11
43464,43248,15
43465,43250,11
43466,43250,11
43467,43251,14
43468,43251,11
43469,43255,12
43470,43255,12
43471,43256,15
43472,43256,14
43473,43257,11
43474,43257,15
43475,43258,12
43476,43260,14
43477,43260,14
43478,43262,15
43479,43263,13
43480,43263,11
43481,43264,13
43482,43265,15
43483,43268,12
43484,43268,13
43485,43269,12
43486,43269,13
43487,43270,12
43488,43270,11
43489,43272,14
43490,43272,11
43491,43273,14
43492,43273,12
43493,43275,15
43494,43277,15
43495,43278,15
43496,43278,11
43497,43279,13
43498,43280,14
43499,43284,12
43500,43284,11
43501,43285,15
43502,43286,14
43503,43287,13
43504,43288,14
43505,43288,14
43506,43289,15
43507,43290,11
43508,43290,12
43509,43294,11
43510,43294,12
43511,43295,13
43512,43295,15
43513,43296,15
43514,43296,12
43515,43299,15
43516,43299,12
43517,43300,15
43518,43302,12
43519,43302,13
43520,43303,12
43521,43306,13
43522,43308,14
43523,43308,13
43524,43309,13
43525,43310,13
43526,43311,13
43527,43312,14
43528,43312,13
43529,43313,11
43530,43313,11
43531,43315,14
43532,43315,15
43533,43316,14
43534,43317,14
43535,43317,12
43536,43318,15
43537,43319,15
43538,43320,13
43539,43323,11
43540,43323,14
43541,43324,11
43542,43325,13
43543,43327,14
43544,43328,12
43545,43329,13
43546,43329,15
43547,43331,13
43548,43331,11
43549,43332,15
43550,43332,14
43551,43333,15
43552,43334,11
43553,43334,11
43554,43335,12
43555,43335,15
43556,43338,13
43557,43341,11
43558,43341,14
43559,43343,13
43560,43345,13
43561,43346,11
43562,43347,14
43563,43348,13
43564,43351,14
43565,43352,13
43566,43352,11
43567,43353,11
43568,43355,13
43569,43355,11
43570,43356,15
43571,43356,12
43572,43357,12
43573,43358,13
43574,43358,13
43575,43359,14
43576,43359,15
43577,43360,12
43578,43360,13
43579,43361,12
43580,43361,14
43581,43363,13
43582,43363,15
43583,43364,11
43584,43366,14
43585,43366,13
43586,43368,11
43587,43369,12
43588,43369,13
43589,43370,13
43590,43371,15
43591,43371,11
43592,43372,12
43593,43372,11
43594,43373,15
43595,43373,14
43596,43375,13
43597,43376,13
43598,43378,13
43599,43378,15
43600,43379,14
43601,43379,15
43602,43380,13
43603,43380,14
43604,43382,11
43605,43383,11
43606,43384,11
43607,43384,13
43608,43385,13
43609,43389,15
43610,43390,11
43611,43390,13
43612,43391,14
43613,43391,15
43614,43392,14
43615,43393,14
43616,43393,14
43617,43394,11
43618,43394,15
43619,43396,15
43620,43396,14
43621,43399,13
43622,43399,14
43623,43400,15
43624,43402,13
43625,43403,14
43626,43404,11
43627,43405,12
43628,43405,13
43629,43406,11
43630,43406,11
43631,43407,13
43632,43408,13
43633,43409,14
43634,43410,13
43635,43410,14
43636,43412,15
43637,43412,12
43638,43414,13
43639,43414,15
43640,43416,11
43641,43416,12
43642,43417,13
43643,43417,13
43644,43418,13
43645,43418,12
43646,43419,14
43647,43419,14
43648,43420,13
43649,43421,14
43650,43421,15
43651,43422,15
43652,43423,13
43653,43423,13
43654,43424,13
43655,43424,14
43656,43426,14
43657,43427,11
43658,43427,12
43659,43428,13
43660,43431,11
43661,43431,13
43662,43433,12
43663,43433,15
43664,43434,12
43665,43434,12
43666,43437,14
43667,43437,13
43668,43439,15
43669,43440,15
43670,43442,12
43671,43442,15
43672,43443,12
43673,43444,12
43674,43444,15
43675,43446,14
43676,43446,13
43677,43447,14
43678,43448,11
43679,43450,15
43680,43451,14
43681,43453,12
43682,43454,11
43683,43454,13
43684,43456,14
43685,43456,12
43686,43457,12
43687,43457,13
43688,43460,14
43689,43461,11
43690,43462,13
43691,43462,11
43692,43463,14
43693,43464,13
43694,43464,11
43695,43465,12
43696,43465,13
43697,43468,13
43698,43468,12
43699,43469,14
43700,43470,14
43701,43470,14
43702,43472,11
43703,43472,14
43704,43473,11
43705,43474,14
43706,43474,15
43707,43476,12
43708,43476,13
43709,43477,15
43710,43478,11
43711,43478,15
43712,43479,14
43713,43481,15
43714,43481,11
43715,43482,11
43716,43483,14
43717,43484,11
43718,43484,13
43719,43485,12
43720,43486,11
43721,43486,14
43722,43488,14
43723,43491,14
43724,43491,13
43725,43492,11
43726,43492,14
43727,43493,15
43728,43494,11
43729,43495,15
43730,43495,14
43731,43496,13
43732,43497,14
43733,43497,15
43734,43498,13
43735,43498,13
43736,43499,11
43737,43499,13
43738,43500,15
43739,43500,11
43740,43501,11
43741,43502,13
43742,43502,12
43743,43503,12
43744,43508,13
43745,43511,12
43746,43511,14
43747,43512,11
43748,43512,12
43749,43513,13
43750,43514,14
43751,43514,15
43752,43518,14
43753,43519,13
43754,43520,13
43755,43520,15
43756,43522,15
43757,43522,15
43758,43523,13
43759,43524,15
43760,43527,13
43761,43528,12
43762,43528,13
43763,43529,15
43764,43530,14
43765,43530,12
43766,43532,12
43767,43532,14
43768,43535,14
43769,43537,12
43770,43539,11
43771,43540,15
43772,43542,14
43773,43542,13
43774,43545,15
43775,43545,11
43776,43546,11
43777,43546,15
43778,43547,13
43779,43550,14
43780,43551,13
43781,43552,14
43782,43552,15
43783,43554,14
43784,43554,11
43785,43555,13
43786,43557,12
43787,43558,15
43788,43558,14
43789,43559,12
43790,43559,15
43791,43560,15
43792,43560,14
43793,43562,14
43794,43562,15
43795,43563,12
43796,43563,11
43797,43565,12
43798,43567,12
43799,43569,11
43800,43573,11
43801,43574,13
43802,43574,11
43803,43575,15
43804,43577,12
43805,43577,15
43806,43578,13
43807,43579,11
43808,43579,13
43809,43581,13
43810,43582,15
43811,43583,15
43812,43583,14
43813,43584,13
43814,43585,15
43815,43585,11
43816,43587,13
43817,43587,11
43818,43590,11
43819,43590,12
43820,43592,13
43821,43592,14
43822,43594,11
43823,43594,11
43824,43597,14
43825,43597,14
43826,43599,12
43827,43599,15
43828,43600,13
43829,43601,11
43830,43602,14
43831,43602,11
43832,43603,14
43833,43603,14
43834,43604,14
43835,43604,15
43836,43605,15
43837,43606,14
43838,43607,13
43839,43608,12
43840,43609,11
43841,43610,11
43842,43610,14
43843,43612,11
43844,43612,13
43845,43616,13
43846,43618,11
43847,43618,11
43848,43619,13
43849,43622,11
43850,43622,15
43851,43624,12
43852,43624,11
43853,43626,15
43854,43626,11
43855,43627,15
43856,43627,13
43857,43628,15
43858,43628,14
43859,43629,12
43860,43629,11
43861,43631,14
43862,43631,12
43863,43632,13
43864,43632,12
43865,43633,15
43866,43633,11
43867,43635,14
43868,43635,13
43869,43636,13
43870,43637,12
43871,43638,12
43872,43638,15
43873,43640,12
43874,43641,14
43875,43642,13
43876,43642,11
43877,43644,12
43878,43644,14
43879,43645,11
43880,43645,13
43881,43647,13
43882,43650,15
43883,43650,15
43884,43651,14
43885,43651,13
43886,43654,14
43887,43656,13
43888,43656,12
43889,43658,11
43890,43659,15
43891,43660,11
43892,43661,14
43893,43661,15
43894,43663,11
43895,43663,14
43896,43665,15
43897,43667,12
43898,43668,13
43899,43668,14
43900,43669,13
43901,43671,12
43902,43671,12
43903,43672,14
43904,43673,12
43905,43673,14
43906,43674,13
43907,43674,12
43908,43675,12
43909,43676,11
43910,43677,12
43911,43678,14
43912,43679,13
43913,43679,14
43914,43680,13
43915,43681,11
43916,43682,11
43917,43682,12
43918,43683,14
43919,43685,14
43920,43687,13
43921,43689,15
43922,43689,11
43923,43690,14
43924,43691,13
43925,43694,12
43926,43694,15
43927,43695,14
43928,43695,11
43929,43697,12
43930,43697,12
43931,43698,14
43932,43698,14
43933,43699,13
43934,43700,13
43935,43700,14
43936,43701,13
43937,43701,13
43938,43702,14
43939,43702,13
43940,43703,14
43941,43703,12
43942,43705,11
43943,43705,12
43944,43706,15
43945,43709,12
43946,43710,13
43947,43710,12
43948,43711,14
43949,43713,13
43950,43713,11
43951,43714,12
43952,43715,12
43953,43717,15
43954,43718,12
43955,43718,11
43956,43719,11
43957,43719,14
43958,43720,14
43959,43720,11
43960,43721,15
43961,43723,12
43962,43723,15
43963,43724,15
43964,43724,15
43965,43726,11
43966,43727,13
43967,43727,13
43968,43728,15
43969,43728,15
43970,43729,12
43971,43729,13
43972,43731,13
43973,43731,11
43974,43733,12
43975,43735,15
43976,43735,11
43977,43738,13
43978,43738,13
43979,43739,14
43980,43740,15
43981,43740,15
43982,43742,14
43983,43744,12
43984,43744,14
43985,43745,14
43986,43745,11
43987,43746,15
43988,43746,14
43989,43748,15
43990,43750,15
43991,43750,14
43992,43751,14
43993,43751,15
43994,43754,15
43995,43754,15
43996,43755,12
43997,43755,12
43998,43756,15
43999,43756,13
44000,43759,15
44001,43760,12
44002,43762,15
44003,43762,11
44004,43763,12
44005,43763,13
44006,43764,13
44007,43765,12
44008,43766,15
44009,43767,13
44010,43768,11
44011,43768,15
44012,43771,13
44013,43772,11
44014,43773,12
44015,43774,11
44016,43778,12
44017,43780,12
44018,43782,12
44019,43783,13
44020,43784,13
44021,43785,12
44022,43786,14
44023,43786,12
44024,43788,14
44025,43790,14
44026,43792,14
44027,43792,13
44028,43793,11
44029,43793,11
44030,43794,13
44031,43794,14
44032,43795,12
44033,43795,14
44034,43797,11
44035,43800,11
44036,43801,14
44037,43802,15
44038,43802,14
44039,43803,14
44040,43803,12
44041,43804,14
44042,43805,15
44043,43806,15
44044,43806,13
44045,43807,13
44046,43807,11
44047,43808,15
44048,43808,12
44049,43810,11
44050,43810,15
44051,43811,12
44052,43811,13
44053,43814,15
44054,43815,15
44055,43817,11
44056,43818,15
44057,43818,13
44058,43820,12
44059,43821,13
44060,43823,11
44061,43823,12
44062,43824,12
44063,43825,15
44064,43827,15
44065,43827,15
44066,43828,14
44067,43828,15
44068,43829,11
44069,43831,12
44070,43832,11
44071,43834,13
44072,43835,15
44073,43836,12
44074,43836,15
44075,43837,11
44076,43837,15
44077,43839,13
44078,43840,12
44079,43840,11
44080,43841,12
44081,43841,14
44082,43842,14
44083,43844,13
44084,43847,14
44085,43847,13
44086,43848,14
44087,43849,13
44088,43849,11
44089,43850,14
44090,43851,13
44091,43852,14
44092,43852,13
44093,43855,12
44094,43859,11
44095,43860,11
44096,43861,14
44097,43862,12
44098,43863,11
44099,43864,14
44100,43865,11
44101,43868,12
44102,43868,13
44103,43870,12
44104,43870,12
44105,43871,11
44106,43871,12
44107,43872,13
44108,43872,14
44109,43873,12
44110,43873,12
44111,43874,15
44112,43874,14
44113,43875,13
44114,43875,14
44115,43876,14
44116,43876,11
44117,43877,12
44118,43877,15
44119,43879,13
44120,43879,15
44121,43882,14
44122,43883,12
44123,43883,13
44124,43885,15
44125,43886,13
44126,43886,12
44127,43887,13
44128,43888,14
44129,43889,12
44130,43890,11
44131,43890,11
44132,43892,13
44133,43892,11
44134,43893,12
44135,43893,11
44136,43894,12
44137,43894,12
44138,43895,11
44139,43895,11
44140,43896,11
44141,43896,14
44142,43898,12
44143,43898,14
44144,43899,12
44145,43900,11
44146,43900,11
44147,43903,14
44148,43903,15
44149,43904,13
44150,43906,12
44151,43906,15
44152,43907,12
44153,43908,12
44154,43910,15
44155,43910,13
44156,43911,14
44157,43911,14
44158,43912,15
44159,43912,12
44160,43914,11
44161,43915,11
44162,43915,11
44163,43916,14
44164,43916,14
44165,43917,13
44166,43917,13
44167,43920,15
44168,43920,15
44169,43922,14
44170,43922,15
44171,43923,12
44172,43923,14
44173,43924,13
44174,43926,12
44175,43927,14
44176,43927,12
44177,43929,12
44178,43930,15
44179,43932,15
44180,43933,14
44181,43933,12
44182,43934,15
44183,43934,12
44184,43935,11
44185,43936,14
44186,43936,11
44187,43937,11
44188,43937,14
44189,43938,12
44190,43939,12
44191,43940,12
44192,43940,13
44193,43941,13
44194,43942,14
44195,43942,11
44196,43943,15
44197,43943,13
44198,43945,15
44199,43946,14
44200,43949,13
44201,43950,13
44202,43951,12
44203,43951,11
44204,43952,14
44205,43952,12
44206,43953,13
44207,43953,13
44208,43954,15
44209,43955,14
44210,43957,14
44211,43957,11
44212,43959,14
44213,43959,12
44214,43960,12
44215,43960,14
44216,43962,11
44217,43962,13
44218,43965,13
44219,43965,13
44220,43966,14
44221,43967,11
44222,43968,11
44223,43971,14
44224,43973,15
44225,43973,14
44226,43974,11
44227,43974,15
44228,43975,13
44229,43977,13
44230,43977,11
44231,43979,11
44232,43983,14
44233,43983,11
44234,43987,11
44235,43988,12
44236,43988,14
44237,43989,13
44238,43989,12
44239,43992,13
44240,43992,13
44241,43993,13
44242,43994,15
44243,43994,12
44244,43995,11
44245,43995,12
44246,43998,12
44247,43998,12
44248,43999,13
44249,44000,11
44250,44000,14
44251,44001,12
44252,44001,14
44253,44002,11
44254,44003,13
44255,44003,11
44256,44004,13
44257,44005,11
44258,44005,15
44259,44006,12
44260,44006,14
44261,44007,12
44262,44007,12
44263,44008,13
44264,44009,12
44265,44009,13
44266,44011,11
44267,44012,15
44268,44012,13
44269,44013,11
44270,44013,14
44271,44014,12
44272,44014,14
44273,44015,15
44274,44016,14
44275,44017,12
44276,44017,13
44277,44018,14
44278,44018,12
44279,44019,13
44280,44019,12
44281,44020,13
44282,44020,14
44283,44022,12
44284,44022,13
44285,44023,12
44286,44024,11
44287,44026,11
44288,44026,15
44289,44028,14
44290,44028,15
44291,44029,14
44292,44029,12
44293,44031,12
44294,44031,12
44295,44032,15
44296,44032,12
44297,44033,15
44298,44033,14
44299,44034,11
44300,44034,12
44301,44037,11
44302,44039,12
44303,44042,12
44304,44043,12
44305,44044,14
44306,44045,12
44307,44045,12
44308,44046,14
44309,44047,11
44310,44048,13
44311,44049,14
44312,44049,11
44313,44051,12
44314,44051,13
44315,44052,15
44316,44054,14
44317,44054,11
44318,44055,13
44319,44058,14
44320,44059,13
44321,44059,14
44322,44060,12
44323,44060,14
44324,44064,11
44325,44065,12
44326,44065,11
44327,44066,15
44328,44066,14
44329,44069,15
44330,44074,13
44331,44074,15
44332,44076,12
44333,44076,15
44334,44077,14
44335,44077,15
44336,44079,11
44337,44079,11
44338,44081,14
44339,44081,13
44340,44084,13
44341,44084,13
44342,44085,12
44343,44086,11
44344,44086,13
44345,44089,14
44346,44089,11
44347,44091,13
44348,44091,11
44349,44092,13
44350,44092,15
44351,44094,14
44352,44095,14
44353,44095,14
44354,44096,13
44355,44096,11
44356,44097,15
44357,44097,11
44358,44098,11
44359,44098,12
44360,44099,11
44361,44100,14
44362,44102,11
44363,44103,14
44364,44104,12
44365,44105,12
44366,44108,13
44367,44108,13
44368,44109,13
44369,44111,12
44370,44111,15
44371,44112,12
44372,44113,14
44373,44113,12
44374,44115,14
44375,44115,15
44376,44116,13
44377,44116,11
44378,44117,11
44379,44118,13
44380,44118,11
44381,44119,14
44382,44120,12
44383,44120,14
44384,44122,14
44385,44124,13
44386,44124,14
44387,44125,11
44388,44125,13
44389,44126,12
44390,44126,14
44391,44127,11
44392,44127,15
44393,44129,15
44394,44129,11
44395,44130,12
44396,44130,13
44397,44131,14
44398,44131,11
44399,44132,15
44400,44133,12
44401,44133,14
44402,44134,15
44403,44135,14
44404,44137,12
44405,44138,12
44406,44138,15
44407,44140,11
44408,44140,12
44409,44141,15
44410,44143,13
44411,44143,14
44412,44145,15
44413,44146,12
44414,44147,13
44415,44148,14
44416,44149,15
44417,44150,13
44418,44150,13
44419,44151,11
44420,44151,13
44421,44152,11
44422,44152,13
44423,44153,13
44424,44154,12
44425,44155,14
44426,44155,15
44427,44156,15
44428,44157,11
44429,44159,15
44430,44159,15
44431,44160,12
44432,44162,11
44433,44162,13
44434,44163,11
44435,44163,11
44436,44166,14
44437,44167,14
44438,44167,15
44439,44168,14
44440,44168,12
44441,44170,13
44442,44171,14
44443,44171,12
44444,44172,13
44445,44174,15
44446,44174,14
44447,44175,13
44448,44175,14
44449,44177,12
44450,44177,15
44451,44181,11
44452,44181,12
44453,44183,11
44454,44183,15
44455,44185,15
44456,44185,15
44457,44186,11
44458,44189,12
44459,44189,14
44460,44190,15
44461,44190,15
44462,44192,12
44463,44195,13
44464,44195,15
44465,44196,14
44466,44196,15
44467,44198,12
44468,44198,12
44469,44199,11
44470,44199,11
44471,44200,14
44472,44200,15
44473,44202,15
44474,44204,12
44475,44204,12
44476,44205,13
44477,44205,13
44478,44206,14
44479,44206,13
44480,44207,11
44481,44207,13
44482,44208,11
44483,44208,11
44484,44209,13
44485,44209,12
44486,44210,15
44487,44212,11
44488,44213,12
44489,44213,11
44490,44215,15
44491,44217,13
44492,44218,13
44493,44219,14
44494,44219,11
44495,44222,14
44496,44222,12
44497,44223,12
44498,44223,11
44499,44224,15
44500,44226,15
44501,44227,15
44502,44228,13
44503,44228,13
44504,44230,12
44505,44231,13
44506,44233,12
44507,44234,13
44508,44235,11
44509,44239,11
44510,44240,12
44511,44241,11
44512,44241,11
44513,44244,15
44514,44244,11
44515,44246,15
44516,44246,14
44517,44248,12
44518,44248,12
44519,44249,13
44520,44249,14
44521,44250,14
44522,44250,13
44523,44251,12
44524,44254,11
44525,44254,12
44526,44255,11
44527,44255,13
44528,44260,12
44529,44260,12
44530,44261,11
44531,44261,12
44532,44262,11
44533,44262,15
44534,44264,15
44535,44265,15
44536,44265,13
44537,44268,11
44538,44270,11
44539,44271,12
44540,44274,12
44541,44275,11
44542,44275,12
44543,44279,13
44544,44281,12
44545,44282,15
44546,44284,14
44547,44284,13
44548,44285,13
44549,44285,15
44550,44287,12
44551,44287,15
44552,44288,14
44553,44288,11
44554,44290,12
44555,44291,14
44556,44293,12
44557,44295,15
44558,44295,11
44559,44296,14
44560,44296,12
44561,44298,12
44562,44298,11
44563,44300,15
44564,44302,12
44565,44303,12
44566,44303,13
44567,44305,11
44568,44306,11
44569,44306,14
44570,44307,11
44571,44307,14
44572,44308,11
44573,44309,15
44574,44311,15
44575,44311,13
44576,44314,12
44577,44315,12
44578,44316,12
44579,44316,11
44580,44317,15
44581,44320,12
44582,44320,14
44583,44321,14
44584,44322,15
44585,44322,15
44586,44324,12
44587,44327,14
44588,44328,14
44589,44329,13
44590,44329,14
44591,44330,12
44592,44330,15
44593,44331,13
44594,44336,12
44595,44337,15
44596,44337,11
44597,44338,12
44598,44341,12
44599,44342,11
44600,44343,14
44601,44343,14
44602,44346,12
44603,44350,12
44604,44350,13
44605,44351,12
44606,44352,13
44607,44353,12
44608,44353,13
44609,44354,12
44610,44356,13
44611,44357,15
44612,44358,12
44613,44359,15
44614,44362,12
44615,44364,14
44616,44365,14
44617,44367,12
44618,44368,14
44619,44370,13
44620,44373,15
44621,44373,15
44622,44374,14
44623,44374,12
44624,44378,12
44625,44378,12
44626,44381,11
44627,44382,11
44628,44383,15
44629,44383,13
44630,44384,11
44631,44384,15
44632,44385,14
44633,44385,14
44634,44390,14
44635,44390,15
44636,44393,11
44637,44393,12
44638,44396,13
44639,44398,14
44640,44398,14
44641,44399,14
44642,44401,13
44643,44401,11
44644,44402,13
44645,44402,11
44646,44403,15
44647,44403,14
44648,44407,14
44649,44407,11
44650,44408,14
44651,44409,14
44652,44409,12
44653,44410,11
44654,44410,12
44655,44412,14
44656,44412,11
44657,44413,15
44658,44413,15
44659,44414,12
44660,44414,12
44661,44417,14
44662,44417,15
44663,44419,15
44664,44421,15
44665,44421,14
44666,44422,15
44667,44423,13
44668,44423,11
44669,44424,15
44670,44425,13
44671,44426,14
44672,44428,13
44673,44430,14
44674,44431,13
44675,44431,14
44676,44432,14
44677,44433,15
44678,44433,13
44679,44434,14
44680,44434,12
44681,44435,13
44682,44435,12
44683,44436,15
44684,44438,14
44685,44438,14
44686,44440,12
44687,44441,12
44688,44443,12
44689,44443,13
44690,44444,12
44691,44444,14
44692,44445,15
44693,44446,15
44694,44446,15
44695,44448,12
44696,44450,14
44697,44450,14
44698,44451,12
44699,44452,14
44700,44452,13
44701,44454,14
44702,44455,13
44703,44455,15
44704,44456,14
44705,44457,12
44706,44457,12
44707,44459,15
44708,44459,14
44709,44461,13
44710,44461,15
44711,44462,14
44712,44462,14
44713,44463,15
44714,44464,15
44715,44465,14
44716,44465,12
44717,44466,14
44718,44466,15
44719,44467,12
44720,44467,12
44721,44468,13
44722,44468,12
44723,44469,14
44724,44469,15
44725,44470,13
44726,44470,15
44727,44471,12
44728,44474,11
44729,44478,15
44730,44479,12
44731,44480,14
44732,44481,13
44733,44483,11
44734,44484,13
44735,44484,15
44736,44486,13
44737,44490,13
44738,44490,14
44739,44494,15
44740,44494,11
44741,44496,12
44742,44497,11
44743,44497,13
44744,44498,12
44745,44499,13
44746,44499,13
44747,44500,15
44748,44502,15
44749,44504,15
44750,44504,12
44751,44505,14
44752,44506,12
44753,44506,13
44754,44507,11
44755,44508,14
44756,44508,14
44757,44509,14
44758,44511,12
44759,44511,12
44760,44512,13
44761,44512,15
44762,44513,13
44763,44514,15
44764,44516,14
44765,44516,14
44766,44517,15
44767,44517,15
44768,44518,15
44769,44519,14
44770,44519,12
44771,44520,14
44772,44520,12
44773,44524,13
44774,44526,11
44775,44526,13
44776,44530,13
44777,44531,13
44778,44532,12
44779,44533,15
44780,44533,12
44781,44535,13
44782,44536,14
44783,44538,12
44784,44539,15
44785,44539,14
44786,44540,14
44787,44540,14
44788,44541,15
44789,44541,11
44790,44542,13
44791,44542,14
44792,44544,13
44793,44545,15
44794,44546,13
44795,44546,13
44796,44548,15
44797,44549,14
44798,44550,15
44799,44552,15
44800,44553,12
44801,44555,13
44802,44555,13
44803,44556,13
44804,44556,13
44805,44557,13
44806,44557,15
44807,44558,15
44808,44558,11
44809,44559,13
44810,44559,12
44811,44561,11
44812,44561,13
44813,44563,12
44814,44565,15
44815,44565,15
44816,44566,13
44817,44566,15
44818,44567,11
44819,44567,12
44820,44568,11
44821,44569,12
44822,44570,14
44823,44570,13
44824,44571,15
44825,44571,14
44826,44573,12
44827,44575,11
44828,44576,12
44829,44577,12
44830,44579,13
44831,44579,14
44832,44580,15
44833,44580,13
44834,44581,13
44835,44581,14
44836,44582,13
44837,44582,15
44838,44583,12
44839,44583,15
44840,44584,12
44841,44585,15
44842,44586,13
44843,44587,14
44844,44587,15
44845,44588,15
44846,44588,14
44847,44590,14
44848,44590,13
44849,44593,12
44850,44593,15
44851,44595,14
44852,44598,11
44853,44599,12
44854,44600,13
44855,44601,13
44856,44602,13
44857,44604,15
44858,44604,14
44859,44606,15
44860,44607,15
44861,44610,12
44862,44610,12
44863,44611,12
44864,44611,13
44865,44612,14
44866,44612,13
44867,44613,11
44868,44616,11
44869,44617,14
44870,44618,11
44871,44618,13
44872,44620,13
44873,44620,12
44874,44621,11
44875,44623,12
44876,44623,11
44877,44625,13
44878,44626,14
44879,44626,11
44880,44628,14
44881,44629,11
44882,44630,11
44883,44631,11
44884,44631,12
44885,44632,13
44886,44632,11
44887,44633,12
44888,44633,11
44889,44635,13
44890,44635,12
44891,44637,13
44892,44637,14
44893,44638,13
44894,44640,11
44895,44645,11
44896,44646,12
44897,44647,12
44898,44649,12
44899,44649,11
44900,44650,13
44901,44650,12
44902,44651,11
44903,44651,12
44904,44652,14
44905,44652,15
44906,44654,14
44907,44655,15
44908,44655,12
44909,44656,15
44910,44659,14
44911,44660,13
44912,44660,14
44913,44663,14
44914,44665,12
44915,44666,13
44916,44668,13
44917,44669,13
44918,44669,11
44919,44670,11
44920,44671,15
44921,44672,13
44922,44673,13
44923,44673,13
44924,44674,13
44925,44676,13
44926,44679,13
44927,44679,11
44928,44680,14
44929,44680,13
44930,44681,14
44931,44681,14
44932,44682,13
44933,44683,11
44934,44683,11
44935,44684,13
44936,44684,14
44937,44685,14
44938,44686,11
44939,44687,13
44940,44687,11
44941,44689,12
44942,44692,13
44943,44693,12
44944,44694,15
44945,44695,11
44946,44695,15
44947,44696,12
44948,44696,11
44949,44697,11
44950,44697,13
44951,44699,13
44952,44699,15
44953,44702,13
44954,44702,13
44955,44703,14
44956,44703,14
44957,44704,13
44958,44704,12
44959,44705,13
44960,44707,14
44961,44708,12
44962,44709,11
44963,44709,11
44964,44710,11
44965,44713,11
44966,44713,15
44967,44715,15
44968,44717,13
44969,44718,13
44970,44718,15
44971,44722,14
44972,44722,11
44973,44724,13
44974,44725,14
44975,44725,12
44976,44728,11
44977,44729,15
44978,44730,14
44979,44730,14
44980,44731,11
44981,44731,12
44982,44733,14
44983,44734,15
44984,44734,13
44985,44736,15
44986,44736,13
44987,44740,11
44988,44740,15
44989,44742,15
44990,44745,11
44991,44745,12
44992,44749,12
44993,44749,12
44994,44750,12
44995,44752,11
44996,44752,13
44997,44754,15
44998,44755,13
44999,44755,11
45000,44756,15
45001,44757,14
45002,44757,13
45003,44759,14
45004,44761,15
45005,44762,14
45006,44762,15
45007,44763,13
45008,44767,13
45009,44768,14
45010,44768,12
45011,44770,12
45012,44770,14
45013,44774,12
45014,44775,12
45015,44776,12
45016,44777,11
45017,44777,13
45018,44779,14
45019,44779,12
45020,44780,11
45021,44781,11
45022,44781,14
45023,44782,15
45024,44782,11
45025,44783,12
45026,44785,14
45027,44785,11
45028,44787,11
45029,44787,14
45030,44788,14
45031,44789,12
45032,44790,14
45033,44790,13
45034,44791,13
45035,44794,14
45036,44795,13
45037,44795,12
45038,44796,14
45039,44799,12
45040,44800,13
45041,44800,13
45042,44801,13
45043,44801,15
45044,44802,13
45045,44802,11
45046,44803,13
45047,44804,12
45048,44804,13
45049,44805,12
45050,44805,14
45051,44807,14
45052,44807,12
45053,44809,12
45054,44810,11
45055,44810,11
45056,44811,15
45057,44813,12
45058,44813,15
45059,44814,12
45060,44814,11
45061,44815,14
45062,44816,14
45063,44817,14
45064,44818,11
45065,44818,13
45066,44819,12
45067,44820,13
45068,44821,12
45069,44821,15
45070,44822,12
45071,44822,13
45072,44823,12
45073,44825,15
45074,44825,13
45075,44829,15
45076,44829,14
45077,44830,15
45078,44830,11
45079,44832,14
45080,44833,15
45081,44833,13
45082,44835,12
45083,44836,15
45084,44837,15
45085,44839,13
45086,44839,15
45087,44840,12
45088,44841,12
45089,44841,11
45090,44842,14
45091,44844,12
45092,44844,12
45093,44845,14
45094,44845,11
45095,44847,15
45096,44849,15
45097,44849,14
45098,44850,13
45099,44850,12
45100,44852,13
45101,44852,13
45102,44853,14
45103,44854,13
45104,44854,12
45105,44855,12
45106,44857,14
45107,44857,14
45108,44859,13
45109,44861,12
45110,44863,11
45111,44864,11
45112,44864,12
45113,44865,14
45114,44865,13
45115,44866,11
45116,44866,14
45117,44867,15
45118,44867,13
45119,44868,15
45120,44872,12
45121,44874,11
45122,44874,14
45123,44876,12
45124,44879,14
45125,44881,13
45126,44881,12
45127,44883,11
45128,44883,14
45129,44884,13
45130,44884,14
45131,44885,14
45132,44886,14
45133,44887,15
45134,44887,13
45135,44888,15
45136,44890,15
45137,44890,14
45138,44891,15
45139,44891,12
45140,44892,14
45141,44893,13
45142,44894,11
45143,44895,15
45144,44895,13
45145,44897,14
45146,44897,15
45147,44898,14
45148,44898,14
45149,44899,14
45150,44899,15
45151,44900,15
45152,44901,14
45153,44902,14
45154,44903,13
45155,44905,12
45156,44905,13
45157,44906,13
45158,44906,14
45159,44907,15
45160,44908,11
45161,44908,14
45162,44910,12
45163,44910,14
45164,44913,15
45165,44917,11
45166,44917,15
45167,44918,12
45168,44919,11
45169,44920,14
45170,44922,11
45171,44922,11
45172,44924,12
45173,44924,14
45174,44925,11
45175,44926,11
45176,44927,15
45177,44929,11
45178,44929,13
45179,44931,13
45180,44932,14
45181,44932,13
45182,44934,14
45183,44934,13
45184,44935,11
45185,44937,15
45186,44937,15
45187,44938,14
45188,44938,14
45189,44939,13
45190,44939,15
45191,44941,12
45192,44942,15
45193,44942,12
45194,44943,13
45195,44944,14
45196,44944,11
45197,44948,14
45198,44950,11
45199,44951,15
45200,44953,14
45201,44955,11
45202,44955,11
45203,44956,11
45204,44956,11
45205,44957,14
45206,44957,11
45207,44958,11
45208,44958,11
45209,44959,12
45210,44959,15
45211,44961,12
45212,44962,13
45213,44962,14
45214,44966,12
45215,44967,15
45216,44969,12
45217,44970,15
45218,44971,12
45219,44974,15
45220,44974,13
45221,44977,12
45222,44978,14
45223,44978,12
45224,44979,15
45225,44979,12
45226,44980,13
45227,44980,11
45228,44982,14
45229,44983,15
45230,44984,12
45231,44984,13
45232,44985,11
45233,44986,11
45234,44986,15
45235,44988,11
45236,44988,13
45237,44989,12
45238,44989,13
45239,44990,11
45240,44992,12
45241,44995,14
45242,44995,15
45243,44996,13
45244,44998,14
45245,44998,15
45246,44999,14
45247,45001,11
45248,45001,12
45249,45002,12
45250,45002,14
45251,45003,12
45252,45011,13
45253,45012,12
45254,45012,11
45255,45013,15
45256,45013,14
45257,45015,12
45258,45020,11
45259,45020,12
45260,45022,14
45261,45022,15
45262,45023,13
45263,45023,14
45264,45024,14
45265,45026,13
45266,45026,11
45267,45028,13
45268,45028,14
45269,45031,11
45270,45032,12
45271,45035,13
45272,45035,11
45273,45036,12
45274,45036,15
45275,45037,13
45276,45037,12
45277,45038,13
45278,45038,11
45279,45039,15
45280,45039,11
45281,45041,12
45282,45041,12
45283,45042,11
45284,45043,12
45285,45043,15
45286,45044,15
45287,45046,12
45288,45046,12
45289,45049,11
45290,45049,12
45291,45050,14
45292,45051,15
45293,45053,11
45294,45053,14
45295,45054,12
45296,45054,13
45297,45056,13
45298,45057,15
45299,45058,13
45300,45058,13
45301,45059,13
45302,45059,11
45303,45062,13
45304,45063,13
45305,45064,11
45306,45065,14
45307,45065,13
45308,45066,14
45309,45067,12
45310,45073,11
45311,45073,13
45312,45074,11
45313,45076,13
45314,45076,14
45315,45077,14
45316,45077,15
45317,45078,15
45318,45078,15
45319,45079,11
45320,45081,15
45321,45081,12
45322,45082,11
45323,45082,14
45324,45084,15
45325,45085,15
45326,45090,15
45327,45091,15
45328,45091,14
45329,45093,15
45330,45093,13
45331,45095,12
45332,45097,15
45333,45098,14
45334,45101,15
45335,45101,12
45336,45103,14
45337,45104,15
45338,45104,14
45339,45105,13
45340,45107,12
45341,45107,11
45342,45108,11
45343,45108,11
45344,45111,12
45345,45111,11
45346,45112,11
45347,45112,12
45348,45113,14
45349,45114,14
45350,45115,14
45351,45115,14
45352,45116,15
45353,45117,11
45354,45117,11
45355,45118,13
45356,45119,13
45357,45119,15
45358,45120,13
45359,45120,13
45360,45121,15
45361,45121,14
45362,45122,11
45363,45122,14
45364,45124,14
45365,45124,15
45366,45125,13
45367,45125,12
45368,45126,14
45369,45126,14
45370,45127,12
45371,45127,12
45372,45128,12
45373,45129,12
45374,45129,14
45375,45130,11
45376,45130,12
45377,45131,13
45378,45132,11
45379,45132,15
45380,45134,15
45381,45134,13
45382,45136,13
45383,45138,15
45384,45139,12
45385,45140,14
45386,45140,13
45387,45142,15
45388,45142,12
45389,45144,13
45390,45144,14
45391,45148,11
45392,45150,14
45393,45150,15
45394,45151,11
45395,45152,14
45396,45152,14
45397,45155,11
45398,45155,14
45399,45156,15
45400,45157,15
45401,45157,11
45402,45159,13
45403,45159,11
45404,45163,11
45405,45163,15
45406,45165,12
45407,45166,13
45408,45167,13
45409,45169,12
45410,45169,15
45411,45170,13
45412,45171,15
45413,45172,11
45414,45174,13
45415,45174,13
45416,45176,11
45417,45176,11
45418,45179,15
45419,45179,11
45420,45180,14
45421,45181,13
45422,45182,11
45423,45183,13
45424,45184,14
45425,45184,14
45426,45185,15
45427,45187,11
45428,45187,11
45429,45188,15
45430,45188,11
45431,45189,14
45432,45190,12
45433,45190,15
45434,45192,14
45435,45193,12
45436,45193,11
45437,45196,15
45438,45197,12
45439,45197,11
45440,45199,11
45441,45199,14
45442,45201,14
45443,45203,13
45444,45204,13
45445,45208,12
45446,45208,13
45447,45210,14
45448,45211,12
45449,45214,15
45450,45215,14
45451,45216,13
45452,45217,13
45453,45217,12
45454,45218,12
45455,45218,15
45456,45222,11
45457,45223,15
45458,45223,14
45459,45224,12
45460,45224,14
45461,45226,13
45462,45228,14
45463,45229,12
45464,45232,14
45465,45234,15
45466,45236,11
45467,45239,13
45468,45241,11
45469,45241,11
45470,45243,11
45471,45245,11
45472,45246,13
45473,45246,15
45474,45247,11
45475,45249,13
45476,45250,14
45477,45250,14
45478,45252,15
45479,45252,11
45480,45254,12
45481,45255,13
45482,45255,14
45483,45257,11
45484,45257,14
45485,45258,11
45486,45258,15
45487,45261,14
45488,45262,11
45489,45262,15
45490,45263,13
45491,45263,11
45492,45265,13
45493,45266,13
45494,45266,11
45495,45267,11
45496,45269,14
45497,45270,14
45498,45271,14
45499,45271,15
45500,45273,12
45501,45274,15
45502,45275,11
45503,45275,12
45504,45276,12
45505,45276,12
45506,45277,11
45507,45279,15
45508,45280,11
45509,45281,11
45510,45282,12
45511,45282,15
45512,45283,11
45513,45284,14
45514,45285,13
45515,45286,13
45516,45288,12
45517,45288,12
45518,45289,14
45519,45290,12
45520,45290,14
45521,45291,12
45522,45292,12
45523,45294,11
45524,45295,14
45525,45296,14
45526,45300,13
45527,45300,15
45528,45301,11
45529,45301,13
45530,45302,14
45531,45303,14
45532,45303,13
45533,45304,15
45534,45304,12
45535,45305,12
45536,45306,14
45537,45309,14
45538,45310,12
45539,45310,11
45540,45311,15
45541,45311,13
45542,45312,12
45543,45312,14
45544,45313,12
45545,45313,15
45546,45314,11
45547,45315,14
45548,45315,12
45549,45322,14
45550,45324,13
45551,45325,14
45552,45325,12
45553,45327,14
45554,45328,15
45555,45329,11
45556,45330,15
45557,45334,15
45558,45335,13
45559,45336,11
45560,45337,13
45561,45337,14
45562,45338,13
45563,45338,15
45564,45339,11
45565,45340,12
45566,45340,11
45567,45341,14
45568,45341,12
45569,45343,13
45570,45344,14
45571,45346,15
45572,45346,12
45573,45347,13
45574,45348,12
45575,45348,13
45576,45349,12
45577,45349,13
45578,45350,12
45579,45351,14
45580,45352,12
45581,45352,12
45582,45353,12
45583,45354,14
45584,45354,15
45585,45355,13
45586,45355,14
45587,45356,14
45588,45356,15
45589,45357,12
45590,45358,15
45591,45358,12
45592,45359,14
45593,45359,14
45594,45361,15
45595,45361,11
45596,45362,13
45597,45362,12
45598,45363,14
45599,45364,13
45600,45364,11
45601,45365,11
45602,45366,15
45603,45366,15
45604,45367,12
45605,45367,12
45606,45368,12
45607,45368,11
45608,45369,15
45609,45369,12
45610,45370,15
45611,45371,14
45612,45371,11
45613,45372,11
45614,45372,13
45615,45373,11
45616,45373,14
45617,45374,12
45618,45374,15
45619,45375,15
45620,45376,13
45621,45376,12
45622,45377,15
45623,45378,12
45624,45378,15
45625,45379,12
45626,45380,11
45627,45382,11
45628,45384,15
45629,45384,14
45630,45385,11
45631,45386,14
45632,45386,15
45633,45387,15
45634,45388,13
45635,45388,13
45636,45390,14
45637,45391,13
45638,45391,12
45639,45392,11
45640,45392,12
45641,45393,11
45642,45393,15
45643,45395,13
45644,45396,15
45645,45396,14
45646,45397,11
45647,45398,15
45648,45400,13
45649,45401,11
45650,45402,11
45651,45405,11
45652,45406,14
45653,45407,13
45654,45408,13
45655,45408,14
45656,45409,12
45657,45410,15
45658,45410,12
45659,45411,12
45660,45412,11
45661,45414,12
45662,45414,15
45663,45416,13
45664,45417,11
45665,45418,15
45666,45418,12
45667,45419,15
45668,45419,15
45669,45423,15
45670,45423,15
45671,45424,11
45672,45425,11
45673,45427,12
45674,45427,11
45675,45429,11
45676,45430,13
45677,45430,14
45678,45432,11
45679,45433,13
45680,45433,13
45681,45435,15
45682,45436,12
45683,45437,13
45684,45440,13
45685,45441,13
45686,45442,11
45687,45445,12
45688,45447,15
45689,45449,13
45690,45449,14
45691,45450,15
45692,45452,11
45693,45453,12
45694,45454,15
45695,45456,15
45696,45456,15
45697,45457,14
45698,45459,12
45699,45459,12
45700,45461,12
45701,45461,13
45702,45462,15
45703,45462,14
45704,45465,14
45705,45465,15
45706,45467,13
45707,45467,13
45708,45469,12
45709,45469,12
45710,45470,13
45711,45471,11
45712,45472,11
45713,45472,12
45714,45473,14
45715,45473,12
45716,45474,11
45717,45474,11
45718,45475,15
45719,45479,15
45720,45481,14
45721,45482,11
45722,45484,13
45723,45485,15
45724,45486,15
45725,45486,14
45726,45487,11
45727,45487,11
45728,45488,14
45729,45489,13
45730,45489,13
45731,45492,14
45732,45495,11
45733,45495,15
45734,45496,13
45735,45496,11
45736,45499,14
45737,45500,14
45738,45502,12
45739,45503,13
45740,45505,15
45741,45505,11
45742,45508,14
45743,45509,15
45744,45509,12
45745,45510,12
45746,45511,11
45747,45511,15
45748,45513,13
45749,45513,11
45750,45514,12
45751,45514,14
45752,45515,13
45753,45517,12
45754,45519,11
45755,45519,12
45756,45520,12
45757,45520,14
45758,45521,12
45759,45522,15
45760,45523,11
45761,45524,12
45762,45524,14
45763,45525,15
45764,45526,12
45765,45526,12
45766,45527,11
45767,45527,11
45768,45528,14
45769,45528,12
45770,45531,11
45771,45533,13
45772,45533,11
45773,45536,13
45774,45536,12
45775,45539,14
45776,45540,15
45777,45540,13
45778,45541,14
45779,45541,15
45780,45542,11
45781,45542,15
45782,45543,12
45783,45545,12
45784,45545,15
45785,45546,12
45786,45548,11
45787,45548,13
45788,45549,12
45789,45549,14
45790,45553,12
45791,45554,13
45792,45556,14
45793,45562,15
45794,45562,14
45795,45563,12
45796,45563,11
45797,45565,11
45798,45566,11
45799,45567,11
45800,45569,15
45801,45570,14
45802,45570,15
45803,45571,11
45804,45572,11
45805,45572,12
45806,45575,11
45807,45575,15
45808,45576,12
45809,45577,15
45810,45577,14
45811,45578,11
45812,45579,11
45813,45579,15
45814,45583,11
45815,45587,13
45816,45589,12
45817,45590,11
45818,45590,12
45819,45591,11
45820,45592,14
45821,45593,12
45822,45595,13
45823,45598,12
45824,45602,12
45825,45602,11
45826,45603,11
45827,45606,14
45828,45606,14
45829,45607,13
45830,45607,12
45831,45608,14
45832,45609,13
45833,45609,15
45834,45610,13
45835,45611,15
45836,45614,11
45837,45616,15
45838,45616,14
45839,45618,14
45840,45620,14
45841,45621,11
45842,45621,11
45843,45624,11
45844,45624,15
45845,45625,15
45846,45626,12
45847,45627,13
45848,45627,15
45849,45628,13
45850,45628,12
45851,45629,12
45852,45631,13
45853,45631,13
45854,45633,12
45855,45633,15
45856,45634,11
45857,45634,14
45858,45635,13
45859,45636,11
45860,45637,15
45861,45639,11
45862,45640,15
45863,45640,11
45864,45641,15
45865,45644,13
45866,45644,15
45867,45645,15
45868,45646,15
45869,45648,11
45870,45648,11
45871,45649,13
45872,45650,12
45873,45650,15
45874,45652,13
45875,45654,14
45876,45656,13
45877,45656,14
45878,45658,15
45879,45658,12
45880,45659,11
45881,45660,14
45882,45660,12
45883,45663,15
45884,45663,11
45885,45664,15
45886,45664,13
45887,45665,15
45888,45665,13
45889,45666,11
45890,45666,14
45891,45667,12
45892,45668,11
45893,45669,11
45894,45670,13
45895,45670,15
45896,45671,12
45897,45673,11
45898,45675,12
45899,45675,13
45900,45676,15
45901,45676,11
45902,45677,15
45903,45678,15
45904,45680,12
45905,45681,14
45906,45681,12
45907,45682,12
45908,45682,13
45909,45686,11
45910,45686,15
45911,45689,11
45912,45691,14
45913,45691,15
45914,45692,12
45915,45693,14
45916,45695,15
45917,45695,14
45918,45696,12
45919,45696,15
45920,45697,15
45921,45698,12
45922,45698,14
45923,45699,14
45924,45699,15
45925,45700,12
45926,45701,13
45927,45701,14
45928,45702,12
45929,45705,13
45930,45706,11
45931,45708,14
45932,45708,11
45933,45709,13
45934,45711,12
45935,45711,15
45936,45713,13
45937,45713,12
45938,45714,15
45939,45716,12
45940,45716,13
45941,45717,15
45942,45717,14
45943,45719,12
45944,45719,13
45945,45721,11
45946,45723,12
45947,45725,14
45948,45726,14
45949,45726,13
45950,45727,12
45951,45728,11
45952,45731,15
45953,45731,14
45954,45732,11
45955,45732,13
45956,45733,14
45957,45733,15
45958,45734,14
45959,45736,14
45960,45737,15
45961,45738,11
45962,45740,11
45963,45740,14
45964,45745,13
45965,45745,15
45966,45746,15
45967,45748,15
45968,45750,11
45969,45750,11
45970,45751,11
45971,45752,14
45972,45752,15
45973,45753,14
45974,45753,15
45975,45754,13
45976,45754,13
45977,45757,12
45978,45757,15
45979,45758,13
45980,45760,13
45981,45760,12
45982,45762,12
45983,45762,13
45984,45763,11
45985,45763,15
45986,45764,13
45987,45765,11
45988,45766,14
45989,45766,15
45990,45768,14
45991,45768,13
45992,45770,11
45993,45771,12
45994,45771,11
45995,45772,14
45996,45772,13
45997,45773,14
45998,45774,15
45999,45775,15
46000,45777,14
46001,45777,15
46002,45778,12
46003,45778,13
46004,45779,14
46005,45779,15
46006,45780,15
46007,45781,11
46008,45782,14
46009,45782,14
46010,45784,11
46011,45784,14
46012,45785,12
46013,45786,14
46014,45787,11
46015,45787,11
46016,45790,13
46017,45790,11
46018,45791,12
46019,45791,11
46020,45792,12
46021,45792,11
46022,45793,15
46023,45794,12
46024,45795,14
46025,45798,15
46026,45798,14
46027,45801,13
46028,45803,14
46029,45803,11
46030,45804,13
46031,45805,11
46032,45808,12
46033,45809,11
46034,45811,15
46035,45811,13
46036,45812,12
46037,45814,11
46038,45815,14
46039,45815,12
46040,45816,15
46041,45818,11
46042,45820,12
46043,45821,13
46044,45824,12
46045,45825,14
46046,45826,15
46047,45826,15
46048,45828,11
46049,45828,11
46050,45829,12
46051,45830,13
46052,45830,14
46053,45831,14
46054,45831,14
46055,45833,11
46056,45833,12
46057,45834,14
46058,45834,12
46059,45835,14
46060,45835,15
46061,45837,11
46062,45839,14
46063,45840,14
46064,45840,11
46065,45841,13
46066,45842,14
46067,45845,12
46068,45845,14
46069,45847,15
46070,45849,13
46071,45850,13
46072,45850,12
46073,45851,15
46074,45851,13
46075,45852,12
46076,45852,13
46077,45853,14
46078,45853,12
46079,45854,14
46080,45855,11
46081,45856,12
46082,45857,13
46083,45858,14
46084,45858,12
46085,45859,15
46086,45859,11
46087,45862,12
46088,45862,11
46089,45863,14
46090,45863,14
46091,45864,12
46092,45864,13
46093,45865,15
46094,45866,14
46095,45867,11
46096,45867,12
46097,45868,13
46098,45868,15
46099,45869,11
46100,45869,11
46101,45870,15
46102,45870,12
46103,45872,11
46104,45872,12
46105,45874,13
46106,45875,15
46107,45875,14
46108,45876,11
46109,45876,14
46110,45877,11
46111,45877,14
46112,45880,12
46113,45882,12
46114,45882,15
46115,45884,13
46116,45886,13
46117,45886,11
46118,45888,12
46119,45888,15
46120,45889,15
46121,45890,15
46122,45896,11
46123,45897,15
46124,45899,12
46125,45899,13
46126,45904,13
46127,45905,12
46128,45905,14
46129,45906,13
46130,45907,13
46131,45907,13
46132,45908,14
46133,45908,14
46134,45911,13
46135,45911,15
46136,45913,13
46137,45914,11
46138,45917,14
46139,45918,11
46140,45919,13
46141,45920,12
46142,45921,11
46143,45921,15
46144,45922,11
46145,45922,14
46146,45923,14
46147,45926,12
46148,45927,11
46149,45928,11
46150,45928,13
46151,45930,15
46152,45931,12
46153,45933,13
46154,45934,15
46155,45935,13
46156,45936,12
46157,45936,11
46158,45937,12
46159,45937,14
46160,45939,11
46161,45940,15
46162,45941,12
46163,45941,12
46164,45942,13
46165,45942,13
46166,45944,11
46167,45945,12
46168,45946,15
46169,45946,11
46170,45948,14
46171,45949,11
46172,45949,15
46173,45950,13
46174,45950,15
46175,45951,12
46176,45951,15
46177,45953,15
46178,45955,13
46179,45959,12
46180,45960,15
46181,45961,13
46182,45961,15
46183,45964,13
46184,45965,12
46185,45969,14
46186,45970,15
46187,45972,15
46188,45972,15
46189,45973,14
46190,45973,15
46191,45974,12
46192,45974,14
46193,45975,15
46194,45976,12
46195,45976,14
46196,45977,12
46197,45977,13
46198,45980,13
46199,45981,15
46200,45981,14
46201,45982,11
46202,45983,12
46203,45985,15
46204,45986,14
46205,45987,12
46206,45988,13
46207,45989,14
46208,45989,13
46209,45990,13
46210,45991,15
46211,45993,11
46212,45993,14
46213,45994,11
46214,45994,12
46215,45995,12
46216,45996,15
46217,45997,13
46218,45998,13
46219,45998,12
46220,45999,11
46221,45999,12
46222,46001,14
46223,46001,15
46224,46002,12
46225,46002,15
46226,46004,15
46227,46004,15
46228,46006,13
46229,46008,14
46230,46008,12
46231,46009,11
46232,46010,13
46233,46010,11
46234,46011,14
46235,46011,14
46236,46013,12
46237,46015,12
46238,46016,15
46239,46017,12
46240,46017,12
46241,46019,14
46242,46019,15
46243,46020,13
46244,46021,13
46245,46021,15
46246,46022,14
46247,46022,14
46248,46024,14
46249,46024,13
46250,46025,11
46251,46026,11
46252,46026,15
46253,46028,14
46254,46028,13
46255,46030,15
46256,46030,12
46257,46032,15
46258,46033,15
46259,46034,13
46260,46034,11
46261,46035,15
46262,46035,12
46263,46036,13
46264,46036,13
46265,46037,13
46266,46038,13
46267,46039,14
46268,46040,15
46269,46041,13
46270,46043,11
46271,46043,11
46272,46045,14
46273,46046,12
46274,46046,14
46275,46047,12
46276,46048,15
46277,46049,12
46278,46049,15
46279,46050,13
46280,46051,11
46281,46052,13
46282,46052,13
46283,46056,13
46284,46057,14
46285,46058,15
46286,46060,12
46287,46061,12
46288,46061,13
46289,46062,13
46290,46063,11
46291,46064,12
46292,46065,13
46293,46066,13
46294,46066,12
46295,46067,12
46296,46068,11
46297,46072,13
46298,46072,12
46299,46074,15
46300,46076,13
46301,46076,15
46302,46077,11
46303,46081,13
46304,46083,12
46305,46084,13
46306,46084,11
46307,46086,14
46308,46087,12
46309,46087,15
46310,46089,15
46311,46089,12
46312,46092,15
46313,46092,11
46314,46094,12
46315,46094,13
46316,46095,13
46317,46097,12
46318,46097,12
46319,46098,14
46320,46098,15
46321,46099,11
46322,46100,12
46323,46100,13
46324,46101,11
46325,46103,14
46326,46105,11
46327,46105,14
46328,46106,13
46329,46106,14
46330,46107,13
46331,46107,14
46332,46108,13
46333,46109,14
46334,46111,11
46335,46112,13
46336,46112,11
46337,46113,13
46338,46114,12
46339,46115,14
46340,46115,12
46341,46116,11
46342,46116,13
46343,46117,14
46344,46117,12
46345,46118,11
46346,46119,11
46347,46120,14
46348,46120,14
46349,46121,13
46350,46121,12
46351,46122,11
46352,46122,14
46353,46124,14
46354,46124,13
46355,46127,13
46356,46128,12
46357,46128,11
46358,46129,14
46359,46129,12
46360,46130,12
46361,46131,14
46362,46131,15
46363,46132,14
46364,46133,13
46365,46133,13
46366,46134,11
46367,46134,13
46368,46135,13
46369,46135,12
46370,46138,13
46371,46138,14
46372,46140,12
46373,46140,15
46374,46141,12
46375,46141,12
46376,46142,14
46377,46142,12
46378,46143,15
46379,46143,15
46380,46145,12
46381,46145,12
46382,46146,15
46383,46146,14
46384,46147,15
46385,46148,11
46386,46148,12
46387,46149,13
46388,46149,12
46389,46151,15
46390,46152,14
46391,46152,11
46392,46153,13
46393,46154,13
46394,46155,12
46395,46156,12
46396,46156,14
46397,46157,14
46398,46157,12
46399,46158,14
46400,46158,12
46401,46159,13
46402,46160,12
46403,46161,11
46404,46161,12
46405,46162,15
46406,46162,11
46407,46163,11
46408,46164,11
46409,46164,14
46410,46165,13
46411,46166,12
46412,46166,12
46413,46168,14
46414,46170,12
46415,46170,14
46416,46171,14
46417,46171,12
46418,46173,12
46419,46175,13
46420,46175,11
46421,46179,11
46422,46179,14
46423,46181,12
46424,46182,14
46425,46182,12
46426,46183,15
46427,46184,14
46428,46186,11
46429,46187,13
46430,46188,12
46431,46191,13
46432,46191,15
46433,46193,13
46434,46194,14
46435,46196,14
46436,46197,15
46437,46198,12
46438,46198,12
46439,46199,11
46440,46200,14
46441,46200,11
46442,46201,15
46443,46202,14
46444,46204,14
46445,46205,14
46446,46208,11
46447,46209,11
46448,46214,11
46449,46215,12
46450,46216,13
46451,46220,14
46452,46220,14
46453,46221,13
46454,46221,12
46455,46222,12
46456,46223,12
46457,46223,15
46458,46224,12
46459,46225,15
46460,46227,15
46461,46227,11
46462,46229,12
46463,46230,12
46464,46231,12
46465,46231,14
46466,46232,11
46467,46233,14
46468,46233,14
46469,46234,14
46470,46234,11
46471,46235,14
46472,46235,12
46473,46236,11
46474,46237,12
46475,46238,12
46476,46238,12
46477,46239,15
46478,46239,14
46479,46240,14
46480,46240,14
46481,46242,14
46482,46242,12
46483,46243,15
46484,46244,13
46485,46244,11
46486,46245,11
46487,46245,14
46488,46246,12
46489,46247,13
46490,46250,11
46491,46252,13
46492,46253,13
46493,46254,15
46494,46254,11
46495,46258,14
46496,46258,15
46497,46260,11
46498,46260,11
46499,46261,12
46500,46262,14
46501,46264,15
46502,46265,11
46503,46266,13
46504,46266,13
46505,46268,14
46506,46269,15
46507,46269,11
46508,46270,14
46509,46270,12
46510,46271,12
46511,46271,14
46512,46273,13
46513,46276,12
46514,46278,11
46515,46279,11
46516,46279,11
46517,46280,12
46518,46281,11
46519,46283,13
46520,46285,15
46521,46285,12
46522,46286,11
46523,46286,12
46524,46287,12
46525,46289,14
46526,46290,13
46527,46292,13
46528,46292,15
46529,46293,15
46530,46293,14
46531,46294,12
46532,46296,13
46533,46298,14
46534,46299,15
46535,46299,15
46536,46301,15
46537,46301,13
46538,46303,12
46539,46304,13
46540,46306,11
46541,46306,14
46542,46307,14
46543,46309,13
46544,46310,13
46545,46310,14
46546,46312,11
46547,46312,11
46548,46313,15
46549,46313,11
46550,46314,14
46551,46316,14
46552,46317,14
46553,46318,11
46554,46319,15
46555,46321,13
46556,46321,14
46557,46322,15
46558,46322,14
46559,46323,11
46560,46323,11
46561,46324,11
46562,46324,13
46563,46325,15
46564,46325,12
46565,46327,13
46566,46328,14
46567,46329,15
46568,46329,12
46569,46330,13
46570,46331,15
46571,46334,12
46572,46334,15
46573,46337,15
46574,46338,14
46575,46339,13
46576,46339,15
46577,46341,13
46578,46341,15
46579,46342,11
46580,46343,13
46581,46344,14
46582,46344,12
46583,46345,13
46584,46345,12
46585,46346,12
46586,46346,14
46587,46347,11
46588,46349,15
46589,46350,12
46590,46351,12
46591,46351,12
46592,46354,14
46593,46354,15
46594,46355,12
46595,46355,12
46596,46356,15
46597,46356,13
46598,46358,14
46599,46358,12
46600,46359,14
46601,46359,11
46602,46360,15
46603,46360,12
46604,46361,14
46605,46365,14
46606,46367,14
46607,46368,15
46608,46369,13
46609,46369,13
46610,46370,13
46611,46372,14
46612,46373,12
46613,46373,14
46614,46376,12
46615,46376,15
46616,46377,11
46617,46377,13
46618,46379,11
46619,46379,15
46620,46380,15
46621,46382,15
46622,46384,14
46623,46385,14
46624,46386,15
46625,46386,15
46626,46387,14
46627,46388,12
46628,46388,12
46629,46390,13
46630,46390,13
46631,46391,14
46632,46393,14
46633,46394,12
46634,46395,11
46635,46397,12
46636,46397,14
46637,46399,12
46638,46399,15
46639,46400,11
46640,46400,15
46641,46401,12
46642,46402,13
46643,46402,15
46644,46404,11
46645,46405,11
46646,46405,11
46647,46407,14
46648,46408,14
46649,46408,12
46650,46409,15
46651,46409,13
46652,46410,11
46653,46410,11
46654,46411,12
46655,46413,14
46656,46413,11
46657,46416,13
46658,46416,12
46659,46417,15
46660,46417,12
46661,46418,15
46662,46418,14
46663,46420,11
46664,46420,11
46665,46423,13
46666,46423,11
46667,46425,11
46668,46425,12
46669,46426,15
46670,46427,11
46671,46429,12
46672,46431,11
46673,46431,14
46674,46433,11
46675,46433,11
46676,46434,15
46677,46434,14
46678,46435,12
46679,46435,14
46680,46436,15
46681,46436,15
46682,46437,11
46683,46437,13
46684,46440,13
46685,46440,14
46686,46442,15
46687,46444,12
46688,46444,14
46689,46446,11
46690,46447,14
46691,46447,13
46692,46448,11
46693,46451,14
46694,46452,14
46695,46452,11
46696,46456,11
46697,46457,13
46698,46457,13
46699,46458,12
46700,46458,12
46701,46460,14
46702,46460,12
46703,46461,11
46704,46461,15
46705,46463,12
46706,46463,15
46707,46465,14
46708,46466,15
46709,46467,11
46710,46467,12
46711,46468,13
46712,46468,15
46713,46471,12
46714,46473,15
46715,46474,14
46716,46474,11
46717,46475,14
46718,46476,13
46719,46476,13
46720,46477,15
46721,46477,11
46722,46480,12
46723,46480,12
46724,46481,14
46725,46482,12
46726,46483,11
46727,46484,12
46728,46484,15
46729,46485,14
46730,46485,15
46731,46487,11
46732,46488,15
46733,46490,11
46734,46491,12
46735,46492,15
46736,46492,15
46737,46493,13
46738,46493,12
46739,46496,13
46740,46496,11
46741,46497,14
46742,46499,13
46743,46499,11
46744,46500,14
46745,46500,11
46746,46505,15
46747,46508,14
46748,46508,15
46749,46509,11
46750,46509,12
46751,46510,15
46752,46512,15
46753,46512,12
46754,46513,12
46755,46514,13
46756,46514,11
46757,46515,14
46758,46515,13
46759,46516,15
46760,46516,15
46761,46517,15
46762,46517,15
46763,46518,13
46764,46518,15
46765,46519,12
46766,46519,14
46767,46520,15
46768,46521,13
46769,46521,14
46770,46522,14
46771,46524,15
46772,46524,11
46773,46526,14
46774,46528,11
46775,46529,14
46776,46532,11
46777,46532,11
46778,46534,15
46779,46534,12
46780,46535,13
46781,46537,14
46782,46540,15
46783,46544,14
46784,46546,13
46785,46546,12
46786,46547,13
46787,46547,15
46788,46548,11
46789,46548,13
46790,46549,12
46791,46550,11
46792,46550,11
46793,46552,15
46794,46552,13
46795,46555,11
46796,46556,12
46797,46556,15
46798,46558,11
46799,46558,11
46800,46559,15
46801,46560,13
46802,46560,12
46803,46563,13
46804,46563,14
46805,46564,13
46806,46564,14
46807,46565,11
46808,46566,11
46809,46566,13
46810,46568,13
46811,46570,12
46812,46571,11
46813,46571,13
46814,46572,11
46815,46573,12
46816,46575,14
46817,46575,15
46818,46576,15
46819,46578,14
46820,46578,12
46821,46579,15
46822,46579,13
46823,46581,15
46824,46581,13
46825,46583,13
46826,46584,12
46827,46584,15
46828,46586,14
46829,46586,11
46830,46588,13
46831,46588,15
46832,46589,14
46833,46590,13
46834,46591,12
46835,46591,11
46836,46593,11
46837,46595,15
46838,46595,14
46839,46596,12
46840,46597,11
46841,46598,14
46842,46599,15
46843,46599,14
46844,46601,12
46845,46603,12
46846,46604,14
46847,46606,14
46848,46607,12
46849,46607,11
46850,46608,15
46851,46610,12
46852,46611,15
46853,46614,13
46854,46615,11
46855,46616,14
46856,46617,15
46857,46618,15
46858,46619,11
46859,46619,11
46860,46620,15
46861,46621,14
46862,46621,12
46863,46623,11
46864,46624,14
46865,46625,14
46866,46625,13
46867,46631,12
46868,46634,14
46869,46634,12
46870,46636,11
46871,46638,15
46872,46642,14
46873,46643,13
46874,46643,11
46875,46645,14
46876,46645,14
46877,46646,11
46878,46648,13
46879,46649,11
46880,46649,15
46881,46651,13
46882,46651,12
46883,46652,13
46884,46652,11
46885,46653,11
46886,46653,15
46887,46655,13
46888,46655,13
46889,46656,13
46890,46656,15
46891,46659,13
46892,46659,14
46893,46660,14
46894,46661,12
46895,46662,14
46896,46662,11
46897,46667,14
46898,46667,11
46899,46668,11
46900,46670,13
46901,46670,14
46902,46671,11
46903,46672,12
46904,46673,13
46905,46673,13
46906,46674,15
46907,46674,15
46908,46676,14
46909,46677,11
46910,46677,15
46911,46678,12
46912,46678,13
46913,46680,15
46914,46681,11
46915,46681,15
46916,46683,14
46917,46683,15
46918,46684,12
46919,46686,14
46920,46686,12
46921,46688,14
46922,46688,13
46923,46690,14
46924,46690,15
46925,46692,14
46926,46693,15
46927,46693,11
46928,46694,13
46929,46697,12
46930,46698,13
46931,46699,15
46932,46699,14
46933,46700,11
46934,46701,13
46935,46701,15
46936,46704,15
46937,46705,11
46938,46705,14
46939,46707,14
46940,46711,11
46941,46711,12
46942,46714,12
46943,46715,11
46944,46715,13
46945,46717,14
46946,46718,14
46947,46718,15
46948,46719,12
46949,46720,13
46950,46720,11
46951,46723,12
46952,46725,13
46953,46726,11
46954,46727,14
46955,46728,15
46956,46729,13
46957,46729,14
46958,46730,15
46959,46730,11
46960,46732,12
46961,46732,15
46962,46733,12
46963,46733,11
46964,46734,11
46965,46734,12
46966,46736,12
46967,46736,11
46968,46738,14
46969,46739,14
46970,46739,12
46971,46743,13
46972,46745,12
46973,46745,13
46974,46747,13
46975,46748,13
46976,46748,15
46977,46749,11
46978,46750,14
46979,46751,13
46980,46751,15
46981,46752,15
46982,46755,15
46983,46755,13
46984,46757,14
46985,46760,12
46986,46761,14
46987,46762,15
46988,46763,14
46989,46764,13
46990,46765,12
46991,46766,15
46992,46767,14
46993,46767,11
46994,46768,15
46995,46768,14
46996,46770,12
46997,46770,11
46998,46772,13
46999,46772,11
47000,46774,15
47001,46775,12
47002,46778,11
47003,46779,14
47004,46781,14
47005,46781,11
47006,46782,15
47007,46782,15
47008,46783,15
47009,46784,12
47010,46785,14
47011,46785,14
47012,46786,15
47013,46788,11
47014,46789,11
47015,46789,15
47016,46790,13
47017,46791,14
47018,46791,11
47019,46792,15
47020,46793,13
47021,46793,12
47022,46795,14
47023,46797,14
47024,46798,13
47025,46799,11
47026,46799,14
47027,46801,14
47028,46801,14
47029,46804,15
47030,46805,14
47031,46807,15
47032,46807,11
47033,46808,13
47034,46808,11
47035,46810,14
47036,46812,14
47037,46813,14
47038,46814,14
47039,46814,15
47040,46815,11
47041,46815,11
47042,46816,15
47043,46817,14
47044,46817,14
47045,46818,15
47046,46819,12
47047,46819,11
47048,46821,14
47049,46821,13
47050,46824,15
47051,46825,13
47052,46825,15
47053,46826,13
47054,46827,14
47055,46829,11
47056,46829,11
47057,46831,11
47058,46834,11
47059,46835,12
47060,46836,12
47061,46837,15
47062,46837,14
47063,46838,12
47064,46838,15
47065,46839,13
47066,46839,12
47067,46840,15
47068,46841,14
47069,46841,12
47070,46843,15
47071,46843,12
47072,46847,11
47073,46848,14
47074,46848,11
47075,46849,14
47076,46850,14
47077,46850,15
47078,46851,11
47079,46851,12
47080,46852,11
47081,46852,11
47082,46854,14
47083,46854,12
47084,46855,13
47085,46856,14
47086,46856,12
47087,46857,14
47088,46857,13
47089,46859,14
47090,46859,12
47091,46860,15
47092,46860,12
47093,46861,14
47094,46861,13
47095,46863,15
47096,46866,11
47097,46868,14
47098,46868,14
47099,46870,15
47100,46870,13
47101,46871,11
47102,46871,12
47103,46872,11
47104,46874,12
47105,46874,11
47106,46875,13
47107,46879,13
47108,46879,14
47109,46882,14
47110,46883,13
47111,46884,11
47112,46884,12
47113,46885,15
47114,46885,14
47115,46886,14
47116,46886,12
47117,46887,14
47118,46887,15
47119,46889,11
47120,46889,12
47121,46890,13
47122,46891,12
47123,46893,14
47124,46893,12
47125,46896,14
47126,46896,15
47127,46897,14
47128,46897,15
47129,46898,13
47130,46900,14
47131,46900,14
47132,46901,11
47133,46901,13
47134,46903,15
47135,46906,13
47136,46906,13
47137,46909,12
47138,46910,14
47139,46912,12
47140,46912,14
47141,46913,15
47142,46913,11
47143,46918,15
47144,46918,14
47145,46919,13
47146,46919,15
47147,46921,14
47148,46922,11
47149,46922,12
47150,46924,15
47151,46924,12
47152,46926,12
47153,46926,12
47154,46928,15
47155,46928,13
47156,46929,13
47157,46929,12
47158,46930,13
47159,46930,12
47160,46931,15
47161,46931,12
47162,46932,13
47163,46933,13
47164,46933,15
47165,46934,14
47166,46937,15
47167,46938,12
47168,46939,14
47169,46939,12
47170,46941,15
47171,46942,14
47172,46942,11
47173,46943,12
47174,46943,13
47175,46945,15
47176,46945,12
47177,46946,11
47178,46948,14
47179,46948,12
47180,46949,12
47181,46950,14
47182,46950,12
47183,46951,12
47184,46953,14
47185,46955,13
47186,46955,13
47187,46956,14
47188,46957,15
47189,46957,12
47190,46958,13
47191,46958,14
47192,46959,15
47193,46960,15
47194,46960,15
47195,46961,13
47196,46962,14
47197,46963,13
47198,46964,14
47199,46966,12
47200,46968,11
47201,46968,15
47202,46969,11
47203,46970,11
47204,46970,15
47205,46971,13
47206,46971,11
47207,46973,15
47208,46973,15
47209,46975,11
47210,46976,13
47211,46976,15
47212,46977,11
47213,46978,15
47214,46979,14
47215,46979,11
47216,46980,15
47217,46981,11
47218,46981,13
47219,46982,13
47220,46983,14
47221,46983,15
47222,46984,11
47223,46984,14
47224,46985,13
47225,46985,14
47226,46987,15
47227,46988,14
47228,46989,13
47229,46989,11
47230,46990,11
47231,46991,13
47232,46991,12
47233,46992,15
47234,46992,13
47235,46993,14
47236,46993,12
47237,46995,15
47238,46996,14
47239,46997,13
47240,46999,12
47241,46999,15
47242,47000,14
47243,47000,13
47244,47001,12
47245,47001,15
47246,47002,11
47247,47002,11
47248,47003,11
47249,47004,12
47250,47004,15
47251,47005,15
47252,47007,15
47253,47007,12
47254,47008,14
47255,47008,11
47256,47009,15
47257,47014,15
47258,47014,13
47259,47015,11
47260,47016,11
47261,47018,11
47262,47018,12
47263,47019,14
47264,47019,14
47265,47020,14
47266,47022,15
47267,47022,14
47268,47023,15
47269,47024,13
47270,47024,14
47271,47026,14
47272,47026,13
47273,47027,14
47274,47027,11
47275,47028,15
47276,47028,12
47277,47029,12
47278,47030,11
47279,47030,14
47280,47032,15
47281,47032,11
47282,47033,14
47283,47034,14
47284,47037,15
47285,47037,12
47286,47038,13
47287,47039,11
47288,47040,15
47289,47040,11
47290,47042,14
47291,47042,15
47292,47046,11
47293,47047,13
47294,47048,14
47295,47048,14
47296,47049,15
47297,47050,12
47298,47051,12
47299,47051,13
47300,47052,14
47301,47052,11
47302,47055,15
47303,47057,12
47304,47059,14
47305,47059,13
47306,47060,15
47307,47063,11
47308,47064,11
47309,47064,13
47310,47065,13
47311,47066,12
47312,47067,12
47313,47070,15
47314,47071,14
47315,47073,12
47316,47073,14
47317,47074,11
47318,47077,15
47319,47077,15
47320,47080,12
47321,47081,14
47322,47082,14
47323,47083,14
47324,47086,13
47325,47087,12
47326,47088,15
47327,47089,13
47328,47090,11
47329,47092,13
47330,47092,13
47331,47093,12
47332,47093,14
47333,47094,15
47334,47094,13
47335,47095,11
47336,47095,14
47337,47096,15
47338,47096,11
47339,47097,15
47340,47097,13
47341,47101,14
47342,47101,14
47343,47102,12
47344,47103,12
47345,47104,14
47346,47104,11
47347,47107,13
47348,47109,15
47349,47110,15
47350,47110,13
47351,47111,14
47352,47111,12
47353,47112,15
47354,47112,15
47355,47113,12
47356,47113,15
47357,47114,13
47358,47116,11
47359,47117,15
47360,47119,14
47361,47119,13
47362,47120,15
47363,47120,14
47364,47121,15
47365,47121,13
47366,47122,12
47367,47123,14
47368,47124,12
47369,47124,13
47370,47126,13
47371,47126,14
47372,47127,13
47373,47127,15
47374,47130,14
47375,47130,12
47376,47131,12
47377,47131,13
47378,47132,15
47379,47132,13
47380,47133,11
47381,47133,13
47382,47134,14
47383,47134,14
47384,47135,15
47385,47136,15
47386,47137,15
47387,47138,15
47388,47139,11
47389,47139,15
47390,47140,13
47391,47140,11
47392,47144,12
47393,47144,14
47394,47145,13
47395,47146,12
47396,47147,11
47397,47148,13
47398,47150,13
47399,47150,13
47400,47153,11
47401,47154,12
47402,47156,13
47403,47157,13
47404,47157,13
47405,47158,12
47406,47159,11
47407,47159,15
47408,47160,15
47409,47160,12
47410,47161,11
47411,47161,13
47412,47162,12
47413,47162,14
47414,47163,15
47415,47163,11
47416,47165,13
47417,47166,14
47418,47168,15
47419,47169,11
47420,47170,13
47421,47170,15
47422,47172,14
47423,47177,15
47424,47177,14
47425,47178,15
47426,47178,11
47427,47180,13
47428,47181,13
47429,47181,13
47430,47183,11
47431,47183,15
47432,47184,11
47433,47184,13
47434,47186,13
47435,47186,14
47436,47187,14
47437,47188,12
47438,47189,12
47439,47189,12
47440,47191,14
47441,47192,14
47442,47192,14
47443,47194,13
47444,47194,12
47445,47195,13
47446,47195,13
47447,47196,11
47448,47197,11
47449,47197,12
47450,47199,12
47451,47200,15
47452,47201,12
47453,47201,12
47454,47202,13
47455,47203,13
47456,47203,14
47457,47204,13
47458,47206,13
47459,47206,11
47460,47207,12
47461,47207,15
47462,47208,14
47463,47209,11
47464,47210,15
47465,47210,13
47466,47212,12
47467,47212,12
47468,47213,13
47469,47215,11
47470,47216,12
47471,47217,11
47472,47217,12
47473,47218,11
47474,47218,14
47475,47219,13
47476,47219,12
47477,47220,15
47478,47220,15
47479,47221,11
47480,47222,13
47481,47224,15
47482,47225,11
47483,47227,13
47484,47229,13
47485,47229,15
47486,47230,11
47487,47231,14
47488,47231,12
47489,47232,12
47490,47232,14
47491,47233,15
47492,47234,14
47493,47235,13
47494,47235,11
47495,47236,13
47496,47238,15
47497,47238,12
47498,47240,15
47499,47240,15
47500,47241,11
47501,47243,14
47502,47247,11
47503,47247,14
47504,47250,15
47505,47250,13
47506,47251,11
47507,47254,12
47508,47254,12
47509,47256,13
47510,47256,12
47511,47257,12
47512,47257,11
47513,47260,14
47514,47260,15
47515,47261,15
47516,47262,13
47517,47263,12
47518,47265,13
47519,47265,11
47520,47269,12
47521,47269,13
47522,47272,11
47523,47273,13
47524,47275,14
47525,47277,14
47526,47277,15
47527,47278,15
47528,47278,12
47529,47279,14
47530,47280,15
47531,47280,12
47532,47281,11
47533,47284,12
47534,47285,13
47535,47285,14
47536,47286,11
47537,47287,13
47538,47287,11
47539,47288,14
47540,47288,13
47541,47289,15
47542,47291,13
47543,47291,13
47544,47293,12
47545,47294,15
47546,47294,12
47547,47296,14
47548,47296,12
47549,47299,14
47550,47300,15
47551,47300,11
47552,47303,14
47553,47305,14
47554,47311,12
47555,47314,15
47556,47316,14
47557,47316,15
47558,47320,13
47559,47320,13
47560,47321,12
47561,47322,15
47562,47322,12
47563,47323,11
47564,47326,14
47565,47327,13
47566,47327,11
47567,47330,12
47568,47333,13
47569,47333,15
47570,47334,15
47571,47335,15
47572,47335,14
47573,47336,14
47574,47337,13
47575,47337,11
47576,47338,11
47577,47338,15
47578,47339,15
47579,47341,15
47580,47341,13
47581,47342,11
47582,47342,14
47583,47343,11
47584,47345,14
47585,47346,13
47586,47346,12
47587,47347,11
47588,47347,13
47589,47349,14
47590,47350,11
47591,47353,13
47592,47353,12
47593,47354,15
47594,47354,13
47595,47356,15
47596,47357,12
47597,47358,11
47598,47358,11
47599,47359,12
47600,47359,12
47601,47360,14
47602,47361,14
47603,47363,12
47604,47364,13
47605,47365,12
47606,47365,15
47607,47366,11
47608,47366,11
47609,47367,15
47610,47367,14
47611,47368,13
47612,47368,13
47613,47372,14
47614,47372,12
47615,47373,14
47616,47374,11
47617,47376,13
47618,47377,11
47619,47378,13
47620,47378,13
47621,47379,14
47622,47382,15
47623,47384,13
47624,47384,12
47625,47386,15
47626,47386,12
47627,47387,12
47628,47387,13
47629,47388,13
47630,47388,12
47631,47389,15
47632,47391,15
47633,47394,11
47634,47395,15
47635,47397,14
47636,47397,13
47637,47398,11
47638,47398,15
47639,47400,13
47640,47400,11
47641,47401,15
47642,47403,11
47643,47404,12
47644,47406,13
47645,47408,12
47646,47408,15
47647,47410,15
47648,47411,11
47649,47412,11
47650,47412,14
47651,47413,13
47652,47413,11
47653,47414,15
47654,47414,12
47655,47415,12
47656,47415,12
47657,47416,15
47658,47416,13
47659,47417,15
47660,47419,14
47661,47419,15
47662,47420,13
47663,47420,12
47664,47421,15
47665,47427,12
47666,47428,11
47667,47430,15
47668,47431,15
47669,47431,14
47670,47433,14
47671,47433,15
47672,47434,15
47673,47436,11
47674,47437,12
47675,47437,13
47676,47438,12
47677,47439,11
47678,47439,11
47679,47440,14
47680,47440,12
47681,47441,15
47682,47442,15
47683,47443,15
47684,47444,15
47685,47445,13
47686,47445,14
47687,47446,13
47688,47446,11
47689,47447,13
47690,47448,11
47691,47450,11
47692,47451,12
47693,47453,13
47694,47453,12
47695,47454,14
47696,47455,13
47697,47457,11
47698,47458,15
47699,47458,13
47700,47459,14
47701,47459,13
47702,47461,15
47703,47461,13
47704,47462,12
47705,47462,11
47706,47463,14
47707,47464,14
47708,47464,13
47709,47465,12
47710,47465,12
47711,47466,14
47712,47466,15
47713,47468,11
47714,47472,13
47715,47472,11
47716,47474,12
47717,47474,15
47718,47475,12
47719,47475,11
47720,47476,11
47721,47476,15
47722,47478,13
47723,47479,13
47724,47480,14
47725,47482,11
47726,47483,15
47727,47483,14
47728,47484,15
47729,47485,15
47730,47485,13
47731,47492,13
47732,47492,14
47733,47493,14
47734,47494,11
47735,47495,11
47736,47497,11
47737,47501,13
47738,47502,12
47739,47502,15
47740,47503,14
47741,47503,14
47742,47504,13
47743,47505,11
47744,47505,15
47745,47506,11
47746,47506,12
47747,47507,15
47748,47509,15
47749,47511,14
47750,47511,15
47751,47513,15
47752,47513,12
47753,47514,11
47754,47514,15
47755,47515,12
47756,47515,12
47757,47517,15
47758,47518,15
47759,47518,11
47760,47519,13
47761,47520,15
47762,47520,13
47763,47522,15
47764,47523,15
47765,47523,15
47766,47524,12
47767,47524,12
47768,47525,13
47769,47525,12
47770,47526,15
47771,47526,12
47772,47529,15
47773,47529,13
47774,47530,11
47775,47530,15
47776,47532,11
47777,47532,11
47778,47533,13
47779,47535,15
47780,47536,14
47781,47539,12
47782,47540,11
47783,47540,12
47784,47541,11
47785,47542,13
47786,47542,13
47787,47543,14
47788,47545,11
47789,47546,14
47790,47548,14
47791,47548,15
47792,47551,14
47793,47551,13
47794,47552,12
47795,47554,12
47796,47555,12
47797,47557,15
47798,47557,12
47799,47558,11
47800,47559,11
47801,47560,11
47802,47561,14
47803,47563,11
47804,47563,13
47805,47564,11
47806,47564,12
47807,47565,11
47808,47565,14
47809,47567,15
47810,47568,15
47811,47568,15
47812,47569,12
47813,47570,14
47814,47571,13
47815,47572,14
47816,47572,13
47817,47573,15
47818,47573,15
47819,47574,13
47820,47576,12
47821,47578,14
47822,47578,13
47823,47580,13
47824,47580,14
47825,47581,11
47826,47582,11
47827,47584,11
47828,47585,15
47829,47585,12
47830,47586,11
47831,47587,14
47832,47587,12
47833,47589,15
47834,47589,12
47835,47593,15
47836,47594,12
47837,47597,13
47838,47598,13
47839,47598,12
47840,47599,13
47841,47601,15
47842,47603,14
47843,47604,13
47844,47604,13
47845,47605,13
47846,47606,14
47847,47607,11
47848,47607,13
47849,47608,11
47850,47611,11
47851,47612,14
47852,47613,11
47853,47613,11
47854,47615,15
47855,47616,11
47856,47620,13
47857,47621,11
47858,47623,15
47859,47623,13
47860,47626,14
47861,47626,11
47862,47627,13
47863,47628,14
47864,47629,14
47865,47630,12
47866,47631,13
47867,47631,14
47868,47634,13
47869,47635,12
47870,47635,15
47871,47636,11
47872,47636,15
47873,47637,14
47874,47637,14
47875,47638,11
47876,47638,11
47877,47639,15
47878,47639,14
47879,47644,13
47880,47644,15
47881,47645,15
47882,47645,11
47883,47647,11
47884,47648,14
47885,47648,15
47886,47649,15
47887,47649,13
47888,47652,15
47889,47652,11
47890,47653,13
47891,47653,13
47892,47654,13
47893,47654,13
47894,47656,12
47895,47658,11
47896,47658,12
47897,47659,12
47898,47660,12
47899,47661,15
47900,47661,11
47901,47662,14
47902,47662,11
47903,47663,12
47904,47663,15
47905,47667,15
47906,47668,11
47907,47669,14
47908,47670,13
47909,47670,15
47910,47672,14
47911,47673,12
47912,47673,13
47913,47674,11
47914,47674,12
47915,47675,15
47916,47676,14
47917,47676,15
47918,47677,11
47919,47677,15
47920,47678,12
47921,47680,11
47922,47680,11
47923,47681,15
47924,47681,13
47925,47682,13
47926,47682,14
47927,47683,12
47928,47685,14
47929,47685,12
47930,47686,13
47931,47687,13
47932,47688,11
47933,47690,13
47934,47691,12
47935,47691,14
47936,47692,15
47937,47693,12
47938,47693,11
47939,47694,13
47940,47695,14
47941,47695,11
47942,47696,13
47943,47699,13
47944,47702,15
47945,47702,12
47946,47703,15
47947,47705,13
47948,47706,13
47949,47708,13
47950,47708,14
47951,47712,11
47952,47712,13
47953,47714,11
47954,47715,13
47955,47715,15
47956,47719,11
47957,47720,13
47958,47720,13
47959,47721,14
47960,47721,12
47961,47722,13
47962,47722,15
47963,47723,15
47964,47723,11
47965,47724,13
47966,47724,11
47967,47726,12
47968,47726,12
47969,47728,11
47970,47728,12
47971,47729,11
47972,47733,11
47973,47735,15
47974,47735,12
47975,47736,12
47976,47737,15
47977,47738,11
47978,47738,13
47979,47743,14
47980,47744,15
47981,47744,15
47982,47745,12
47983,47746,15
47984,47748,14
47985,47749,12
47986,47749,13
47987,47750,13
47988,47751,14
47989,47751,11
47990,47752,14
47991,47752,13
47992,47753,13
47993,47753,15
47994,47756,13
47995,47756,12
47996,47757,15
47997,47757,13
47998,47759,12
47999,47761,11
48000,47762,14
48001,47762,13
48002,47763,15
48003,47767,14
48004,47767,12
48005,47769,12
48006,47769,11
48007,47772,11
48008,47772,15
48009,47774,15
48010,47776,14
48011,47776,15
48012,47777,11
48013,47778,15
48014,47779,15
48015,47782,13
48016,47783,11
48017,47783,11
48018,47784,14
48019,47785,12
48020,47787,14
48021,47789,11
48022,47790,14
48023,47791,14
48024,47795,15
48025,47796,11
48026,47796,15
48027,47797,12
48028,47797,13
48029,47798,12
48030,47798,15
48031,47799,11
48032,47799,13
48033,47802,12
48034,47802,11
48035,47803,13
48036,47803,11
48037,47804,15
48038,47805,13
48039,47806,11
48040,47807,13
48041,47808,12
48042,47809,15
48043,47809,11
48044,47811,13
48045,47811,15
48046,47813,11
48047,47813,11
48048,47815,13
48049,47816,11
48050,47817,15
48051,47817,12
48052,47818,11
48053,47818,14
48054,47819,13
48055,47822,15
48056,47824,13
48057,47824,12
48058,47825,14
48059,47825,15
48060,47826,12
48061,47828,14
48062,47828,11
48063,47829,14
48064,47831,14
48065,47831,12
48066,47832,11
48067,47835,12
48068,47837,11
48069,47837,11
48070,47838,11
48071,47838,14
48072,47839,12
48073,47840,12
48074,47841,11
48075,47841,12
48076,47846,11
48077,47847,11
48078,47848,15
48079,47849,11
48080,47849,15
48081,47851,14
48082,47852,12
48083,47854,14
48084,47854,14
48085,47856,14
48086,47856,15
48087,47857,13
48088,47858,14
48089,47860,14
48090,47860,11
48091,47861,15
48092,47861,12
48093,47862,11
48094,47862,15
48095,47863,12
48096,47863,11
48097,47864,11
48098,47865,15
48099,47866,15
48100,47866,15
48101,47867,12
48102,47867,14
48103,47868,14
48104,47869,14
48105,47872,13
48106,47873,11
48107,47874,15
48108,47874,11
48109,47876,11
48110,47876,12
48111,47877,11
48112,47879,12
48113,47879,15
48114,47880,14
48115,47880,12
48116,47883,11
48117,47883,13
48118,47885,12
48119,47886,12
48120,47888,12
48121,47890,14
48122,47892,11
48123,47892,12
48124,47893,13
48125,47893,14
48126,47894,15
48127,47896,12
48128,47897,14
48129,47900,12
48130,47901,15
48131,47905,13
48132,47906,15
48133,47906,11
48134,47909,15
48135,47910,14
48136,47910,12
48137,47911,14
48138,47911,11
48139,47914,14
48140,47914,15
48141,47916,15
48142,47917,14
48143,47919,14
48144,47920,11
48145,47920,11
48146,47921,11
48147,47924,15
48148,47925,12
48149,47925,11
48150,47926,15
48151,47926,13
48152,47927,12
48153,47928,11
48154,47931,14
48155,47933,14
48156,47934,11
48157,47935,12
48158,47936,12
48159,47937,11
48160,47937,11
48161,47939,13
48162,47940,15
48163,47942,13
48164,47942,14
48165,47945,11
48166,47946,12
48167,47946,15
48168,47947,13
48169,47948,15
48170,47949,12
48171,47951,15
48172,47953,11
48173,47953,13
48174,47955,11
48175,47955,15
48176,47958,11
48177,47961,14
48178,47962,15
48179,47962,13
48180,47964,13
48181,47966,11
48182,47967,12
48183,47967,13
48184,47968,12
48185,47968,14
48186,47969,11
48187,47970,11
48188,47970,15
48189,47971,14
48190,47972,13
48191,47973,11
48192,47973,13
48193,47974,13
48194,47974,15
48195,47976,15
48196,47977,13
48197,47977,13
48198,47978,11
48199,47979,12
48200,47979,13
48201,47980,13
48202,47980,13
48203,47981,11
48204,47981,11
48205,47983,14
48206,47985,15
48207,47985,15
48208,47986,12
48209,47988,13
48210,47989,11
48211,47989,13
48212,47990,13
48213,47990,11
48214,47992,15
48215,47992,14
48216,47993,14
48217,47993,13
48218,47994,12
48219,47994,13
48220,47995,15
48221,47995,14
48222,47996,11
48223,47997,14
48224,48000,14
48225,48002,13
48226,48003,14
48227,48003,11
48228,48005,13
48229,48005,13
48230,48006,12
48231,48010,14
48232,48010,14
48233,48011,11
48234,48017,13
48235,48017,15
48236,48019,12
48237,48020,14
48238,48020,15
48239,48022,12
48240,48024,11
48241,48024,12
48242,48029,14
48243,48030,11
48244,48030,15
48245,48032,14
48246,48032,15
48247,48033,11
48248,48035,13
48249,48036,11
48250,48036,11
48251,48038,14
48252,48039,15
48253,48039,14
48254,48041,15
48255,48043,14
48256,48044,15
48257,48044,12
48258,48045,12
48259,48047,12
48260,48047,14
48261,48048,13
48262,48048,13
48263,48049,12
48264,48051,14
48265,48051,15
48266,48052,12
48267,48053,13
48268,48054,13
48269,48055,13
48270,48055,14
48271,48057,12
48272,48058,11
48273,48058,15
48274,48059,14
48275,48060,13
48276,48064,15
48277,48064,11
48278,48065,11
48279,48065,14
48280,48066,12
48281,48068,13
48282,48068,12
48283,48069,12
48284,48070,14
48285,48070,15
48286,48071,14
48287,48072,15
48288,48074,15
48289,48075,11
48290,48076,14
48291,48080,12
48292,48080,15
48293,48081,14
48294,48082,14
48295,48082,12
48296,48085,12
48297,48086,13
48298,48087,14
48299,48088,12
48300,48088,14
48301,48089,12
48302,48089,13
48303,48090,13
48304,48091,14
48305,48092,14
48306,48093,11
48307,48093,14
48308,48095,14
48309,48095,12
48310,48096,11
48311,48097,15
48312,48098,11
48313,48100,14
48314,48102,13
48315,48102,13
48316,48107,13
48317,48107,15
48318,48108,13
48319,48108,13
48320,48112,13
48321,48112,11
48322,48115,11
48323,48115,13
48324,48116,15
48325,48116,15
48326,48121,15
48327,48121,14
48328,48122,14
48329,48122,12
48330,48123,11
48331,48126,13
48332,48126,15
48333,48127,15
48334,48127,14
48335,48129,12
48336,48130,14
48337,48130,11
48338,48131,14
48339,48132,12
48340,48134,15
48341,48135,15
48342,48136,15
48343,48137,15
48344,48139,13
48345,48139,13
48346,48140,14
48347,48140,15
48348,48141,12
48349,48141,14
48350,48144,14
48351,48145,14
48352,48146,12
48353,48147,11
48354,48147,14
48355,48148,14
48356,48148,12
48357,48151,13
48358,48152,13
48359,48153,12
48360,48153,15
48361,48154,11
48362,48154,15
48363,48155,11
48364,48155,11
48365,48156,11
48366,48156,15
48367,48157,13
48368,48158,11
48369,48160,15
48370,48161,13
48371,48162,12
48372,48162,12
48373,48163,12
48374,48163,14
48375,48164,12
48376,48165,12
48377,48165,11
48378,48167,14
48379,48167,14
48380,48170,15
48381,48171,14
48382,48172,12
48383,48174,15
48384,48174,15
48385,48176,14
48386,48176,14
48387,48177,14
48388,48177,12
48389,48178,13
48390,48181,15
48391,48181,15
48392,48182,11
48393,48182,15
48394,48183,13
48395,48184,15
48396,48185,13
48397,48185,14
48398,48186,14
48399,48186,13
48400,48187,14
48401,48189,14
48402,48190,14
48403,48191,15
48404,48191,14
48405,48193,13
48406,48193,12
48407,48195,15
48408,48196,11
48409,48196,15
48410,48197,14
48411,48197,15
48412,48199,12
48413,48200,12
48414,48200,11
48415,48201,11
48416,48202,13
48417,48203,13
48418,48204,14
48419,48204,13
48420,48205,13
48421,48205,13
48422,48206,12
48423,48206,14
48424,48207,11
48425,48209,14
48426,48209,11
48427,48210,12
48428,48211,13
48429,48211,15
48430,48212,15
48431,48213,14
48432,48213,11
48433,48214,15
48434,48215,13
48435,48216,15
48436,48219,12
48437,48219,14
48438,48220,14
48439,48220,12
48440,48221,13
48441,48223,13
48442,48224,15
48443,48225,13
48444,48227,14
48445,48227,12
48446,48229,11
48447,48231,11
48448,48232,14
48449,48233,15
48450,48233,12
48451,48236,12
48452,48236,13
48453,48238,11
48454,48239,11
48455,48239,14
48456,48241,15
48457,48245,12
48458,48248,14
48459,48249,15
48460,48250,14
48461,48250,11
48462,48252,11
48463,48254,11
48464,48259,14
48465,48259,12
48466,48261,11
48467,48261,14
48468,48262,15
48469,48263,14
48470,48265,11
48471,48265,13
48472,48267,14
48473,48267,13
48474,48268,11
48475,48268,12
48476,48270,12
48477,48270,12
48478,48271,15
48479,48271,13
48480,48272,11
48481,48275,11
48482,48276,12
48483,48276,13
48484,48277,15
48485,48277,12
48486,48278,12
48487,48279,15
48488,48280,13
48489,48283,11
48490,48283,13
48491,48284,11
48492,48284,11
48493,48286,13
48494,48286,13
48495,48287,15
48496,48288,14
48497,48288,13
48498,48289,15
48499,48290,11
48500,48290,14
48501,48291,13
48502,48291,14
48503,48292,13
48504,48293,11
48505,48293,12
48506,48296,13
48507,48297,12
48508,48299,15
48509,48300,11
48510,48301,12
48511,48301,15
48512,48302,13
48513,48304,12
48514,48304,11
48515,48305,13
48516,48305,14
48517,48306,14
48518,48307,13
48519,48308,12
48520,48309,13
48521,48310,14
48522,48310,11
48523,48312,11
48524,48312,13
48525,48313,15
48526,48313,11
48527,48315,13
48528,48316,12
48529,48319,11
48530,48319,14
48531,48320,13
48532,48321,13
48533,48321,13
48534,48322,12
48535,48323,15
48536,48324,13
48537,48324,11
48538,48325,13
48539,48326,13
48540,48327,14
48541,48329,11
48542,48329,15
48543,48331,14
48544,48331,15
48545,48334,12
48546,48334,14
48547,48336,11
48548,48336,15
48549,48340,15
48550,48340,13
48551,48341,12
48552,48341,12
48553,48342,11
48554,48342,14
48555,48343,14
48556,48344,12
48557,48345,13
48558,48345,15
48559,48346,15
48560,48347,14
48561,48348,11
48562,48349,12
48563,48349,11
48564,48350,13
48565,48350,11
48566,48352,11
48567,48352,13
48568,48353,11
48569,48354,12
48570,48355,13
48571,48355,13
48572,48356,14
48573,48357,15
48574,48359,14
48575,48359,15
48576,48360,14
48577,48360,11
48578,48361,11
48579,48362,12
48580,48362,15
48581,48363,14
48582,48363,11
48583,48364,11
48584,48364,15
48585,48365,11
48586,48365,12
48587,48366,11
48588,48367,15
48589,48368,15
48590,48368,13
48591,48369,13
48592,48369,13
48593,48370,12
48594,48371,11
48595,48371,12
48596,48373,14
48597,48373,12
48598,48375,12
48599,48375,11
48600,48376,13
48601,48376,11
48602,48377,14
48603,48377,15
48604,48378,12
48605,48379,11
48606,48380,15
48607,48381,13
48608,48382,11
48609,48382,14
48610,48384,12
48611,48384,12
48612,48385,14
48613,48385,13
48614,48386,13
48615,48386,13
48616,48387,11
48617,48389,13
48618,48389,13
48619,48392,13
48620,48394,12
48621,48395,14
48622,48396,14
48623,48397,14
48624,48400,12
48625,48400,13
48626,48401,11
48627,48403,12
48628,48403,12
48629,48404,12
48630,48404,11
48631,48405,13
48632,48406,11
48633,48407,13
48634,48407,11
48635,48408,14
48636,48409,15
48637,48409,14
48638,48410,12
48639,48412,15
48640,48412,15
48641,48414,13
48642,48417,11
48643,48418,12
48644,48420,11
48645,48420,11
48646,48421,12
48647,48421,14
48648,48423,12
48649,48423,14
48650,48425,13
48651,48425,12
48652,48428,11
48653,48428,14
48654,48429,12
48655,48429,15
48656,48431,15
48657,48433,11
48658,48433,11
48659,48435,14
48660,48435,12
48661,48436,11
48662,48437,13
48663,48438,14
48664,48440,14
48665,48441,11
48666,48441,15
48667,48442,13
48668,48442,14
48669,48444,13
48670,48445,11
48671,48446,15
48672,48446,11
48673,48447,14
48674,48447,12
48675,48448,15
48676,48449,12
48677,48449,14
48678,48452,13
48679,48453,11
48680,48453,15
48681,48454,12
48682,48454,13
48683,48455,15
48684,48455,14
48685,48456,14
48686,48456,11
48687,48457,15
48688,48457,15
48689,48464,12
48690,48464,13
48691,48465,12
48692,48465,12
48693,48466,12
48694,48466,14
48695,48467,12
48696,48467,14
48697,48469,14
48698,48470,12
48699,48471,14
48700,48472,12
48701,48472,11
48702,48473,13
48703,48474,15
48704,48474,11
48705,48475,13
48706,48475,14
48707,48478,13
48708,48478,13
48709,48479,12
48710,48480,12
48711,48480,13
48712,48482,11
48713,48483,14
48714,48484,13
48715,48484,13
48716,48487,13
48717,48487,13
48718,48490,13
48719,48493,11
48720,48494,14
48721,48495,11
48722,48497,14
48723,48499,15
48724,48500,13
48725,48500,11
48726,48501,15
48727,48502,14
48728,48502,13
48729,48503,12
48730,48503,12
48731,48504,11
48732,48506,12
48733,48508,15
48734,48508,12
48735,48509,11
48736,48510,12
48737,48511,12
48738,48511,11
48739,48515,15
48740,48516,12
48741,48518,12
48742,48520,14
48743,48520,14
48744,48522,15
48745,48522,12
48746,48524,11
48747,48524,15
48748,48525,12
48749,48527,14
48750,48530,13
48751,48530,13
48752,48531,15
48753,48531,15
48754,48532,12
48755,48533,15
48756,48535,13
48757,48536,15
48758,48538,12
48759,48538,13
48760,48540,13
48761,48540,12
48762,48544,13
48763,48544,14
48764,48545,11
48765,48546,13
48766,48546,13
48767,48548,15
48768,48549,13
48769,48549,14
48770,48550,12
48771,48550,14
48772,48551,13
48773,48553,11
48774,48554,13
48775,48554,13
48776,48555,15
48777,48556,11
48778,48556,14
48779,48558,14
48780,48558,12
48781,48559,13
48782,48559,12
48783,48560,11
48784,48560,14
48785,48561,12
48786,48561,12
48787,48563,13
48788,48563,14
48789,48564,12
48790,48567,15
48791,48567,15
48792,48569,13
48793,48573,12
48794,48573,13
48795,48575,13
48796,48576,12
48797,48579,11
48798,48579,15
48799,48580,15
48800,48580,13
48801,48581,11
48802,48581,12
48803,48582,11
48804,48583,12
48805,48586,11
48806,48588,14
48807,48588,11
48808,48590,15
48809,48590,15
48810,48592,12
48811,48593,14
48812,48593,11
48813,48595,15
48814,48596,14
48815,48597,12
48816,48597,12
48817,48598,15
48818,48598,12
48819,48600,12
48820,48601,12
48821,48601,13
48822,48605,14
48823,48606,11
48824,48606,15
48825,48607,13
48826,48608,12
48827,48608,13
48828,48609,12
48829,48610,15
48830,48611,13
48831,48612,15
48832,48612,12
48833,48614,11
48834,48614,11
48835,48616,13
48836,48616,13
48837,48617,12
48838,48618,14
48839,48620,14
48840,48621,11
48841,48621,12
48842,48622,13
48843,48623,12
48844,48623,15
48845,48624,14
48846,48624,14
48847,48625,13
48848,48626,12
48849,48629,11
48850,48629,11
48851,48631,14
48852,48632,12
48853,48633,13
48854,48634,14
48855,48635,15
48856,48635,12
48857,48636,14
48858,48636,12
48859,48637,14
48860,48637,14
48861,48639,14
48862,48640,14
48863,48641,14
48864,48641,15
48865,48642,12
48866,48642,14
48867,48643,15
48868,48644,13
48869,48646,15
48870,48647,15
48871,48649,15
48872,48650,11
48873,48650,15
48874,48651,14
48875,48651,12
48876,48653,14
48877,48653,14
48878,48654,12
48879,48655,12
48880,48655,14
48881,48656,14
48882,48656,15
48883,48657,12
48884,48657,11
48885,48658,15
48886,48661,13
48887,48661,11
48888,48663,13
48889,48663,14
48890,48664,15
48891,48665,12
48892,48665,15
48893,48666,15
48894,48667,12
48895,48668,13
48896,48670,15
48897,48671,13
48898,48671,15
48899,48673,13
48900,48675,15
48901,48676,11
48902,48677,13
48903,48677,15
48904,48683,14
48905,48684,11
48906,48686,11
48907,48686,11
48908,48688,12
48909,48691,14
48910,48691,11
48911,48692,15
48912,48692,11
48913,48693,14
48914,48694,11
48915,48696,14
48916,48698,14
48917,48698,15
48918,48699,12
48919,48700,14
48920,48702,13
48921,48702,14
48922,48704,12
48923,48705,12
48924,48706,15
48925,48707,14
48926,48708,14
48927,48708,12
48928,48709,12
48929,48709,15
48930,48710,15
48931,48711,12
48932,48712,15
48933,48712,15
48934,48713,12
48935,48713,14
48936,48714,13
48937,48715,14
48938,48716,15
48939,48717,13
48940,48717,15
48941,48718,12
48942,48719,13
48943,48719,12
48944,48721,13
48945,48721,15
48946,48722,13
48947,48723,15
48948,48724,13
48949,48724,12
48950,48725,15
48951,48726,14
48952,48726,15
48953,48727,13
48954,48728,12
48955,48728,14
48956,48732,15
48957,48735,15
48958,48735,14
48959,48736,13
48960,48736,15
48961,48738,15
48962,48740,11
48963,48741,13
48964,48742,11
48965,48746,13
48966,48748,11
48967,48748,15
48968,48749,12
48969,48750,15
48970,48752,12
48971,48752,13
48972,48753,15
48973,48753,14
48974,48754,11
48975,48754,11
48976,48755,11
48977,48756,14
48978,48756,15
48979,48757,14
48980,48757,11
48981,48758,15
48982,48761,12
48983,48762,11
48984,48762,15
48985,48763,13
48986,48766,15
48987,48767,13
48988,48768,15
48989,48769,14
48990,48771,11
48991,48772,11
48992,48772,11
48993,48773,15
48994,48774,15
48995,48774,12
48996,48776,15
48997,48778,12
48998,48778,11
48999,48779,13
49000,48779,13
49001,48780,12
49002,48780,13
49003,48781,15
49004,48782,12
49005,48783,14
49006,48784,15
49007,48785,12
49008,48789,14
49009,48792,12
49010,48793,11
49011,48793,15
49012,48795,12
49013,48795,14
49014,48796,15
49015,48796,12
49016,48797,13
49017,48798,13
49018,48799,14
49019,48799,15
49020,48800,13
49021,48802,13
49022,48803,12
49023,48804,14
49024,48804,12
49025,48805,14
49026,48806,14
49027,48806,13
49028,48807,14
49029,48809,13
49030,48809,13
49031,48812,13
49032,48812,12
49033,48813,13
49034,48814,13
49035,48814,15
49036,48815,11
49037,48815,15
49038,48817,14
49039,48817,11
49040,48818,11
49041,48818,15
49042,48820,12
49043,48820,12
49044,48821,12
49045,48822,15
49046,48823,14
49047,48823,12
49048,48827,15
49049,48827,13
49050,48828,15
49051,48829,12
49052,48829,13
49053,48831,15
49054,48831,15
49055,48833,11
49056,48834,11
49057,48835,12
49058,48836,12
49059,48836,13
49060,48842,15
49061,48844,15
49062,48845,14
49063,48846,13
49064,48846,13
49065,48847,13
49066,48847,12
49067,48849,12
49068,48851,11
49069,48851,15
49070,48854,15
49071,48855,12
49072,48856,11
49073,48856,14
49074,48857,14
49075,48857,15
49076,48858,12
49077,48858,12
49078,48859,12
49079,48859,14
49080,48860,13
49081,48860,14
49082,48863,15
49083,48863,12
49084,48864,13
49085,48864,15
49086,48865,15
49087,48866,13
49088,48866,14
49089,48868,11
49090,48868,14
49091,48870,14
49092,48871,13
49093,48872,14
49094,48873,13
49095,48876,13
49096,48876,11
49097,48877,13
49098,48877,15
49099,48879,11
49100,48880,11
49101,48880,12
49102,48881,15
49103,48881,14
49104,48884,11
49105,48885,15
49106,48885,14
49107,48886,11
49108,48886,12
49109,48887,12
49110,48887,13
49111,48889,12
49112,48889,14
49113,48890,15
49114,48891,15
49115,48892,12
49116,48892,11
49117,48894,14
49118,48895,11
49119,48896,13
49120,48896,13
49121,48897,13
49122,48897,14
49123,48898,11
49124,48899,13
49125,48899,13
49126,48900,14
49127,48901,14
49128,48901,13
49129,48903,14
49130,48904,14
49131,48904,11
49132,48905,11
49133,48907,15
49134,48908,15
49135,48911,15
49136,48911,11
49137,48912,14
49138,48912,15
49139,48913,14
49140,48913,11
49141,48915,11
49142,48916,13
49143,48916,12
49144,48917,12
49145,48917,12
49146,48920,15
49147,48921,14
49148,48921,12
49149,48922,12
49150,48923,13
49151,48926,11
49152,48927,12
49153,48927,11
49154,48928,13
49155,48928,12
49156,48929,13
49157,48930,12
49158,48930,13
49159,48931,11
49160,48931,11
49161,48932,14
49162,48933,14
49163,48934,15
49164,48935,11
49165,48938,15
49166,48939,11
49167,48940,14
49168,48940,11
49169,48941,14
49170,48941,15
49171,48943,15
49172,48944,11
49173,48946,13
49174,48947,14
49175,48947,13
49176,48948,14
49177,48948,13
49178,48949,14
49179,48950,15
49180,48953,15
49181,48953,14
49182,48954,12
49183,48955,12
49184,48955,15
49185,48956,14
49186,48956,13
49187,48959,14
49188,48960,11
49189,48961,11
49190,48961,12
49191,48963,13
49192,48964,11
49193,48964,14
49194,48967,11
49195,48967,13
49196,48968,15
49197,48969,15
49198,48970,13
49199,48970,12
49200,48972,12
49201,48974,12
49202,48974,12
49203,48975,12
49204,48976,13
49205,48976,14
49206,48977,14
49207,48978,11
49208,48979,13
49209,48979,13
49210,48980,14
49211,48981,12
49212,48981,15
49213,48982,12
49214,48982,14
49215,48984,14
49216,48984,11
49217,48986,15
49218,48986,11
49219,48987,11
49220,48987,14
49221,48990,13
49222,48990,13
49223,48992,12
49224,48993,15
49225,48995,15
49226,48995,15
49227,48996,13
49228,48997,13
49229,48997,13
49230,48998,13
49231,48998,15
49232,48999,15
49233,48999,15
49234,49001,12
49235,49003,12
49236,49006,15
49237,49007,13
49238,49007,11
49239,49008,14
49240,49009,11
49241,49009,12
49242,49010,12
49243,49010,15
49244,49012,14
49245,49012,12
49246,49016,11
49247,49018,13
49248,49019,14
49249,49020,13
49250,49022,12
49251,49023,15
49252,49024,11
49253,49024,11
49254,49025,13
49255,49025,12
49256,49026,11
49257,49026,12
49258,49028,11
49259,49028,11
49260,49029,13
49261,49032,14
49262,49033,13
49263,49033,13
49264,49034,13
49265,49035,14
49266,49036,11
49267,49037,15
49268,49037,11
49269,49039,14
49270,49040,15
49271,49042,15
49272,49043,12
49273,49043,11
49274,49044,12
49275,49045,13
49276,49046,12
49277,49046,11
49278,49049,12
49279,49049,13
49280,49050,14
49281,49052,12
49282,49052,11
49283,49053,15
49284,49054,14
49285,49054,13
49286,49056,11
49287,49057,13
49288,49058,13
49289,49059,15
49290,49059,13
49291,49060,11
49292,49060,11
49293,49061,12
49294,49061,12
49295,49062,12
49296,49062,12
49297,49064,14
49298,49065,11
49299,49066,15
49300,49066,12
49301,49068,14
49302,49068,12
49303,49069,11
49304,49072,13
49305,49078,11
49306,49078,12
49307,49079,12
49308,49080,13
49309,49080,14
49310,49081,15
49311,49083,11
49312,49085,13
49313,49086,14
49314,49086,11
49315,49087,11
49316,49088,14
49317,49088,11
49318,49089,14
49319,49089,12
49320,49090,11
49321,49091,15
49322,49091,14
49323,49092,13
49324,49095,15
49325,49097,11
49326,49099,15
49327,49099,15
49328,49100,11
49329,49101,11
49330,49103,12
49331,49103,14
49332,49104,12
49333,49105,12
49334,49106,14
49335,49107,14
49336,49107,15
49337,49108,15
49338,49109,13
49339,49109,14
49340,49112,14
49341,49113,14
49342,49114,12
49343,49114,13
49344,49115,14
49345,49117,13
49346,49119,12
49347,49120,13
49348,49120,13
49349,49123,11
49350,49124,15
49351,49127,14
49352,49128,12
49353,49131,11
49354,49132,15
49355,49134,11
49356,49134,11
49357,49135,14
49358,49138,11
49359,49139,14
49360,49140,12
49361,49140,13
49362,49141,11
49363,49143,14
49364,49146,12
49365,49147,11
49366,49147,13
49367,49149,15
49368,49149,11
49369,49150,13
49370,49151,13
49371,49152,12
49372,49153,13
49373,49153,13
49374,49154,15
49375,49155,12
49376,49155,15
49377,49156,13
49378,49156,12
49379,49157,12
49380,49158,11
49381,49159,12
49382,49159,15
49383,49160,14
49384,49160,13
49385,49163,14
49386,49163,13
49387,49165,14
49388,49165,14
49389,49166,11
49390,49166,15
49391,49167,14
49392,49167,14
49393,49168,14
49394,49169,13
49395,49169,15
49396,49172,11
49397,49172,12
49398,49173,11
49399,49173,12
49400,49175,14
49401,49178,13
49402,49178,11
49403,49179,14
49404,49179,13
49405,49181,12
49406,49182,15
49407,49182,13
49408,49183,14
49409,49184,13
49410,49185,13
49411,49185,11
49412,49186,15
49413,49187,15
49414,49187,14
49415,49188,13
49416,49188,14
49417,49190,12
49418,49190,14
49419,49191,14
49420,49192,12
49421,49192,14
49422,49193,15
49423,49194,13
49424,49194,11
49425,49195,13
49426,49198,11
49427,49199,15
49428,49199,15
49429,49200,15
49430,49201,15
49431,49202,13
49432,49202,13
49433,49204,15
49434,49204,12
49435,49205,12
49436,49205,12
49437,49206,14
49438,49206,14
49439,49208,11
49440,49210,13
49441,49212,11
49442,49213,12
49443,49213,11
49444,49214,15
49445,49215,12
49446,49215,14
49447,49217,13
49448,49218,14
49449,49220,14
49450,49222,15
49451,49222,11
49452,49223,15
49453,49223,15
49454,49224,14
49455,49227,12
49456,49228,13
49457,49229,15
49458,49229,12
49459,49231,15
49460,49234,12
49461,49235,12
49462,49236,12
49463,49238,12
49464,49239,15
49465,49239,13
49466,49241,13
49467,49241,11
49468,49242,14
49469,49242,14
49470,49244,15
49471,49245,15
49472,49245,12
49473,49248,13
49474,49249,12
49475,49250,13
49476,49250,12
49477,49253,15
49478,49253,14
49479,49254,11
49480,49256,13
49481,49256,15
49482,49257,11
49483,49257,12
49484,49258,14
49485,49258,15
49486,49260,11
49487,49260,12
49488,49261,12
49489,49261,12
49490,49262,14
49491,49263,12
49492,49263,11
49493,49265,15
49494,49266,12
49495,49267,13
49496,49267,15
49497,49268,11
49498,49268,13
49499,49269,14
49500,49269,12
49501,49270,14
49502,49271,11
49503,49271,12
49504,49274,13
49505,49274,13
49506,49275,11
49507,49275,14
49508,49277,14
49509,49278,14
49510,49278,11
49511,49280,11
49512,49280,12
49513,49281,11
49514,49282,13
49515,49282,14
49516,49283,15
49517,49283,12
49518,49284,12
49519,49284,14
49520,49285,15
49521,49285,14
49522,49287,14
49523,49287,11
49524,49288,15
49525,49289,11
49526,49290,12
49527,49290,12
49528,49291,11
49529,49292,11
49530,49294,15
49531,49294,13
49532,49295,13
49533,49295,12
49534,49296,14
49535,49296,14
49536,49297,13
49537,49299,13
49538,49300,13
49539,49300,11
49540,49301,13
49541,49305,15
49542,49307,12
49543,49308,14
49544,49308,15
49545,49309,13
49546,49311,13
49547,49311,14
49548,49314,15
49549,49315,13
49550,49315,15
49551,49316,13
49552,49316,13
49553,49317,13
49554,49317,12
49555,49318,11
49556,49318,12
49557,49319,12
49558,49320,12
49559,49320,11
49560,49321,13
49561,49323,11
49562,49323,14
49563,49326,14
49564,49327,15
49565,49328,14
49566,49328,13
49567,49330,11
49568,49332,14
49569,49334,11
49570,49335,14
49571,49335,14
49572,49337,14
49573,49338,12
49574,49339,14
49575,49341,12
49576,49343,11
49577,49345,15
49578,49345,12
49579,49346,11
49580,49346,11
49581,49347,11
49582,49348,15
49583,49351,11
49584,49351,12
49585,49352,14
49586,49352,13
49587,49353,13
49588,49353,13
49589,49355,12
49590,49356,15
49591,49356,12
49592,49357,15
49593,49357,14
49594,49358,11
49595,49360,12
49596,49360,12
49597,49365,13
49598,49365,13
49599,49366,13
49600,49366,12
49601,49367,15
49602,49367,11
49603,49368,15
49604,49368,11
49605,49369,15
49606,49370,12
49607,49370,12
49608,49372,12
49609,49374,14
49610,49374,12
49611,49375,13
49612,49375,12
49613,49379,15
49614,49379,13
49615,49380,14
49616,49380,15
49617,49381,12
49618,49382,15
49619,49383,13
49620,49383,14
49621,49384,14
49622,49384,12
49623,49385,12
49624,49387,15
49625,49387,15
49626,49388,13
49627,49388,12
49628,49391,11
49629,49391,11
49630,49392,15
49631,49392,15
49632,49393,12
49633,49396,15
49634,49396,13
49635,49398,11
49636,49398,13
49637,49399,15
49638,49399,13
49639,49401,15
49640,49401,13
49641,49402,14
49642,49402,13
49643,49404,14
49644,49404,11
49645,49405,11
49646,49406,15
49647,49406,12
49648,49407,12
49649,49409,11
49650,49411,11
49651,49412,14
49652,49413,14
49653,49414,12
49654,49414,11
49655,49417,13
49656,49418,11
49657,49418,11
49658,49419,14
49659,49420,15
49660,49420,15
49661,49421,12
49662,49422,13
49663,49422,11
49664,49423,11
49665,49425,11
49666,49425,11
49667,49427,12
49668,49428,14
49669,49430,12
49670,49430,13
49671,49433,14
49672,49434,15
49673,49435,11
49674,49435,15
49675,49436,11
49676,49437,12
49677,49438,15
49678,49438,11
49679,49439,14
49680,49440,11
49681,49440,14
49682,49441,13
49683,49443,12
49684,49444,14
49685,49444,15
49686,49445,12
49687,49445,15
49688,49448,15
49689,49448,12
49690,49449,11
49691,49450,11
49692,49451,11
49693,49451,12
49694,49452,13
49695,49453,11
49696,49455,11
49697,49455,15
49698,49456,15
49699,49457,13
49700,49457,11
49701,49459,14
49702,49459,13
49703,49462,15
49704,49462,13
49705,49463,14
49706,49463,14
49707,49464,11
49708,49464,13
49709,49467,14
49710,49468,13
49711,49472,14
49712,49474,15
49713,49475,15
49714,49476,14
49715,49477,15
49716,49478,13
49717,49478,14
49718,49479,15
49719,49480,14
49720,49480,12
49721,49482,12
49722,49482,12
49723,49483,14
49724,49484,11
49725,49485,13
49726,49485,11
49727,49487,15
49728,49490,14
49729,49491,15
49730,49491,11
49731,49495,13
49732,49497,13
49733,49499,13
49734,49499,12
49735,49500,14
49736,49501,11
49737,49504,11
49738,49506,14
49739,49506,13
49740,49509,15
49741,49510,11
49742,49510,11
49743,49511,15
49744,49513,12
49745,49513,15
49746,49515,15
49747,49516,14
49748,49516,11
49749,49517,14
49750,49518,14
49751,49519,11
49752,49520,15
49753,49520,13
49754,49521,13
49755,49522,12
49756,49522,14
49757,49523,11
49758,49523,15
49759,49524,11
49760,49525,14
49761,49525,12
49762,49526,14
49763,49526,11
49764,49527,14
49765,49527,13
49766,49529,13
49767,49529,12
49768,49530,12
49769,49531,12
49770,49531,15
49771,49532,12
49772,49533,12
49773,49533,13
49774,49534,12
49775,49534,12
49776,49535,12
49777,49535,13
49778,49537,14
49779,49538,12
49780,49538,13
49781,49539,15
49782,49539,13
49783,49540,15
49784,49542,12
49785,49542,12
49786,49543,12
49787,49544,13
49788,49545,13
49789,49545,12
49790,49546,11
49791,49547,13
49792,49547,14
49793,49548,14
49794,49548,12
49795,49550,11
49796,49550,12
49797,49552,15
49798,49556,13
49799,49558,12
49800,49558,13
49801,49559,11
49802,49559,13
49803,49560,15
49804,49560,15
49805,49561,12
49806,49562,11
49807,49562,13
49808,49563,15
49809,49563,13
49810,49565,11
49811,49567,13
49812,49568,15
49813,49569,13
49814,49569,15
49815,49571,15
49816,49571,11
49817,49572,11
49818,49572,12
49819,49573,15
49820,49573,14
49821,49575,15
49822,49575,14
49823,49576,12
49824,49577,13
49825,49577,15
49826,49579,12
49827,49579,14
49828,49580,13
49829,49580,15
49830,49582,14
49831,49583,15
49832,49583,15
49833,49585,11
49834,49585,13
49835,49588,15
49836,49588,14
49837,49589,12
49838,49590,15
49839,49593,12
49840,49593,12
49841,49595,12
49842,49596,11
49843,49596,14
49844,49597,13
49845,49598,11
49846,49598,14
49847,49599,12
49848,49599,15
49849,49600,13
49850,49600,13
49851,49601,15
49852,49601,13
49853,49602,15
49854,49603,11
49855,49603,12
49856,49604,12
49857,49604,14
49858,49608,15
49859,49608,13
49860,49611,12
49861,49613,13
49862,49613,13
49863,49614,11
49864,49614,15
49865,49616,14
49866,49617,12
49867,49619,15
49868,49619,15
49869,49622,14
49870,49624,12
49871,49624,11
49872,49625,15
49873,49626,13
49874,49627,12
49875,49627,15
49876,49628,13
49877,49628,14
49878,49630,11
49879,49630,15
49880,49632,15
49881,49632,12
49882,49634,11
49883,49636,14
49884,49636,13
49885,49638,15
49886,49640,13
49887,49642,15
49888,49643,15
49889,49643,12
49890,49645,11
49891,49645,13
49892,49647,15
49893,49649,13
49894,49651,12
49895,49651,14
49896,49653,15
49897,49654,15
49898,49655,15
49899,49655,13
49900,49656,14
49901,49656,11
49902,49660,12
49903,49661,15
49904,49662,11
49905,49665,11
49906,49665,12
49907,49666,13
49908,49666,12
49909,49667,15
49910,49667,13
49911,49669,14
49912,49669,14
49913,49670,15
49914,49671,13
49915,49672,11
49916,49673,14
49917,49675,11
49918,49675,15
49919,49676,13
49920,49676,12
49921,49677,12
49922,49678,15
49923,49678,13
49924,49679,15
49925,49680,12
49926,49680,15
49927,49681,15
49928,49683,12
49929,49686,13
49930,49687,11
49931,49688,13
49932,49688,15
49933,49689,13
49934,49689,13
49935,49690,11
49936,49690,12
49937,49691,12
49938,49694,14
49939,49695,13
49940,49695,15
49941,49696,12
49942,49696,12
49943,49697,14
49944,49700,11
49945,49700,11
49946,49701,15
49947,49702,14
49948,49702,13
49949,49705,14
49950,49708,12
49951,49709,12
49952,49709,13
49953,49710,13
49954,49711,15
49955,49712,14
49956,49713,15
49957,49713,13
49958,49714,14
49959,49714,13
49960,49715,13
49961,49717,14
49962,49717,11
49963,49718,11
49964,49719,14
49965,49720,14
49966,49721,12
49967,49721,13
49968,49722,12
49969,49723,15
49970,49723,14
49971,49726,15
49972,49726,15
49973,49728,14
49974,49730,12
49975,49730,11
49976,49733,12
49977,49735,12
49978,49735,13
49979,49736,12
49980,49736,15
49981,49737,15
49982,49738,12
49983,49738,13
49984,49741,12
49985,49741,15
49986,49742,14
49987,49742,15
49988,49743,13
49989,49744,14
49990,49745,12
49991,49745,13
49992,49746,14
49993,49747,11
49994,49749,12
49995,49749,13
49996,49750,12
49997,49750,11
49998,49751,15
49999,49751,11
50000,49752,13
50001,49752,11
50002,49754,15
50003,49754,12
50004,49757,14
50005,49757,13
50006,49758,15
50007,49759,12
50008,49759,13
50009,49760,14
50010,49760,15
50011,49761,12
50012,49761,12
50013,49764,13
50014,49765,11
50015,49766,12
50016,49767,11
50017,49767,13
50018,49768,14
50019,49768,15
50020,49769,12
50021,49769,15
50022,49770,14
50023,49771,14
50024,49771,12
50025,49772,15
50026,49773,14
50027,49773,14
50028,49774,15
50029,49774,11
50030,49775,12
50031,49775,11
50032,49776,15
50033,49777,15
50034,49777,13
50035,49778,12
50036,49779,13
50037,49780,11
50038,49780,14
50039,49781,12
50040,49782,11
50041,49782,11
50042,49783,12
50043,49784,15
50044,49784,15
50045,49785,14
50046,49785,12
50047,49786,14
50048,49786,15
50049,49787,11
50050,49788,11
50051,49791,13
50052,49792,12
50053,49792,13
50054,49793,15
50055,49794,13
50056,49794,13
50057,49795,12
50058,49795,13
50059,49796,11
50060,49797,11
50061,49798,13
50062,49798,14
50063,49799,12
50064,49799,11
50065,49800,12
50066,49800,13
50067,49801,14
50068,49802,14
50069,49803,15
50070,49803,15
50071,49804,11
50072,49804,14
50073,49805,13
50074,49805,15
50075,49806,12
50076,49807,14
50077,49808,12
50078,49808,11
50079,49809,11
50080,49809,13
50081,49810,12
50082,49810,11
50083,49811,12
50084,49811,15
50085,49812,15
50086,49812,14
50087,49814,15
50088,49815,15
50089,49817,15
50090,49817,12
50091,49820,15
50092,49820,11
50093,49821,12
50094,49822,15
50095,49822,14
50096,49823,12
50097,49824,13
50098,49824,11
50099,49825,11
50100,49825,11
50101,49830,12
50102,49830,15
50103,49832,11
50104,49832,11
50105,49834,15
50106,49836,14
50107,49836,15
50108,49837,14
50109,49841,13
50110,49843,13
50111,49843,15
50112,49844,11
50113,49845,14
50114,49845,15
50115,49846,15
50116,49846,11
50117,49847,14
50118,49847,15
50119,49848,14
50120,49848,14
50121,49849,14
50122,49850,15
50123,49852,13
50124,49854,15
50125,49855,14
50126,49855,15
50127,49856,11
50128,49856,11
50129,49860,11
50130,49862,15
50131,49865,13
50132,49868,13
50133,49868,12
50134,49870,15
50135,49870,13
50136,49871,12
50137,49872,15
50138,49872,14
50139,49873,14
50140,49873,13
50141,49874,11
50142,49877,14
50143,49878,15
50144,49880,12
50145,49881,12
50146,49882,14
50147,49883,13
50148,49884,15
50149,49884,14
50150,49885,14
50151,49885,12
50152,49887,12
50153,49887,14
50154,49888,11
50155,49888,11
50156,49890,14
50157,49890,15
50158,49891,11
50159,49891,11
50160,49894,13
50161,49896,12
50162,49897,15
50163,49897,12
50164,49898,11
50165,49900,15
50166,49901,11
50167,49901,11
50168,49902,15
50169,49902,14
50170,49903,11
50171,49903,11
50172,49905,13
50173,49906,15
50174,49907,13
50175,49911,14
50176,49912,14
50177,49912,12
50178,49913,14
50179,49914,14
50180,49914,12
50181,49916,13
50182,49917,11
50183,49917,13
50184,49919,13
50185,49919,14
50186,49920,13
50187,49920,12
50188,49921,12
50189,49921,11
50190,49923,13
50191,49923,12
50192,49924,15
50193,49926,11
50194,49927,11
50195,49928,14
50196,49928,13
50197,49929,11
50198,49929,13
50199,49933,11
50200,49935,11
50201,49935,11
50202,49936,14
50203,49936,13
50204,49938,11
50205,49939,12
50206,49939,14
50207,49940,12
50208,49940,13
50209,49941,15
50210,49945,14
50211,49945,15
50212,49946,11
50213,49946,14
50214,49947,13
50215,49948,12
50216,49948,14
50217,49950,13
50218,49952,15
50219,49953,12
50220,49953,12
50221,49955,14
50222,49956,15
50223,49957,12
50224,49960,13
50225,49961,11
50226,49961,13
50227,49962,12
50228,49962,12
50229,49963,14
50230,49964,12
50231,49965,14
50232,49966,15
50233,49967,15
50234,49968,15
50235,49968,11
50236,49969,11
50237,49972,12
50238,49974,15
50239,49976,15
50240,49978,13
50241,49978,14
50242,49979,11
50243,49982,11
50244,49983,11
50245,49984,13
50246,49984,12
50247,49985,13
50248,49988,12
50249,49989,13
50250,49990,12
50251,49990,11
50252,49991,12
50253,49992,15
50254,49994,13
50255,49994,15
50256,49995,15
50257,49995,15
50258,49996,13
50259,49996,14
50260,49997,11
50261,49997,12
50262,50001,11
50263,50003,13
50264,50004,15
50265,50005,15
50266,50005,15
50267,50006,11
50268,50006,14
50269,50007,12
50270,50009,13
50271,50011,15
50272,50011,13
50273,50012,14
50274,50013,15
50275,50015,11
50276,50017,11
50277,50017,14
50278,50019,12
50279,50019,14
50280,50021,11
50281,50021,15
50282,50022,15
50283,50022,12
50284,50023,15
50285,50023,13
50286,50024,13
50287,50024,12
50288,50025,13
50289,50026,15
50290,50027,15
50291,50028,14
50292,50028,15
50293,50029,13
50294,50030,14
50295,50032,12
50296,50032,12
50297,50033,13
50298,50033,12
50299,50034,13
50300,50034,12
50301,50035,12
50302,50036,11
50303,50037,14
50304,50038,11
50305,50040,11
50306,50041,13
50307,50041,11
50308,50042,14
50309,50045,15
50310,50047,13
50311,50047,14
50312,50048,13
50313,50049,13
50314,50050,11
50315,50052,14
50316,50054,15
50317,50054,11
50318,50055,13
50319,50055,13
50320,50056,11
50321,50058,13
50322,50058,15
50323,50059,13
50324,50060,14
50325,50061,11
50326,50061,15
50327,50062,13
50328,50063,12
50329,50063,12
50330,50064,13
50331,50065,11
50332,50065,14
50333,50067,14
50334,50067,14
50335,50068,14
50336,50068,11
50337,50069,13
50338,50069,12
50339,50070,13
50340,50070,12
50341,50076,11
50342,50077,15
50343,50079,13
50344,50080,14
50345,50080,12
50346,50081,15
50347,50082,15
50348,50082,14
50349,50083,11
50350,50084,11
50351,50084,14
50352,50085,11
50353,50085,14
50354,50086,11
50355,50086,11
50356,50087,12
50357,50088,13
50358,50090,14
50359,50091,13
50360,50093,11
50361,50093,11
50362,50094,12
50363,50096,13
50364,50100,11
50365,50100,14
50366,50101,15
50367,50102,14
50368,50103,15
50369,50103,13
50370,50104,12
50371,50104,14
50372,50106,15
50373,50106,11
50374,50107,13
50375,50107,14
50376,50108,14
50377,50111,12
50378,50112,13
50379,50113,11
50380,50113,12
50381,50115,13
50382,50116,13
50383,50120,15
50384,50120,15
50385,50121,13
50386,50121,13
50387,50124,11
50388,50126,12
50389,50126,13
50390,50127,13
50391,50127,12
50392,50128,12
50393,50129,12
50394,50130,11
50395,50132,11
50396,50134,15
50397,50134,11
50398,50135,12
50399,50135,13
50400,50136,12
50401,50136,12
50402,50137,13
50403,50137,12
50404,50139,14
50405,50139,11
50406,50142,11
50407,50142,11
50408,50143,14
50409,50144,14
50410,50145,13
50411,50148,11
50412,50148,12
50413,50150,14
50414,50150,12
50415,50152,15
50416,50153,14
50417,50154,15
50418,50154,13
50419,50155,15
50420,50155,15
50421,50156,13
50422,50156,13
50423,50157,13
50424,50158,12
50425,50158,12
50426,50159,13
50427,50159,15
50428,50160,14
50429,50160,14
50430,50161,15
50431,50161,14
50432,50162,14
50433,50163,13
50434,50163,13
50435,50164,12
50436,50165,15
50437,50165,12
50438,50168,14
50439,50169,12
50440,50173,11
50441,50173,13
50442,50175,13
50443,50176,15
50444,50176,12
50445,50177,12
50446,50177,11
50447,50178,14
50448,50179,11
50449,50179,13
50450,50180,15
50451,50183,13
50452,50183,15
50453,50184,13
50454,50184,14
50455,50185,13
50456,50187,13
50457,50187,13
50458,50189,12
50459,50189,15
50460,50190,15
50461,50192,13
50462,50192,12
50463,50197,15
50464,50199,13
50465,50199,12
50466,50200,12
50467,50201,11
50468,50201,12
50469,50202,14
50470,50202,12
50471,50205,13
50472,50206,15
50473,50207,11
50474,50208,15
50475,50211,11
50476,50214,12
50477,50217,11
50478,50217,13
50479,50220,14
50480,50220,14
50481,50221,12
50482,50222,12
50483,50222,13
50484,50224,14
50485,50224,15
50486,50226,12
50487,50228,13
50488,50230,13
50489,50230,15
50490,50231,15
50491,50232,14
50492,50232,11
50493,50235,15
50494,50236,13
50495,50236,12
50496,50237,15
50497,50238,12
50498,50238,13
50499,50240,12
50500,50241,12
50501,50241,14
50502,50242,11
50503,50243,12
50504,50245,13
50505,50247,13
50506,50247,12
50507,50248,15
50508,50248,12
50509,50249,14
50510,50249,14
50511,50250,11
50512,50251,13
50513,50252,12
50514,50253,11
50515,50256,11
50516,50256,11
50517,50257,14
50518,50258,11
50519,50258,14
50520,50259,12
50521,50259,13
50522,50263,15
50523,50267,11
50524,50268,13
50525,50269,14
50526,50269,11
50527,50270,12
50528,50270,12
50529,50271,14
50530,50272,15
50531,50272,11
50532,50273,11
50533,50275,14
50534,50275,11
50535,50277,15
50536,50277,11
50537,50278,15
50538,50279,13
50539,50279,15
50540,50280,13
50541,50281,15
50542,50281,14
50543,50282,14
50544,50283,13
50545,50283,12
50546,50284,12
50547,50284,11
50548,50285,12
50549,50285,12
50550,50286,14
50551,50286,12
50552,50288,12
50553,50288,13
50554,50290,11
50555,50290,13
50556,50293,15
50557,50295,13
50558,50295,15
50559,50296,15
50560,50298,14
50561,50298,12
50562,50300,15
50563,50300,14
50564,50304,11
50565,50305,14
50566,50306,11
50567,50308,13
50568,50308,13
50569,50309,12
50570,50312,14
50571,50312,15
50572,50314,12
50573,50315,12
50574,50315,13
50575,50316,15
50576,50316,11
50577,50317,14
50578,50317,15
50579,50320,15
50580,50321,12
50581,50322,12
50582,50322,11
50583,50323,14
50584,50325,11
50585,50325,15
50586,50326,15
50587,50333,14
50588,50334,15
50589,50334,15
50590,50337,15
50591,50338,12
50592,50339,14
50593,50339,14
50594,50340,13
50595,50341,11
50596,50343,15
50597,50343,13
50598,50344,15
50599,50344,15
50600,50345,13
50601,50346,12
50602,50346,11
50603,50347,12
50604,50348,11
50605,50348,13
50606,50351,15
50607,50352,15
50608,50353,12
50609,50355,15
50610,50355,12
50611,50358,11
50612,50358,12
50613,50359,15
50614,50359,14
50615,50360,14
50616,50362,11
50617,50363,13
50618,50364,12
50619,50365,15
50620,50366,15
50621,50370,12
50622,50370,11
50623,50373,14
50624,50373,14
50625,50375,13
50626,50375,14
50627,50376,14
50628,50376,14
50629,50378,13
50630,50378,14
50631,50379,14
50632,50380,11
50633,50380,11
50634,50381,15
50635,50383,12
50636,50383,13
50637,50384,13
50638,50384,13
50639,50385,14
50640,50385,13
50641,50386,12
50642,50387,11
50643,50388,14
50644,50389,11
50645,50389,14
50646,50392,15
50647,50393,11
50648,50393,15
50649,50395,14
50650,50397,13
50651,50397,14
50652,50398,15
50653,50399,12
50654,50399,12
50655,50400,11
50656,50401,12
50657,50403,15
50658,50403,14
50659,50404,12
50660,50406,12
50661,50406,13
50662,50408,15
50663,50409,13
50664,50412,12
50665,50412,12
50666,50413,13
50667,50413,11
50668,50415,13
50669,50415,13
50670,50416,11
50671,50416,11
50672,50417,12
50673,50418,14
50674,50418,12
50675,50419,15
50676,50419,11
50677,50420,13
50678,50421,15
50679,50422,12
50680,50422,14
50681,50423,11
50682,50423,14
50683,50424,14
50684,50425,15
50685,50425,12
50686,50426,11
50687,50426,15
50688,50427,15
50689,50428,15
50690,50429,12
50691,50429,14
50692,50431,15
50693,50431,13
50694,50432,14
50695,50432,14
50696,50434,13
50697,50435,11
50698,50437,11
50699,50438,12
50700,50442,14
50701,50443,15
50702,50443,12
50703,50445,13
50704,50446,12
50705,50446,15
50706,50447,14
50707,50448,15
50708,50450,14
50709,50451,12
50710,50451,15
50711,50453,14
50712,50454,12
50713,50454,12
50714,50455,14
50715,50457,12
50716,50458,11
50717,50458,12
50718,50460,14
50719,50460,13
50720,50461,11
50721,50461,12
50722,50462,12
50723,50462,13
50724,50464,13
50725,50464,15
50726,50465,12
50727,50465,15
50728,50466,11
50729,50466,14
50730,50467,11
50731,50468,15
50732,50469,15
50733,50470,14
50734,50470,12
50735,50473,14
50736,50473,14
50737,50474,11
50738,50474,13
50739,50476,14
50740,50477,14
50741,50477,13
50742,50478,14
50743,50479,14
50744,50479,13
50745,50483,12
50746,50485,14
50747,50485,12
50748,50486,15
50749,50487,12
50750,50487,12
50751,50488,13
50752,50488,14
50753,50494,12
50754,50495,15
50755,50496,13
50756,50496,12
50757,50497,15
50758,50498,14
50759,50498,12
50760,50500,15
50761,50501,11
50762,50502,14
50763,50503,14
50764,50505,15
50765,50506,13
50766,50507,11
50767,50508,11
50768,50508,12
50769,50509,15
50770,50510,12
50771,50511,14
50772,50513,14
50773,50514,12
50774,50514,11
50775,50515,11
50776,50516,14
50777,50517,15
50778,50518,12
50779,50519,14
50780,50519,11
50781,50522,13
50782,50522,13
50783,50523,12
50784,50524,11
50785,50524,11
50786,50526,13
50787,50526,14
50788,50527,15
50789,50527,15
50790,50528,11
50791,50528,13
50792,50529,11
50793,50529,14
50794,50531,12
50795,50531,13
50796,50532,13
50797,50534,15
50798,50535,15
50799,50536,15
50800,50538,14
50801,50539,11
50802,50540,13
50803,50540,14
50804,50541,13
50805,50542,12
50806,50542,13
50807,50543,13
50808,50543,12
50809,50545,14
50810,50546,14
50811,50546,15
50812,50552,15
50813,50553,11
50814,50554,11
50815,50554,15
50816,50556,14
50817,50557,11
50818,50557,11
50819,50558,11
50820,50558,13
50821,50560,11
50822,50560,15
50823,50561,15
50824,50562,15
50825,50562,12
50826,50563,12
50827,50564,12
50828,50564,12
50829,50565,14
50830,50565,12
50831,50566,15
50832,50566,13
50833,50567,11
50834,50568,15
50835,50570,15
50836,50570,15
50837,50571,12
50838,50572,14
50839,50573,13
50840,50574,14
50841,50574,15
50842,50575,14
50843,50578,15
50844,50579,14
50845,50579,11
50846,50580,14
50847,50581,15
50848,50581,15
50849,50583,14
50850,50584,15
50851,50585,13
50852,50585,15
50853,50588,13
50854,50588,13
50855,50591,11
50856,50591,15
50857,50592,12
50858,50592,14
50859,50593,12
50860,50595,15
50861,50596,13
50862,50596,11
50863,50597,13
50864,50599,13
50865,50601,12
50866,50601,15
50867,50602,12
50868,50602,13
50869,50604,15
50870,50604,11
50871,50606,12
50872,50607,11
50873,50608,11
50874,50609,11
50875,50611,13
50876,50611,14
50877,50612,15
50878,50613,12
50879,50613,14
50880,50614,15
50881,50616,15
50882,50617,11
50883,50617,13
50884,50618,11
50885,50618,14
50886,50620,14
50887,50620,14
50888,50622,12
50889,50622,15
50890,50623,12
50891,50623,11
50892,50624,11
50893,50626,13
50894,50626,12
50895,50627,14
50896,50627,12
50897,50628,13
50898,50629,14
50899,50630,15
50900,50633,11
50901,50634,15
50902,50636,12
50903,50637,11
50904,50637,14
50905,50638,14
50906,50639,14
50907,50640,12
50908,50641,15
50909,50642,11
50910,50642,11
50911,50643,13
50912,50643,15
50913,50644,14
50914,50645,12
50915,50646,14
50916,50646,13
50917,50647,13
50918,50649,13
50919,50651,12
50920,50652,15
50921,50653,12
50922,50653,14
50923,50654,13
50924,50655,14
50925,50659,11
50926,50660,15
50927,50660,13
50928,50661,12
50929,50662,12
50930,50663,13
50931,50663,15
50932,50664,14
50933,50665,11
50934,50668,14
50935,50668,11
50936,50670,11
50937,50671,15
50938,50672,14
50939,50672,14
50940,50673,13
50941,50673,13
50942,50674,15
50943,50676,14
50944,50680,14
50945,50680,12
50946,50681,11
50947,50682,11
50948,50682,14
50949,50684,13
50950,50685,14
50951,50685,12
50952,50687,15
50953,50688,13
50954,50688,11
50955,50690,15
50956,50690,12
50957,50694,15
50958,50698,12
50959,50699,13
50960,50699,13
50961,50701,13
50962,50701,15
50963,50702,15
50964,50704,15
50965,50704,11
50966,50707,12
50967,50707,13
50968,50708,14
50969,50708,14
50970,50709,12
50971,50709,13
50972,50711,13
50973,50712,13
50974,50714,13
50975,50716,13
50976,50717,13
50977,50717,14
50978,50718,12
50979,50719,14
50980,50720,13
50981,50720,13
50982,50721,14
50983,50721,12
50984,50722,15
50985,50723,13
50986,50724,14
50987,50725,15
50988,50727,15
50989,50727,14
50990,50728,13
50991,50728,14
50992,50729,12
50993,50729,13
50994,50730,11
50995,50730,11
50996,50732,13
50997,50732,13
50998,50733,15
50999,50735,12
51000,50735,12
51001,50736,14
51002,50736,13
51003,50739,12
51004,50740,15
51005,50741,12
51006,50741,14
51007,50742,12
51008,50743,14
51009,50743,15
51010,50744,12
51011,50744,12
51012,50745,11
51013,50746,11
51014,50747,12
51015,50747,11
51016,50748,11
51017,50748,14
51018,50750,14
51019,50750,15
51020,50751,12
51021,50751,11
51022,50752,13
51023,50753,13
51024,50753,15
51025,50754,15
51026,50755,11
51027,50758,14
51028,50758,13
51029,50759,13
51030,50759,11
51031,50760,12
51032,50760,11
51033,50761,15
51034,50761,14
51035,50762,15
51036,50762,15
51037,50763,11
51038,50763,14
51039,50764,13
51040,50765,14
51041,50765,14
51042,50766,12
51043,50766,14
51044,50768,13
51045,50769,12
51046,50771,14
51047,50772,13
51048,50772,13
51049,50773,14
51050,50774,15
51051,50774,11
51052,50776,15
51053,50776,15
51054,50777,15
51055,50777,13
51056,50778,12
51057,50778,14
51058,50779,11
51059,50779,13
51060,50781,12
51061,50782,11
51062,50782,12
51063,50784,15
51064,50786,12
51065,50786,14
51066,50787,14
51067,50788,14
51068,50789,14
51069,50789,11
51070,50790,15
51071,50791,12
51072,50792,13
51073,50795,11
51074,50796,11
51075,50798,14
51076,50799,14
51077,50799,13
51078,50800,14
51079,50801,14
51080,50802,15
51081,50802,13
51082,50803,15
51083,50804,13
51084,50804,15
51085,50806,12
51086,50808,14
51087,50808,13
51088,50810,14
51089,50813,14
51090,50814,11
51091,50816,12
51092,50816,15
51093,50817,14
51094,50818,15
51095,50818,13
51096,50819,13
51097,50821,11
51098,50821,12
51099,50823,15
51100,50823,13
51101,50824,14
51102,50824,13
51103,50827,15
51104,50828,12
51105,50828,11
51106,50829,11
51107,50830,11
51108,50831,12
51109,50833,15
51110,50834,15
51111,50834,15
51112,50835,15
51113,50835,15
51114,50836,15
51115,50838,13
51116,50838,11
51117,50839,12
51118,50839,11
51119,50840,14
51120,50843,15
51121,50844,12
51122,50845,11
51123,50847,14
51124,50847,14
51125,50848,12
51126,50848,13
51127,50849,15
51128,50849,13
51129,50851,11
51130,50852,11
51131,50853,15
51132,50853,15
51133,50855,11
51134,50855,13
51135,50857,11
51136,50857,12
51137,50858,12
51138,50860,14
51139,50860,14
51140,50861,15
51141,50861,13
51142,50864,13
51143,50865,14
51144,50866,12
51145,50871,11
51146,50872,13
51147,50873,12
51148,50873,14
51149,50875,15
51150,50876,12
51151,50877,13
51152,50877,13
51153,50880,14
51154,50880,11
51155,50881,15
51156,50882,15
51157,50882,11
51158,50883,12
51159,50883,15
51160,50885,11
51161,50888,15
51162,50889,14
51163,50889,13
51164,50890,12
51165,50891,12
51166,50891,11
51167,50892,14
51168,50892,12
51169,50895,11
51170,50896,12
51171,50896,14
51172,50897,14
51173,50898,15
51174,50899,15
51175,50899,14
51176,50900,14
51177,50900,15
51178,50902,12
51179,50902,14
51180,50903,15
51181,50903,11
51182,50904,12
51183,50904,11
51184,50905,13
51185,50905,13
51186,50908,13
51187,50909,14
51188,50909,12
51189,50910,11
51190,50910,12
51191,50911,12
51192,50911,12
51193,50913,11
51194,50913,14
51195,50914,14
51196,50914,13
51197,50915,14
51198,50915,15
51199,50916,15
51200,50916,11
51201,50917,15
51202,50917,11
51203,50918,12
51204,50918,12
51205,50919,14
51206,50921,12
51207,50923,15
51208,50924,15
51209,50925,11
51210,50926,11
51211,50927,13
51212,50928,12
51213,50929,12
51214,50929,11
51215,50930,15
51216,50932,14
51217,50935,15
51218,50935,15
51219,50936,11
51220,50936,15
51221,50938,15
51222,50939,14
51223,50939,15
51224,50940,14
51225,50940,14
51226,50941,15
51227,50942,13
51228,50942,11
51229,50943,14
51230,50943,15
51231,50944,14
51232,50945,14
51233,50945,13
51234,50946,11
51235,50947,11
51236,50949,14
51237,50951,15
51238,50951,12
51239,50952,15
51240,50952,15
51241,50954,15
51242,50955,14
51243,50956,11
51244,50957,12
51245,50957,12
51246,50958,15
51247,50960,14
51248,50960,12
51249,50961,13
51250,50962,11
51251,50962,14
51252,50963,11
51253,50963,13
51254,50964,15
51255,50965,12
51256,50965,15
51257,50966,14
51258,50967,15
51259,50967,13
51260,50970,12
51261,50970,11
51262,50971,14
51263,50971,15
51264,50973,11
51265,50976,13
51266,50977,13
51267,50977,15
51268,50978,15
51269,50979,15
51270,50980,13
51271,50980,12
51272,50982,11
51273,50982,13
51274,50983,14
51275,50984,15
51276,50984,14
51277,50985,15
51278,50986,13
51279,50988,15
51280,50988,14
51281,50991,14
51282,50991,15
51283,50993,14
51284,50994,12
51285,50996,11
51286,50996,13
51287,50997,15
51288,50997,13
51289,50998,13
51290,50999,13
51291,50999,12
51292,51000,11
51293,51000,15
51294,51001,15
51295,51001,14
51296,51002,11
51297,51002,13
51298,51003,15
51299,51004,12
51300,51004,15
51301,51005,11
51302,51005,11
51303,51008,12
51304,51009,14
51305,51009,12
51306,51010,14
51307,51011,12
51308,51012,11
51309,51015,15
51310,51015,12
51311,51016,11
51312,51016,12
51313,51017,12
51314,51017,15
51315,51019,12
51316,51021,11
51317,51022,13
51318,51022,15
51319,51024,11
51320,51024,11
51321,51025,11
51322,51025,13
51323,51028,12
51324,51029,14
51325,51029,15
51326,51033,13
51327,51034,15
51328,51038,11
51329,51038,14
51330,51040,11
51331,51040,15
51332,51041,15
51333,51041,12
51334,51043,11
51335,51043,14
51336,51045,13
51337,51045,12
51338,51047,14
51339,51047,12
51340,51048,13
51341,51049,14
51342,51049,14
51343,51051,14
51344,51051,11
51345,51052,11
51346,51053,11
51347,51053,15
51348,51056,12
51349,51057,11
51350,51062,13
51351,51063,12
51352,51063,12
51353,51064,12
51354,51064,11
51355,51066,12
51356,51066,13
51357,51067,12
51358,51068,11
51359,51069,11
51360,51069,15
51361,51070,15
51362,51071,13
51363,51072,14
51364,51072,13
51365,51073,13
51366,51073,11
51367,51075,11
51368,51076,14
51369,51076,11
51370,51078,14
51371,51079,11
51372,51079,11
51373,51080,12
51374,51080,14
51375,51082,14
51376,51083,15
51377,51085,11
51378,51086,14
51379,51086,11
51380,51087,15
51381,51088,11
51382,51088,15
51383,51089,12
51384,51090,13
51385,51091,11
51386,51092,14
51387,51092,11
51388,51093,15
51389,51096,13
51390,51097,15
51391,51098,14
51392,51099,13
51393,51100,15
51394,51102,13
51395,51103,15
51396,51103,11
51397,51105,13
51398,51109,13
51399,51110,11
51400,51111,13
51401,51112,12
51402,51112,14
51403,51113,13
51404,51114,14
51405,51115,14
51406,51115,15
51407,51116,13
51408,51117,12
51409,51117,15
51410,51118,12
51411,51120,11
51412,51120,13
51413,51124,15
51414,51124,11
51415,51125,11
51416,51125,15
51417,51126,13
51418,51130,12
51419,51131,13
51420,51132,11
51421,51134,11
51422,51134,14
51423,51135,13
51424,51136,15
51425,51136,13
51426,51137,11
51427,51138,13
51428,51139,14
51429,51139,12
51430,51143,12
51431,51143,14
51432,51144,15
51433,51145,14
51434,51146,12
51435,51147,15
51436,51150,14
51437,51153,11
51438,51153,11
51439,51154,15
51440,51154,15
51441,51155,11
51442,51155,12
51443,51158,14
51444,51159,13
51445,51159,15
51446,51160,11
51447,51161,15
51448,51164,15
51449,51165,13
51450,51166,14
51451,51167,13
51452,51167,13
51453,51170,14
51454,51171,15
51455,51171,15
51456,51173,11
51457,51173,12
51458,51175,11
51459,51175,12
51460,51176,12
51461,51177,11
51462,51177,11
51463,51178,14
51464,51178,13
51465,51179,15
51466,51180,15
51467,51182,14
51468,51182,14
51469,51183,13
51470,51183,11
51471,51184,13
51472,51185,14
51473,51185,13
51474,51186,11
51475,51186,12
51476,51187,12
51477,51189,14
51478,51189,13
51479,51190,11
51480,51191,11
51481,51191,15
51482,51192,11
51483,51192,14
51484,51193,11
51485,51193,15
51486,51194,14
51487,51196,12
51488,51196,13
51489,51197,11
51490,51197,13
51491,51198,14
51492,51202,11
51493,51202,15
51494,51203,13
51495,51203,14
51496,51204,14
51497,51207,14
51498,51207,14
51499,51208,15
51500,51209,14
51501,51209,11
51502,51210,12
51503,51214,12
51504,51214,11
51505,51215,12
51506,51216,15
51507,51217,11
51508,51218,11
51509,51222,12
51510,51223,11
51511,51223,14
51512,51224,15
51513,51224,13
51514,51226,11
51515,51226,15
51516,51227,13
51517,51228,14
51518,51228,14
51519,51229,13
51520,51232,14
51521,51232,14
51522,51236,15
51523,51236,13
51524,51240,11
51525,51242,13
51526,51242,11
51527,51243,14
51528,51244,15
51529,51245,13
51530,51245,11
51531,51246,13
51532,51246,11
51533,51247,13
51534,51250,14
51535,51250,11
51536,51251,12
51537,51252,11
51538,51253,11
51539,51253,13
51540,51254,12
51541,51255,14
51542,51256,14
51543,51257,15
51544,51258,14
51545,51260,14
51546,51263,12
51547,51263,14
51548,51265,12
51549,51266,11
51550,51266,12
51551,51269,15
51552,51269,12
51553,51270,15
51554,51271,13
51555,51271,14
51556,51272,11
51557,51273,11
51558,51274,11
51559,51274,14
51560,51275,15
51561,51277,12
51562,51277,14
51563,51279,15
51564,51279,12
51565,51280,12
51566,51280,12
51567,51282,13
51568,51282,12
51569,51283,15
51570,51284,14
51571,51284,12
51572,51289,11
51573,51290,12
51574,51291,14
51575,51291,12
51576,51293,11
51577,51295,11
51578,51295,13
51579,51296,15
51580,51298,13
51581,51298,13
51582,51299,15
51583,51300,14
51584,51302,11
51585,51302,11
51586,51303,12
51587,51303,12
51588,51304,14
51589,51306,15
51590,51307,12
51591,51308,11
51592,51309,13
51593,51310,15
51594,51310,12
51595,51311,12
51596,51312,11
51597,51313,12
51598,51314,15
51599,51315,13
51600,51315,14
51601,51316,15
51602,51317,11
51603,51318,14
51604,51318,15
51605,51319,15
51606,51319,14
51607,51320,14
51608,51321,13
51609,51321,13
51610,51323,14
51611,51323,13
51612,51324,14
51613,51324,12
51614,51325,13
51615,51327,11
51616,51332,14
51617,51338,15
51618,51338,13
51619,51340,13
51620,51341,15
51621,51342,13
51622,51344,12
51623,51344,11
51624,51345,13
51625,51347,15
51626,51347,13
51627,51350,15
51628,51351,15
51629,51354,15
51630,51354,14
51631,51356,11
51632,51356,14
51633,51358,12
51634,51358,12
51635,51360,11
51636,51360,15
51637,51362,12
51638,51363,11
51639,51364,15
51640,51366,12
51641,51366,12
51642,51367,14
51643,51367,12
51644,51368,11
51645,51370,15
51646,51371,14
51647,51372,12
51648,51374,12
51649,51375,11
51650,51375,15
51651,51378,13
51652,51378,14
51653,51379,14
51654,51379,11
51655,51380,13
51656,51380,12
51657,51381,14
51658,51381,14
51659,51382,13
51660,51383,13
51661,51384,15
51662,51385,13
51663,51386,11
51664,51386,11
51665,51387,14
51666,51387,11
51667,51388,15
51668,51390,11
51669,51390,11
51670,51391,11
51671,51392,14
51672,51392,11
51673,51393,11
51674,51394,13
51675,51395,12
51676,51395,11
51677,51396,14
51678,51397,11
51679,51397,15
51680,51398,14
51681,51401,13
51682,51401,13
51683,51402,12
51684,51402,11
51685,51404,15
51686,51405,15
51687,51406,13
51688,51408,11
51689,51409,15
51690,51410,13
51691,51410,12
51692,51411,12
51693,51413,13
51694,51413,14
51695,51415,11
51696,51415,13
51697,51416,15
51698,51416,11
51699,51418,14
51700,51419,14
51701,51419,14
51702,51420,15
51703,51420,15
51704,51422,13
51705,51422,12
51706,51423,13
51707,51424,15
51708,51424,12
51709,51425,11
51710,51426,12
51711,51428,11
51712,51428,14
51713,51430,15
51714,51430,14
51715,51432,11
51716,51435,13
51717,51436,14
51718,51436,15
51719,51437,14
51720,51439,15
51721,51441,11
51722,51441,12
51723,51442,13
51724,51443,13
51725,51446,14
51726,51447,11
51727,51447,13
51728,51448,12
51729,51448,12
51730,51449,12
51731,51449,12
51732,51450,13
51733,51451,15
51734,51451,11
51735,51452,11
51736,51453,12
51737,51454,11
51738,51454,14
51739,51456,13
51740,51456,15
51741,51458,11
51742,51459,12
51743,51461,13
51744,51463,12
51745,51463,12
51746,51465,15
51747,51465,12
51748,51467,14
51749,51467,14
51750,51468,15
51751,51470,15
51752,51471,12
51753,51473,14
51754,51474,14
51755,51474,12
51756,51475,15
51757,51476,14
51758,51477,14
51759,51477,15
51760,51478,14
51761,51479,13
51762,51481,12
51763,51482,14
51764,51482,12
51765,51483,14
51766,51483,13
51767,51484,11
51768,51485,12
51769,51486,14
51770,51486,13
51771,51487,12
51772,51489,13
51773,51489,11
51774,51491,15
51775,51491,14
51776,51493,15
51777,51496,12
51778,51497,12
51779,51498,14
51780,51499,13
51781,51499,12
51782,51500,12
51783,51501,14
51784,51501,11
51785,51502,12
51786,51504,12
51787,51505,14
51788,51505,11
51789,51513,14
51790,51514,12
51791,51515,11
51792,51515,13
51793,51516,13
51794,51520,13
51795,51521,14
51796,51522,13
51797,51523,14
51798,51524,11
51799,51525,15
51800,51527,14
51801,51529,13
51802,51529,13
51803,51530,15
51804,51530,14
51805,51531,13
51806,51531,14
51807,51532,12
51808,51534,12
51809,51534,15
51810,51535,14
51811,51535,15
51812,51536,14
51813,51536,11
51814,51537,11
51815,51537,12
51816,51539,13
51817,51540,14
51818,51541,11
51819,51542,14
51820,51542,11
51821,51543,13
51822,51543,13
51823,51544,11
51824,51546,11
51825,51549,12
51826,51550,13
51827,51551,14
51828,51552,12
51829,51554,15
51830,51555,15
51831,51556,13
51832,51556,15
51833,51558,13
51834,51559,15
51835,51559,11
51836,51560,13
51837,51560,15
51838,51561,14
51839,51562,13
51840,51566,14
51841,51567,13
51842,51570,15
51843,51570,15
51844,51571,15
51845,51572,15
51846,51572,14
51847,51573,12
51848,51573,11
51849,51575,13
51850,51575,13
51851,51576,11
51852,51576,12
51853,51577,11
51854,51578,11
51855,51578,15
51856,51580,14
51857,51580,12
51858,51581,14
51859,51584,13
51860,51584,14
51861,51585,14
51862,51585,15
51863,51587,15
51864,51587,13
51865,51588,11
51866,51589,14
51867,51589,13
51868,51591,15
51869,51591,12
51870,51592,11
51871,51593,13
51872,51596,14
51873,51596,15
51874,51598,13
51875,51598,14
51876,51599,12
51877,51600,13
51878,51601,15
51879,51603,14
51880,51605,15
51881,51605,13
51882,51612,12
51883,51612,12
51884,51614,13
51885,51614,15
51886,51616,11
51887,51618,15
51888,51619,15
51889,51619,14
51890,51620,12
51891,51620,14
51892,51621,15
51893,51621,15
51894,51622,14
51895,51622,14
51896,51624,12
51897,51624,14
51898,51625,13
51899,51625,14
51900,51626,11
51901,51626,12
51902,51627,12
51903,51627,13
51904,51629,13
51905,51629,12
51906,51631,15
51907,51631,11
51908,51632,12
51909,51634,15
51910,51635,12
51911,51636,12
51912,51636,15
51913,51637,11
51914,51639,14
51915,51639,15
51916,51640,14
51917,51642,11
51918,51643,12
51919,51644,13
51920,51644,13
51921,51645,15
51922,51645,15
51923,51647,15
51924,51647,12
51925,51648,14
51926,51649,14
51927,51652,14
51928,51653,12
51929,51653,13
51930,51654,11
51931,51654,14
51932,51656,13
51933,51657,12
51934,51659,14
51935,51660,15
51936,51661,15
51937,51662,14
51938,51663,13
51939,51663,15
51940,51666,13
51941,51666,15
51942,51667,13
51943,51667,15
51944,51668,12
51945,51669,12
51946,51669,15
51947,51671,11
51948,51671,15
51949,51672,14
51950,51674,11
51951,51676,14
51952,51679,11
51953,51679,12
51954,51680,13
51955,51681,11
51956,51682,12
51957,51682,13
51958,51683,11
51959,51685,13
51960,51685,13
51961,51687,12
51962,51687,13
51963,51689,14
51964,51691,11
51965,51691,15
51966,51696,12
51967,51696,14
51968,51698,11
51969,51699,13
51970,51699,12
51971,51700,11
51972,51701,12
51973,51703,12
51974,51704,12
51975,51705,13
51976,51706,12
51977,51706,11
51978,51707,11
51979,51707,11
51980,51709,12
51981,51710,12
51982,51711,14
51983,51713,14
51984,51713,15
51985,51714,11
51986,51715,14
51987,51716,14
51988,51718,14
51989,51718,12
51990,51721,12
51991,51723,13
51992,51725,11
51993,51725,12
51994,51728,15
51995,51728,13
51996,51729,15
51997,51729,13
51998,51732,14
51999,51732,11
52000,51734,13
52001,51736,11
52002,51736,13
52003,51738,11
52004,51739,15
52005,51741,12
52006,51743,14
52007,51744,13
52008,51747,11
52009,51748,11
52010,51748,15
52011,51749,14
52012,51750,14
52013,51752,14
52014,51753,14
52015,51753,12
52016,51754,12
52017,51754,11
52018,51756,13
52019,51759,12
52020,51759,12
52021,51760,12
52022,51761,13
52023,51761,14
52024,51762,13
52025,51763,14
52026,51764,14
52027,51764,15
52028,51766,12
52029,51766,15
52030,51767,15
52031,51768,15
52032,51770,14
52033,51770,15
52034,51771,15
52035,51772,13
52036,51773,14
52037,51774,11
52038,51774,13
52039,51776,15
52040,51777,15
52041,51777,13
52042,51779,11
52043,51779,13
52044,51780,15
52045,51780,11
52046,51781,13
52047,51782,14
52048,51782,12
52049,51784,15
52050,51786,13
52051,51787,12
52052,51787,12
52053,51788,15
52054,51789,11
52055,51790,15
52056,51791,12
52057,51793,15
52058,51793,12
52059,51795,15
52060,51796,15
52061,51797,12
52062,51798,14
52063,51798,12
52064,51801,14
52065,51801,14
52066,51802,13
52067,51802,11
52068,51803,12
52069,51803,12
52070,51804,12
52071,51806,14
52072,51806,14
52073,51807,14
52074,51807,15
52075,51809,14
52076,51809,13
52077,51810,12
52078,51810,11
52079,51811,12
52080,51812,15
52081,51812,13
52082,51813,15
52083,51814,15
52084,51814,14
52085,51815,11
52086,51819,14
52087,51820,13
52088,51822,14
52089,51823,14
52090,51823,13
52091,51824,11
52092,51825,12
52093,51827,14
52094,51827,11
52095,51829,12
52096,51831,15
52097,51832,14
52098,51832,11
52099,51835,15
52100,51835,15
52101,51836,11
52102,51838,14
52103,51839,15
52104,51839,15
52105,51840,15
52106,51841,14
52107,51842,12
52108,51844,13
52109,51845,11
52110,51846,13
52111,51847,15
52112,51847,15
52113,51848,13
52114,51848,15
52115,51849,13
52116,51850,15
52117,51851,14
52118,51851,13
52119,51852,12
52120,51855,13
52121,51855,15
52122,51856,13
52123,51856,14
52124,51857,11
52125,51860,13
52126,51861,14
52127,51862,13
52128,51863,12
52129,51863,12
52130,51864,11
52131,51868,13
52132,51868,12
52133,51870,11
52134,51870,11
52135,51871,15
52136,51871,13
52137,51872,13
52138,51872,14
52139,51873,11
52140,51874,11
52141,51875,15
52142,51876,13
52143,51877,15
52144,51878,14
52145,51879,13
52146,51882,15
52147,51884,14
52148,51884,12
52149,51887,15
52150,51887,12
52151,51889,12
52152,51889,11
52153,51890,15
52154,51891,14
52155,51891,13
52156,51892,13
52157,51893,15
52158,51894,11
52159,51894,13
52160,51895,12
52161,51895,15
52162,51896,11
52163,51896,14
52164,51898,11
52165,51898,11
52166,51901,14
52167,51904,15
52168,51904,14
52169,51908,12
52170,51908,12
52171,51909,15
52172,51910,14
52173,51910,12
52174,51911,11
52175,51911,13
52176,51912,15
52177,51914,14
52178,51914,15
52179,51917,12
52180,51918,15
52181,51919,15
52182,51919,15
52183,51920,14
52184,51921,12
52185,51921,12
52186,51924,15
52187,51925,12
52188,51926,14
52189,51927,14
52190,51927,11
52191,51928,11
52192,51929,14
52193,51930,13
52194,51931,11
52195,51931,12
52196,51932,13
52197,51934,11
52198,51934,11
52199,51935,14
52200,51936,13
52201,51936,11
52202,51939,12
52203,51939,15
52204,51942,11
52205,51942,14
52206,51943,13
52207,51944,12
52208,51944,15
52209,51946,14
52210,51948,11
52211,51948,14
52212,51949,11
52213,51952,12
52214,51954,11
52215,51956,14
52216,51957,15
52217,51958,15
52218,51959,12
52219,51959,11
52220,51960,14
52221,51961,12
52222,51963,13
52223,51963,11
52224,51964,11
52225,51965,15
52226,51965,13
52227,51966,14
52228,51967,13
52229,51967,12
52230,51968,11
52231,51969,14
52232,51971,14
52233,51971,11
52234,51972,12
52235,51972,12
52236,51974,12
52237,51974,13
52238,51975,12
52239,51975,12
52240,51976,15
52241,51976,15
52242,51978,14
52243,51978,15
52244,51981,14
52245,51981,11
52246,51982,12
52247,51982,14
52248,51984,15
52249,51984,15
52250,51990,12
52251,51990,11
52252,51991,13
52253,51991,13
52254,51993,15
52255,51995,15
52256,51996,15
52257,51996,11
52258,51997,13
52259,51997,13
52260,51998,12
52261,51998,15
52262,51999,15
52263,52001,13
52264,52002,15
52265,52002,13
52266,52003,15
52267,52004,14
52268,52004,13
52269,52006,13
52270,52011,15
52271,52011,14
52272,52012,11
52273,52012,13
52274,52013,11
52275,52013,15
52276,52014,13
52277,52014,11
52278,52016,15
52279,52016,14
52280,52017,15
52281,52018,11
52282,52018,12
52283,52019,13
52284,52020,11
52285,52020,13
52286,52021,14
52287,52021,13
52288,52022,11
52289,52022,13
52290,52023,11
52291,52023,14
52292,52025,14
52293,52028,14
52294,52028,13
52295,52031,14
52296,52031,15
52297,52032,15
52298,52034,12
52299,52035,11
52300,52035,13
52301,52036,13
52302,52036,13
52303,52037,11
52304,52037,14
52305,52038,13
52306,52039,14
52307,52039,13
52308,52040,11
52309,52040,11
52310,52041,15
52311,52045,14
52312,52045,14
52313,52046,15
52314,52047,11
52315,52049,14
52316,52049,12
52317,52052,11
52318,52052,15
52319,52053,14
52320,52054,13
52321,52054,15
52322,52055,15
52323,52055,14
52324,52057,12
52325,52058,15
52326,52058,12
52327,52059,13
52328,52060,14
52329,52061,14
52330,52061,12
52331,52062,14
52332,52062,14
52333,52063,13
52334,52063,13
52335,52066,14
52336,52070,15
52337,52071,13
52338,52071,11
52339,52072,12
52340,52072,11
52341,52073,12
52342,52074,15
52343,52075,11
52344,52075,11
52345,52076,15
52346,52077,13
52347,52078,11
52348,52079,12
52349,52080,15
52350,52080,15
52351,52081,11
52352,52082,13
52353,52082,14
52354,52084,15
52355,52084,15
52356,52085,12
52357,52085,12
52358,52086,15
52359,52087,15
52360,52087,11
52361,52089,11
52362,52089,11
52363,52090,13
52364,52090,14
52365,52091,13
52366,52092,14
52367,52094,15
52368,52096,14
52369,52097,15
52370,52097,14
52371,52098,15
52372,52099,13
52373,52099,12
52374,52100,11
52375,52104,15
52376,52104,12
52377,52105,11
52378,52105,15
52379,52106,11
52380,52107,12
52381,52108,13
52382,52108,12
52383,52109,13
52384,52109,11
52385,52110,13
52386,52111,12
52387,52111,14
52388,52112,14
52389,52112,13
52390,52113,11
52391,52113,11
52392,52118,14
52393,52118,11
52394,52123,12
52395,52123,13
52396,52124,13
52397,52126,11
52398,52130,15
52399,52130,14
52400,52134,12
52401,52136,12
52402,52137,13
52403,52137,11
52404,52140,15
52405,52140,14
52406,52142,12
52407,52143,13
52408,52145,15
52409,52145,12
52410,52147,11
52411,52147,12
52412,52149,12
52413,52149,15
52414,52150,12
52415,52151,15
52416,52152,15
52417,52153,11
52418,52153,15
52419,52154,13
52420,52155,15
52421,52155,12
52422,52156,12
52423,52157,11
52424,52157,12
52425,52158,12
52426,52158,15
52427,52160,15
52428,52160,11
52429,52161,15
52430,52162,13
52431,52162,11
52432,52164,11
52433,52164,14
52434,52165,11
52435,52165,14
52436,52166,14
52437,52166,11
52438,52167,14
52439,52168,14
52440,52170,12
52441,52170,15
52442,52172,11
52443,52174,14
52444,52174,13
52445,52175,14
52446,52175,14
52447,52177,14
52448,52177,14
52449,52179,11
52450,52180,11
52451,52181,13
52452,52182,15
52453,52183,12
52454,52183,13
52455,52184,13
52456,52184,13
52457,52187,12
52458,52187,13
52459,52189,13
52460,52189,15
52461,52190,15
52462,52190,12
52463,52191,13
52464,52191,15
52465,52193,12
52466,52195,12
52467,52197,14
52468,52199,14
52469,52200,13
52470,52201,11
52471,52203,15
52472,52203,15
52473,52204,15
52474,52207,14
52475,52207,11
52476,52208,14
52477,52208,11
52478,52209,11
52479,52210,13
52480,52211,15
52481,52211,11
52482,52213,15
52483,52213,11
52484,52214,13
52485,52218,15
52486,52218,15
52487,52221,15
52488,52222,12
52489,52223,14
52490,52223,14
52491,52224,12
52492,52224,14
52493,52226,13
52494,52227,14
52495,52227,11
52496,52228,12
52497,52228,15
52498,52229,12
52499,52229,13
52500,52230,13
52501,52231,13
52502,52231,14
52503,52232,14
52504,52234,12
52505,52235,14
52506,52238,13
52507,52240,15
52508,52240,13
52509,52243,11
52510,52245,14
52511,52245,11
52512,52246,11
52513,52246,11
52514,52247,14
52515,52248,13
52516,52248,15
52517,52249,14
52518,52249,15
52519,52251,11
52520,52251,12
52521,52253,14
52522,52253,11
52523,52254,13
52524,52257,11
52525,52259,14
52526,52261,12
52527,52262,14
52528,52263,11
52529,52263,11
52530,52266,11
52531,52268,12
52532,52268,11
52533,52269,13
52534,52271,12
52535,52271,12
52536,52272,11
52537,52272,12
52538,52274,12
52539,52274,14
52540,52275,11
52541,52275,12
52542,52276,11
52543,52277,15
52544,52277,13
52545,52278,11
52546,52278,13
52547,52282,12
52548,52282,15
52549,52285,12
52550,52285,11
52551,52287,11
52552,52287,11
52553,52289,12
52554,52290,15
52555,52290,13
52556,52291,12
52557,52292,11
52558,52292,14
52559,52293,15
52560,52294,14
52561,52296,13
52562,52297,15
52563,52304,12
52564,52304,15
52565,52306,12
52566,52306,12
52567,52307,11
52568,52307,14
52569,52308,12
52570,52309,11
52571,52310,15
52572,52312,15
52573,52312,11
52574,52313,14
52575,52316,14
52576,52317,11
52577,52317,12
52578,52318,12
52579,52319,13
52580,52320,14
52581,52320,12
52582,52321,15
52583,52322,15
52584,52322,12
52585,52325,12
52586,52325,12
52587,52327,14
52588,52327,15
52589,52328,12
52590,52328,13
52591,52329,11
52592,52331,13
52593,52331,13
52594,52332,14
52595,52332,14
52596,52334,15
52597,52335,11
52598,52336,13
52599,52337,15
52600,52337,13
52601,52338,14
52602,52339,15
52603,52339,11
52604,52340,14
52605,52340,15
52606,52342,15
52607,52342,14
52608,52345,13
52609,52345,15
52610,52346,11
52611,52348,13
52612,52349,12
52613,52350,14
52614,52352,13
52615,52352,11
52616,52353,11
52617,52353,14
52618,52354,11
52619,52356,14
52620,52360,13
52621,52361,12
52622,52362,14
52623,52362,11
52624,52365,11
52625,52366,15
52626,52366,12
52627,52367,13
52628,52367,14
52629,52370,11
52630,52370,14
52631,52371,15
52632,52372,11
52633,52372,13
52634,52373,13
52635,52374,15
52636,52374,13
52637,52381,14
52638,52381,15
52639,52382,14
52640,52387,14
52641,52387,15
52642,52388,11
52643,52389,12
52644,52390,12
52645,52390,14
52646,52391,11
52647,52391,14
52648,52392,12
52649,52392,14
52650,52394,13
52651,52394,13
52652,52395,12
52653,52395,13
52654,52396,13
52655,52396,15
52656,52397,13
52657,52397,12
52658,52398,11
52659,52398,11
52660,52399,13
52661,52400,14
52662,52400,13
52663,52401,11
52664,52401,12
52665,52403,13
52666,52406,12
52667,52407,14
52668,52407,11
52669,52408,11
52670,52408,15
52671,52409,11
52672,52411,11
52673,52413,11
52674,52414,14
52675,52415,14
52676,52415,14
52677,52418,14
52678,52419,14
52679,52419,13
52680,52420,13
52681,52421,13
52682,52424,13
52683,52426,15
52684,52426,13
52685,52427,14
52686,52428,11
52687,52428,12
52688,52431,11
52689,52432,15
52690,52433,11
52691,52435,11
52692,52437,11
52693,52438,14
52694,52438,14
52695,52439,11
52696,52439,12
52697,52440,12
52698,52440,15
52699,52441,13
52700,52441,11
52701,52443,15
52702,52443,11
52703,52444,13
52704,52445,14
52705,52446,12
52706,52446,12
52707,52450,15
52708,52450,14
52709,52452,15
52710,52453,12
52711,52453,14
52712,52454,15
52713,52454,12
52714,52455,15
52715,52457,13
52716,52460,14
52717,52461,14
52718,52462,15
52719,52464,15
52720,52464,11
52721,52466,13
52722,52468,15
52723,52468,11
52724,52469,11
52725,52470,14
52726,52470,15
52727,52472,11
52728,52473,15
52729,52473,14
52730,52474,13
52731,52475,14
52732,52475,12
52733,52477,13
52734,52478,15
52735,52478,14
52736,52480,14
52737,52484,13
52738,52485,11
52739,52485,13
52740,52486,15
52741,52486,14
52742,52487,15
52743,52487,12
52744,52488,15
52745,52488,11
52746,52490,14
52747,52492,11
52748,52492,14
52749,52493,11
52750,52494,12
52751,52495,11
52752,52495,14
52753,52497,14
52754,52499,14
52755,52499,15
52756,52500,12
52757,52500,14
52758,52501,11
52759,52503,12
52760,52503,13
52761,52504,12
52762,52506,15
52763,52506,11
52764,52508,13
52765,52508,13
52766,52511,12
52767,52512,11
52768,52514,15
52769,52515,14
52770,52515,14
52771,52516,15
52772,52516,11
52773,52517,15
52774,52518,13
52775,52518,12
52776,52519,14
52777,52520,15
52778,52520,12
52779,52522,12
52780,52524,12
52781,52524,13
52782,52525,11
52783,52525,14
52784,52527,13
52785,52527,11
52786,52529,13
52787,52531,15
52788,52531,15
52789,52532,13
52790,52534,15
52791,52534,14
52792,52535,13
52793,52535,12
52794,52537,13
52795,52537,14
52796,52538,11
52797,52539,12
52798,52539,11
52799,52540,15
52800,52540,14
52801,52542,12
52802,52542,14
52803,52544,11
52804,52545,14
52805,52547,15
52806,52547,13
52807,52549,13
52808,52553,15
52809,52553,11
52810,52556,12
52811,52557,11
52812,52557,14
52813,52558,11
52814,52558,11
52815,52559,14
52816,52560,11
52817,52561,14
52818,52561,12
52819,52563,11
52820,52565,15
52821,52570,15
52822,52570,15
52823,52571,12
52824,52572,11
52825,52572,13
52826,52575,11
52827,52575,11
52828,52576,11
52829,52576,15
52830,52577,14
52831,52577,13
52832,52579,12
52833,52581,13
52834,52581,12
52835,52582,11
52836,52583,14
52837,52583,15
52838,52585,11
52839,52586,14
52840,52588,15
52841,52588,12
52842,52589,14
52843,52589,15
52844,52590,12
52845,52590,15
52846,52592,14
52847,52592,11
52848,52593,12
52849,52593,15
52850,52594,13
52851,52594,11
52852,52595,15
52853,52595,14
52854,52597,14
52855,52597,14
52856,52600,11
52857,52601,14
52858,52601,13
52859,52602,13
52860,52602,11
52861,52604,12
52862,52605,15
52863,52605,14
52864,52606,11
52865,52607,13
52866,52608,13
52867,52608,13
52868,52610,12
52869,52610,15
52870,52611,11
52871,52611,12
52872,52613,14
52873,52615,13
52874,52615,14
52875,52616,11
52876,52617,15
52877,52617,11
52878,52619,12
52879,52619,15
52880,52620,12
52881,52621,13
52882,52622,13
52883,52622,11
52884,52625,13
52885,52626,15
52886,52626,15
52887,52627,12
52888,52630,15
52889,52631,14
52890,52631,12
52891,52632,12
52892,52633,13
52893,52633,13
52894,52636,14
52895,52636,13
52896,52637,14
52897,52638,11
52898,52638,12
52899,52640,15
52900,52640,14
52901,52641,12
52902,52642,13
52903,52643,11
52904,52645,14
52905,52645,11
52906,52646,15
52907,52647,11
52908,52650,14
52909,52651,11
52910,52652,15
52911,52653,11
52912,52653,11
52913,52655,12
52914,52656,11
52915,52657,11
52916,52658,14
52917,52659,14
52918,52659,13
52919,52660,11
52920,52660,12
52921,52662,14
52922,52662,15
52923,52663,15
52924,52664,14
52925,52664,13
52926,52666,12
52927,52667,15
52928,52667,12
52929,52670,14
52930,52671,15
52931,52672,11
52932,52673,15
52933,52674,15
52934,52675,12
52935,52675,11
52936,52676,14
52937,52677,15
52938,52677,14
52939,52678,14
52940,52678,15
52941,52681,14
52942,52681,11
52943,52682,15
52944,52682,14
52945,52685,15
52946,52685,14
52947,52687,12
52948,52691,15
52949,52693,12
52950,52695,15
52951,52695,13
52952,52696,15
52953,52696,12
52954,52698,14
52955,52698,12
52956,52701,11
52957,52701,15
52958,52702,15
52959,52706,11
52960,52707,12
52961,52708,13
52962,52708,14
52963,52710,11
52964,52710,15
52965,52711,13
52966,52712,13
52967,52712,14
52968,52714,12
52969,52714,11
52970,52718,13
52971,52718,13
52972,52719,13
52973,52719,11
52974,52720,12
52975,52720,14
52976,52722,12
52977,52722,12
52978,52726,13
52979,52728,13
52980,52728,12
52981,52729,13
52982,52729,11
52983,52730,11
52984,52732,11
52985,52732,14
52986,52733,15
52987,52733,15
52988,52734,14
52989,52735,12
52990,52736,11
52991,52737,15
52992,52739,13
52993,52739,13
52994,52740,12
52995,52740,12
52996,52741,11
52997,52741,11
52998,52742,14
52999,52742,11
53000,52743,14
53001,52743,13
53002,52745,15
53003,52746,13
53004,52746,13
53005,52747,13
53006,52747,14
53007,52751,12
53008,52751,13
53009,52753,12
53010,52753,12
53011,52755,14
53012,52756,12
53013,52756,13
53014,52757,14
53015,52758,14
53016,52759,11
53017,52759,15
53018,52762,14
53019,52764,12
53020,52764,15
53021,52766,14
53022,52767,12
53023,52767,15
53024,52768,11
53025,52769,12
53026,52772,13
53027,52772,12
53028,52774,13
53029,52774,15
53030,52777,14
53031,52780,11
53032,52780,15
53033,52782,15
53034,52782,15
53035,52784,13
53036,52785,13
53037,52786,13
53038,52787,13
53039,52787,12
53040,52788,15
53041,52788,13
53042,52789,12
53043,52790,14
53044,52790,11
53045,52791,14
53046,52792,12
53047,52792,14
53048,52793,11
53049,52793,12
53050,52794,11
53051,52794,14
53052,52796,15
53053,52797,13
53054,52797,15
53055,52798,12
53056,52801,13
53057,52802,13
53058,52804,15
53059,52804,13
53060,52807,12
53061,52807,12
53062,52810,14
53063,52815,13
53064,52816,12
53065,52816,14
53066,52817,14
53067,52819,14
53068,52819,14
53069,52820,14
53070,52821,14
53071,52821,13
53072,52822,12
53073,52824,12
53074,52824,15
53075,52826,13
53076,52827,13
53077,52827,15
53078,52828,11
53079,52828,12
53080,52829,11
53081,52830,15
53082,52830,11
53083,52831,12
53084,52832,15
53085,52833,11
53086,52833,13
53087,52834,12
53088,52834,14
53089,52836,14
53090,52836,15
53091,52837,11
53092,52837,11
53093,52839,11
53094,52840,15
53095,52840,12
53096,52841,13
53097,52841,13
53098,52842,15
53099,52842,14
53100,52843,14
53101,52845,13
53102,52845,15
53103,52846,12
53104,52848,13
53105,52849,12
53106,52849,15
53107,52850,12
53108,52851,11
53109,52851,13
53110,52852,15
53111,52853,15
53112,52853,12
53113,52854,15
53114,52854,15
53115,52857,12
53116,52857,13
53117,52858,12
53118,52858,12
53119,52859,13
53120,52860,14
53121,52860,13
53122,52861,12
53123,52863,13
53124,52864,15
53125,52867,14
53126,52870,15
53127,52870,13
53128,52872,12
53129,52875,15
53130,52876,15
53131,52877,14
53132,52878,14
53133,52879,11
53134,52879,14
53135,52881,11
53136,52884,14
53137,52884,15
53138,52885,11
53139,52886,14
53140,52886,15
53141,52887,11
53142,52889,14
53143,52890,15
53144,52890,15
53145,52893,12
53146,52894,12
53147,52894,11
53148,52896,14
53149,52896,15
53150,52899,13
53151,52899,13
53152,52901,12
53153,52902,12
53154,52903,13
53155,52904,14
53156,52904,15
53157,52905,11
53158,52906,15
53159,52906,12
53160,52907,15
53161,52908,12
53162,52909,12
53163,52910,13
53164,52910,14
53165,52911,12
53166,52913,13
53167,52913,12
53168,52914,14
53169,52915,15
53170,52915,11
53171,52916,13
53172,52916,12
53173,52917,15
53174,52920,14
53175,52920,15
53176,52921,11
53177,52921,14
53178,52922,14
53179,52922,15
53180,52923,12
53181,52924,13
53182,52927,13
53183,52927,12
53184,52928,11
53185,52928,14
53186,52931,13
53187,52933,12
53188,52935,12
53189,52935,14
53190,52936,12
53191,52936,13
53192,52940,14
53193,52941,12
53194,52942,14
53195,52942,11
53196,52943,14
53197,52945,13
53198,52946,13
53199,52946,13
53200,52947,15
53201,52949,13
53202,52950,12
53203,52950,11
53204,52952,14
53205,52952,12
53206,52958,13
53207,52958,12
53208,52960,15
53209,52963,14
53210,52963,11
53211,52964,15
53212,52964,12
53213,52965,15
53214,52966,15
53215,52966,13
53216,52967,14
53217,52968,11
53218,52968,15
53219,52971,13
53220,52971,12
53221,52972,11
53222,52974,11
53223,52974,14
53224,52975,11
53225,52976,11
53226,52977,14
53227,52978,14
53228,52979,13
53229,52979,12
53230,52980,13
53231,52982,13
53232,52983,13
53233,52985,14
53234,52986,11
53235,52986,14
53236,52987,13
53237,52988,12
53238,52988,15
53239,52989,13
53240,52989,11
53241,52990,12
53242,52991,11
53243,52995,15
53244,52995,15
53245,52998,15
53246,52998,11
53247,53000,15
53248,53001,12
53249,53003,15
53250,53003,12
53251,53004,14
53252,53007,11
53253,53008,11
53254,53009,11
53255,53010,14
53256,53013,11
53257,53016,15
53258,53016,13
53259,53017,13
53260,53017,13
53261,53021,14
53262,53023,13
53263,53025,15
53264,53026,14
53265,53026,15
53266,53027,12
53267,53027,13
53268,53031,14
53269,53032,13
53270,53033,14
53271,53033,14
53272,53035,12
53273,53036,14
53274,53036,14
53275,53038,13
53276,53039,13
53277,53040,15
53278,53041,15
53279,53041,15
53280,53042,13
53281,53042,13
53282,53043,13
53283,53043,13
53284,53044,14
53285,53047,13
53286,53047,11
53287,53050,13
53288,53050,12
53289,53051,15
53290,53053,15
53291,53053,14
53292,53054,12
53293,53055,12
53294,53055,13
53295,53056,13
53296,53057,15
53297,53057,11
53298,53058,13
53299,53058,13
53300,53060,13
53301,53061,14
53302,53062,11
53303,53064,15
53304,53065,15
53305,53066,12
53306,53067,14
53307,53067,13
53308,53068,11
53309,53069,11
53310,53069,12
53311,53070,11
53312,53072,15
53313,53073,14
53314,53074,13
53315,53074,15
53316,53076,11
53317,53076,14
53318,53078,15
53319,53078,14
53320,53079,14
53321,53079,14
53322,53080,12
53323,53080,12
53324,53081,14
53325,53081,14
53326,53083,11
53327,53083,12
53328,53084,11
53329,53085,15
53330,53086,14
53331,53086,12
53332,53087,15
53333,53087,15
53334,53088,13
53335,53088,13
53336,53089,13
53337,53090,13
53338,53091,12
53339,53091,12
53340,53092,14
53341,53092,12
53342,53093,13
53343,53093,12
53344,53095,14
53345,53095,14
53346,53097,11
53347,53098,15
53348,53099,13
53349,53099,11
53350,53100,15
53351,53101,13
53352,53101,15
53353,53102,15
53354,53103,15
53355,53103,14
53356,53104,13
53357,53104,14
53358,53105,14
53359,53106,11
53360,53107,12
53361,53107,14
53362,53110,12
53363,53110,12
53364,53111,11
53365,53111,12
53366,53113,13
53367,53114,12
53368,53114,13
53369,53117,13
53370,53119,12
53371,53119,15
53372,53121,14
53373,53121,15
53374,53122,13
53375,53123,15
53376,53124,11
53377,53124,11
53378,53125,12
53379,53126,11
53380,53126,15
53381,53127,14
53382,53127,15
53383,53128,15
53384,53129,12
53385,53129,12
53386,53131,13
53387,53134,15
53388,53135,11
53389,53136,12
53390,53139,14
53391,53140,11
53392,53140,12
53393,53141,11
53394,53142,14
53395,53145,14
53396,53145,15
53397,53146,13
53398,53148,12
53399,53148,12
53400,53149,11
53401,53150,12
53402,53150,12
53403,53151,13
53404,53151,14
53405,53154,14
53406,53155,14
53407,53155,12
53408,53156,15
53409,53156,15
53410,53157,11
53411,53157,12
53412,53158,12
53413,53158,14
53414,53160,12
53415,53162,14
53416,53163,14
53417,53164,11
53418,53165,12
53419,53165,11
53420,53166,13
53421,53167,11
53422,53168,12
53423,53169,15
53424,53170,14
53425,53170,13
53426,53176,13
53427,53177,12
53428,53177,15
53429,53180,11
53430,53180,11
53431,53182,14
53432,53182,14
53433,53184,15
53434,53186,14
53435,53187,15
53436,53189,14
53437,53190,12
53438,53190,15
53439,53191,14
53440,53192,12
53441,53193,11
53442,53193,14
53443,53194,15
53444,53194,12
53445,53195,13
53446,53195,15
53447,53196,12
53448,53196,13
53449,53197,15
53450,53199,11
53451,53200,12
53452,53200,11
53453,53201,13
53454,53203,12
53455,53204,12
53456,53204,11
53457,53205,14
53458,53206,11
53459,53208,14
53460,53208,11
53461,53212,15
53462,53212,13
53463,53214,13
53464,53215,11
53465,53220,11
53466,53220,12
53467,53222,15
53468,53223,11
53469,53223,14
53470,53224,13
53471,53225,11
53472,53225,15
53473,53226,14
53474,53227,13
53475,53227,14
53476,53228,14
53477,53228,12
53478,53230,11
53479,53230,14
53480,53231,11
53481,53232,11
53482,53232,13
53483,53234,12
53484,53234,12
53485,53235,14
53486,53237,11
53487,53237,11
53488,53238,14
53489,53240,12
53490,53241,12
53491,53241,14
53492,53242,14
53493,53242,13
53494,53244,11
53495,53247,13
53496,53247,15
53497,53249,14
53498,53252,14
53499,53253,11
53500,53253,13
53501,53254,15
53502,53254,15
53503,53255,11
53504,53255,15
53505,53259,11
53506,53260,11
53507,53260,15
53508,53264,15
53509,53265,15
53510,53266,12
53511,53267,13
53512,53267,11
53513,53268,15
53514,53268,14
53515,53269,13
53516,53269,15
53517,53270,12
53518,53270,15
53519,53271,13
53520,53272,15
53521,53276,15
53522,53277,12
53523,53277,12
53524,53278,11
53525,53278,13
53526,53280,13
53527,53281,15
53528,53283,13
53529,53283,13
53530,53285,11
53531,53287,13
53532,53287,13
53533,53288,15
53534,53288,12
53535,53289,11
53536,53290,11
53537,53291,13
53538,53291,12
53539,53292,14
53540,53292,14
53541,53293,14
53542,53293,11
53543,53295,11
53544,53297,13
53545,53300,14
53546,53300,14
53547,53301,13
53548,53305,14
53549,53305,12
53550,53307,11
53551,53308,11
53552,53309,11
53553,53309,13
53554,53310,12
53555,53310,12
53556,53313,11
53557,53314,13
53558,53315,14
53559,53316,14
53560,53316,11
53561,53317,12
53562,53321,14
53563,53321,12
53564,53322,14
53565,53323,11
53566,53326,14
53567,53327,11
53568,53327,11
53569,53328,12
53570,53328,15
53571,53329,15
53572,53330,11
53573,53330,14
53574,53331,13
53575,53332,11
53576,53334,12
53577,53334,14
53578,53335,13
53579,53335,15
53580,53336,15
53581,53336,14
53582,53338,13
53583,53338,12
53584,53339,12
53585,53339,15
53586,53341,14
53587,53341,15
53588,53342,13
53589,53342,12
53590,53345,15
53591,53346,15
53592,53346,13
53593,53348,13
53594,53354,15
53595,53354,13
53596,53356,12
53597,53357,12
53598,53359,12
53599,53361,11
53600,53362,11
53601,53362,12
53602,53363,11
53603,53363,15
53604,53364,13
53605,53364,13
53606,53365,15
53607,53365,14
53608,53366,15
53609,53368,11
53610,53369,13
53611,53369,15
53612,53370,13
53613,53370,14
53614,53371,12
53615,53375,13
53616,53376,15
53617,53376,15
53618,53377,12
53619,53378,11
53620,53379,14
53621,53380,11
53622,53380,15
53623,53381,14
53624,53382,12
53625,53382,14
53626,53383,15
53627,53384,13
53628,53386,14
53629,53387,11
53630,53387,11
53631,53389,12
53632,53390,14
53633,53392,11
53634,53394,12
53635,53394,13
53636,53396,13
53637,53399,12
53638,53399,15
53639,53401,15
53640,53401,13
53641,53402,12
53642,53402,13
53643,53406,15
53644,53408,13
53645,53409,15
53646,53412,13
53647,53412,12
53648,53413,13
53649,53413,12
53650,53414,15
53651,53416,15
53652,53416,15
53653,53418,12
53654,53419,11
53655,53420,11
53656,53420,12
53657,53421,12
53658,53422,13
53659,53422,11
53660,53424,14
53661,53427,14
53662,53427,14
53663,53428,12
53664,53433,15
53665,53434,15
53666,53435,13
53667,53436,12
53668,53436,11
53669,53438,12
53670,53438,11
53671,53439,14
53672,53439,13
53673,53440,15
53674,53445,15
53675,53446,14
53676,53448,15
53677,53448,11
53678,53450,15
53679,53451,13
53680,53453,12
53681,53454,12
53682,53454,13
53683,53455,13
53684,53456,15
53685,53456,13
53686,53457,14
53687,53458,14
53688,53458,14
53689,53459,13
53690,53459,13
53691,53460,14
53692,53460,11
53693,53461,15
53694,53463,13
53695,53463,13
53696,53464,11
53697,53464,11
53698,53465,15
53699,53466,12
53700,53468,11
53701,53468,14
53702,53469,12
53703,53469,13
53704,53470,14
53705,53470,14
53706,53471,14
53707,53472,15
53708,53473,13
53709,53473,12
53710,53474,11
53711,53475,14
53712,53475,13
53713,53476,13
53714,53476,15
53715,53477,15
53716,53478,12
53717,53479,12
53718,53479,12
53719,53483,11
53720,53486,13
53721,53486,12
53722,53487,13
53723,53489,14
53724,53489,11
53725,53490,12
53726,53491,12
53727,53491,12
53728,53492,15
53729,53493,12
53730,53493,15
53731,53495,13
53732,53495,15
53733,53496,13
53734,53496,12
53735,53497,14
53736,53498,11
53737,53500,13
53738,53500,13
53739,53501,15
53740,53501,15
53741,53502,12
53742,53502,15
53743,53504,12
53744,53504,14
53745,53506,11
53746,53508,14
53747,53508,13
53748,53509,13
53749,53511,15
53750,53511,15
53751,53512,12
53752,53513,13
53753,53513,11
53754,53514,11
53755,53516,12
53756,53517,12
53757,53518,13
53758,53519,13
53759,53519,13
53760,53520,14
53761,53520,11
53762,53521,14
53763,53523,15
53764,53526,13
53765,53526,12
53766,53527,12
53767,53528,11
53768,53528,12
53769,53530,11
53770,53531,12
53771,53531,14
53772,53533,11
53773,53533,15
53774,53534,12
53775,53535,15
53776,53538,14
53777,53538,11
53778,53539,12
53779,53539,12
53780,53540,12
53781,53540,15
53782,53542,15
53783,53543,12
53784,53543,11
53785,53544,11
53786,53546,15
53787,53547,14
53788,53547,12
53789,53548,14
53790,53548,14
53791,53550,15
53792,53553,14
53793,53555,15
53794,53557,14
53795,53558,11
53796,53560,14
53797,53560,14
53798,53563,11
53799,53563,11
53800,53565,11
53801,53565,13
53802,53566,15
53803,53566,11
53804,53567,14
53805,53567,12
53806,53568,13
53807,53568,12
53808,53570,14
53809,53570,13
53810,53571,11
53811,53571,15
53812,53572,11
53813,53573,11
53814,53574,12
53815,53578,11
53816,53579,15
53817,53580,13
53818,53580,15
53819,53581,13
53820,53582,14
53821,53582,12
53822,53583,13
53823,53584,13
53824,53586,14
53825,53586,14
53826,53587,12
53827,53587,11
53828,53590,11
53829,53591,15
53830,53596,14
53831,53597,11
53832,53598,13
53833,53599,14
53834,53599,12
53835,53602,11
53836,53603,14
53837,53603,13
53838,53604,11
53839,53604,13
53840,53605,12
53841,53605,12
53842,53606,12
53843,53606,11
53844,53609,14
53845,53611,12
53846,53611,15
53847,53612,11
53848,53612,15
53849,53614,15
53850,53614,11
53851,53616,14
53852,53617,12
53853,53620,14
53854,53622,12
53855,53624,13
53856,53624,14
53857,53625,14
53858,53626,12
53859,53626,15
53860,53628,11
53861,53629,12
53862,53631,13
53863,53632,14
53864,53634,15
53865,53634,13
53866,53636,15
53867,53637,11
53868,53638,15
53869,53639,13
53870,53640,13
53871,53641,15
53872,53643,11
53873,53643,12
53874,53644,13
53875,53644,15
53876,53646,14
53877,53646,11
53878,53647,11
53879,53647,12
53880,53648,13
53881,53650,15
53882,53650,11
53883,53651,12
53884,53652,12
53885,53653,15
53886,53653,14
53887,53654,12
53888,53654,14
53889,53659,15
53890,53659,14
53891,53661,14
53892,53661,14
53893,53663,13
53894,53664,13
53895,53667,14
53896,53669,13
53897,53669,14
53898,53670,15
53899,53671,12
53900,53672,11
53901,53672,13
53902,53674,15
53903,53675,13
53904,53677,11
53905,53678,11
53906,53681,11
53907,53683,11
53908,53683,11
53909,53684,14
53910,53684,13
53911,53687,15
53912,53687,11
53913,53688,12
53914,53689,13
53915,53689,11
53916,53690,13
53917,53690,13
53918,53691,13
53919,53695,15
53920,53695,15
53921,53697,15
53922,53699,13
53923,53700,11
53924,53700,12
53925,53701,11
53926,53701,11
53927,53702,13
53928,53702,11
53929,53704,11
53930,53704,13
53931,53705,15
53932,53705,13
53933,53707,12
53934,53707,11
53935,53708,14
53936,53709,14
53937,53709,15
53938,53710,15
53939,53711,14
53940,53711,13
53941,53714,12
53942,53714,11
53943,53715,15
53944,53718,15
53945,53718,11
53946,53719,15
53947,53720,12
53948,53720,11
53949,53721,14
53950,53722,14
53951,53722,13
53952,53723,12
53953,53723,11
53954,53725,11
53955,53726,12
53956,53727,11
53957,53728,13
53958,53728,12
53959,53729,11
53960,53729,12
53961,53733,11
53962,53735,14
53963,53737,15
53964,53737,13
53965,53738,12
53966,53738,13
53967,53739,13
53968,53739,15
53969,53741,11
53970,53743,13
53971,53744,12
53972,53744,12
53973,53745,13
53974,53747,14
53975,53747,13
53976,53749,11
53977,53749,12
53978,53750,15
53979,53750,13
53980,53751,11
53981,53752,15
53982,53752,15
53983,53755,14
53984,53755,11
53985,53757,14
53986,53758,13
53987,53759,13
53988,53759,12
53989,53760,11
53990,53761,13
53991,53762,13
53992,53762,13
53993,53763,12
53994,53767,15
53995,53769,15
53996,53769,13
53997,53770,13
53998,53774,11
53999,53776,11
54000,53777,13
54001,53778,14
54002,53778,13
54003,53779,13
54004,53779,14
54005,53780,14
54006,53780,13
54007,53781,12
54008,53781,14
54009,53784,13
54010,53784,12
54011,53785,15
54012,53785,14
54013,53788,15
54014,53788,11
54015,53793,14
54016,53794,14
54017,53795,14
54018,53795,11
54019,53797,15
54020,53797,15
54021,53798,12
54022,53799,11
54023,53800,15
54024,53801,14
54025,53802,13
54026,53805,14
54027,53806,15
54028,53806,11
54029,53808,12
54030,53808,15
54031,53809,13
54032,53809,14
54033,53810,14
54034,53810,11
54035,53812,14
54036,53813,14
54037,53813,12
54038,53814,15
54039,53815,11
54040,53815,15
54041,53816,12
54042,53818,11
54043,53820,12
54044,53820,13
54045,53821,13
54046,53821,12
54047,53824,11
54048,53827,13
54049,53828,14
54050,53829,12
54051,53831,12
54052,53831,12
54053,53832,13
54054,53832,12
54055,53834,14
54056,53835,15
54057,53835,14
54058,53836,12
54059,53841,12
54060,53845,13
54061,53846,13
54062,53846,11
54063,53847,11
54064,53848,13
54065,53849,14
54066,53849,11
54067,53850,13
54068,53851,15
54069,53851,12
54070,53852,15
54071,53852,11
54072,53854,12
54073,53854,14
54074,53855,11
54075,53855,12
54076,53856,15
54077,53860,12
54078,53861,13
54079,53861,12
54080,53862,13
54081,53862,13
54082,53863,13
54083,53864,12
54084,53865,11
54085,53865,13
54086,53866,15
54087,53867,11
54088,53869,11
54089,53869,15
54090,53870,13
54091,53871,14
54092,53871,12
54093,53873,15
54094,53874,12
54095,53878,12
54096,53878,14
54097,53879,15
54098,53879,11
54099,53880,12
54100,53881,15
54101,53881,13
54102,53883,13
54103,53883,14
54104,53887,15
54105,53888,15
54106,53889,11
54107,53889,13
54108,53890,11
54109,53890,12
54110,53892,12
54111,53892,15
54112,53893,14
54113,53895,13
54114,53895,14
54115,53900,11
54116,53900,11
54117,53902,13
54118,53904,12
54119,53904,12
54120,53905,12
54121,53905,12
54122,53906,15
54123,53908,13
54124,53909,12
54125,53910,13
54126,53911,12
54127,53911,14
54128,53912,12
54129,53913,11
54130,53913,15
54131,53915,14
54132,53916,14
54133,53918,13
54134,53918,13
54135,53919,14
54136,53921,14
54137,53922,13
54138,53924,15
54139,53924,15
54140,53925,14
54141,53926,11
54142,53927,12
54143,53928,15
54144,53928,11
54145,53929,14
54146,53929,14
54147,53930,15
54148,53930,13
54149,53931,11
54150,53932,11
54151,53932,11
54152,53933,12
54153,53935,14
54154,53935,13
54155,53937,12
54156,53938,13
54157,53939,11
54158,53941,14
54159,53941,15
54160,53942,11
54161,53944,11
54162,53945,12
54163,53946,14
54164,53947,15
54165,53948,12
54166,53949,13
54167,53950,11
54168,53951,12
54169,53951,15
54170,53952,11
54171,53952,11
54172,53953,12
54173,53954,12
54174,53955,13
54175,53955,15
54176,53956,12
54177,53956,14
54178,53957,13
54179,53958,14
54180,53958,12
54181,53960,13
54182,53960,13
54183,53961,14
54184,53961,12
54185,53962,11
54186,53962,14
54187,53963,11
54188,53963,12
54189,53964,12
54190,53964,11
54191,53966,14
54192,53967,14
54193,53967,15
54194,53968,14
54195,53969,13
54196,53970,11
54197,53970,14
54198,53971,12
54199,53971,11
54200,53972,14
54201,53972,14
54202,53973,14
54203,53973,14
54204,53975,14
54205,53975,13
54206,53977,13
54207,53979,15
54208,53979,14
54209,53980,12
54210,53980,15
54211,53981,12
54212,53981,14
54213,53982,12
54214,53982,12
54215,53983,13
54216,53984,15
54217,53985,11
54218,53986,15
54219,53987,14
54220,53988,11
54221,53988,14
54222,53989,12
54223,53990,14
54224,53990,11
54225,53991,15
54226,53993,11
54227,53993,12
54228,53994,13
54229,53995,13
54230,53995,14
54231,53996,13
54232,53996,11
54233,53997,15
54234,53998,14
54235,53998,13
54236,54001,12
54237,54001,12
54238,54002,15
54239,54002,11
54240,54006,11
54241,54006,14
54242,54008,12
54243,54008,13
54244,54010,13
54245,54010,15
54246,54012,14
54247,54012,11
54248,54014,11
54249,54015,15
54250,54016,11
54251,54016,13
54252,54017,11
54253,54017,15
54254,54018,14
54255,54018,15
54256,54019,14
54257,54020,14
54258,54020,11
54259,54021,14
54260,54021,15
54261,54022,15
54262,54024,12
54263,54024,15
54264,54026,11
54265,54027,14
54266,54027,11
54267,54028,12
54268,54028,14
54269,54029,12
54270,54029,15
54271,54030,11
54272,54031,15
54273,54032,12
54274,54032,15
54275,54033,13
54276,54034,13
54277,54034,14
54278,54035,14
54279,54036,13
54280,54036,14
54281,54037,12
54282,54039,11
54283,54040,11
54284,54041,11
54285,54041,14
54286,54042,14
54287,54044,11
54288,54045,12
54289,54046,14
54290,54046,11
54291,54047,12
54292,54047,12
54293,54048,12
54294,54049,15
54295,54051,13
54296,54053,11
54297,54055,11
54298,54056,11
54299,54057,15
54300,54058,15
54301,54061,15
54302,54061,12
54303,54063,14
54304,54064,11
54305,54064,12
54306,54065,15
54307,54067,12
54308,54073,15
54309,54074,15
54310,54074,11
54311,54075,11
54312,54075,11
54313,54076,14
54314,54077,13
54315,54078,11
54316,54079,11
54317,54080,11
54318,54081,13
54319,54081,13
54320,54082,14
54321,54083,13
54322,54084,14
54323,54085,13
54324,54085,13
54325,54086,15
54326,54087,14
54327,54088,12
54328,54089,12
54329,54089,11
54330,54092,14
54331,54092,12
54332,54094,14
54333,54094,14
54334,54095,13
54335,54095,13
54336,54097,11
54337,54102,13
54338,54102,11
54339,54105,13
54340,54105,12
54341,54107,12
54342,54107,14
54343,54108,14
54344,54109,12
54345,54109,14
54346,54110,15
54347,54111,11
54348,54111,12
54349,54113,14
54350,54114,13
54351,54115,11
54352,54115,11
54353,54117,14
54354,54117,12
54355,54121,11
54356,54123,14
54357,54123,11
54358,54125,13
54359,54126,15
54360,54127,14
54361,54127,13
54362,54128,15
54363,54128,11
54364,54129,11
54365,54131,13
54366,54131,13
54367,54132,12
54368,54133,14
54369,54136,13
54370,54138,13
54371,54138,11
54372,54140,14
54373,54141,15
54374,54142,11
54375,54142,15
54376,54143,11
54377,54143,12
54378,54144,14
54379,54144,13
54380,54147,14
54381,54149,14
54382,54150,11
54383,54150,14
54384,54151,11
54385,54152,15
54386,54152,12
54387,54153,14
54388,54153,11
54389,54155,15
54390,54155,12
54391,54156,11
54392,54156,11
54393,54158,11
54394,54159,15
54395,54160,15
54396,54160,14
54397,54161,12
54398,54161,15
54399,54162,13
54400,54162,12
54401,54163,12
54402,54163,14
54403,54166,13
54404,54166,13
54405,54168,13
54406,54170,11
54407,54171,12
54408,54173,15
54409,54173,11
54410,54176,12
54411,54181,11
54412,54181,13
54413,54182,15
54414,54182,13
54415,54183,11
54416,54185,14
54417,54185,14
54418,54189,13
54419,54190,15
54420,54191,12
54421,54191,14
54422,54192,14
54423,54194,15
54424,54198,11
54425,54198,15
54426,54199,11
54427,54201,11
54428,54203,14
54429,54203,12
54430,54204,12
54431,54206,12
54432,54206,15
54433,54207,15
54434,54207,14
54435,54210,11
54436,54211,13
54437,54211,13
54438,54212,11
54439,54212,14
54440,54213,11
54441,54215,15
54442,54216,15
54443,54217,12
54444,54219,12
54445,54219,14
54446,54220,11
54447,54221,12
54448,54222,12
54449,54223,12
54450,54223,11
54451,54227,12
54452,54229,14
54453,54231,13
54454,54233,15
54455,54233,15
54456,54234,14
54457,54234,13
54458,54235,11
54459,54238,11
54460,54238,13
54461,54240,15
54462,54241,13
54463,54242,12
54464,54242,13
54465,54243,13
54466,54243,11
54467,54244,15
54468,54245,13
54469,54245,11
54470,54246,14
54471,54246,11
54472,54247,13
54473,54247,12
54474,54248,13
54475,54248,12
54476,54249,11
54477,54250,12
54478,54251,12
54479,54251,14
54480,54255,15
54481,54257,14
54482,54260,13
54483,54261,14
54484,54263,12
54485,54263,12
54486,54264,14
54487,54265,11
54488,54265,12
54489,54266,12
54490,54266,14
54491,54267,14
54492,54267,12
54493,54268,15
54494,54268,15
54495,54270,14
54496,54271,12
54497,54271,12
54498,54274,12
54499,54274,13
54500,54275,15
54501,54276,14
54502,54276,14
54503,54277,11
54504,54278,13
54505,54278,15
54506,54279,13
54507,54282,14
54508,54283,13
54509,54283,14
54510,54284,12
54511,54284,15
54512,54285,15
54513,54286,15
54514,54288,13
54515,54291,11
54516,54292,12
54517,54292,11
54518,54293,11
54519,54293,15
54520,54295,12
54521,54296,15
54522,54297,15
54523,54298,15
54524,54298,12
54525,54299,11
54526,54299,12
54527,54300,15
54528,54302,13
54529,54303,12
54530,54306,14
54531,54309,11
54532,54309,12
54533,54310,11
54534,54310,15
54535,54311,15
54536,54312,12
54537,54312,12
54538,54315,12
54539,54316,13
54540,54317,11
54541,54318,14
54542,54322,11
54543,54323,11
54544,54323,14
54545,54325,14
54546,54325,11
54547,54327,15
54548,54328,14
54549,54329,14
54550,54329,15
54551,54330,11
54552,54330,14
54553,54331,14
54554,54331,12
54555,54337,14
54556,54337,11
54557,54338,15
54558,54339,14
54559,54340,14
54560,54340,13
54561,54341,13
54562,54342,12
54563,54342,14
54564,54343,11
54565,54343,14
54566,54344,13
54567,54345,14
54568,54345,13
54569,54346,13
54570,54347,13
54571,54347,11
54572,54348,15
54573,54349,15
54574,54352,13
54575,54352,14
54576,54354,12
54577,54356,14
54578,54356,13
54579,54360,14
54580,54360,15
54581,54362,13
54582,54362,12
54583,54363,14
54584,54363,13
54585,54364,11
54586,54365,13
54587,54365,12
54588,54366,11
54589,54366,13
54590,54370,14
54591,54370,13
54592,54371,12
54593,54371,14
54594,54373,11
54595,54374,11
54596,54375,14
54597,54377,11
54598,54377,13
54599,54378,13
54600,54379,14
54601,54381,13
54602,54382,12
54603,54383,13
54604,54383,13
54605,54385,13
54606,54386,15
54607,54387,12
54608,54389,15
54609,54390,12
54610,54391,15
54611,54392,14
54612,54393,11
54613,54395,14
54614,54397,11
54615,54398,13
54616,54398,12
54617,54400,12
54618,54402,12
54619,54403,15
54620,54403,12
54621,54404,11
54622,54405,12
54623,54406,13
54624,54408,11
54625,54410,15
54626,54411,11
54627,54412,13
54628,54412,12
54629,54413,15
54630,54413,12
54631,54416,12
54632,54416,13
54633,54418,11
54634,54419,12
54635,54419,15
54636,54420,12
54637,54421,12
54638,54422,15
54639,54424,15
54640,54425,13
54641,54426,12
54642,54426,12
54643,54428,13
54644,54428,15
54645,54429,14
54646,54429,12
54647,54431,13
54648,54433,12
54649,54434,13
54650,54435,13
54651,54435,14
54652,54436,12
54653,54436,12
54654,54437,11
54655,54437,12
54656,54438,12
54657,54438,11
54658,54443,14
54659,54445,12
54660,54445,14
54661,54447,14
54662,54448,14
54663,54448,15
54664,54449,12
54665,54449,12
54666,54450,11
54667,54450,13
54668,54452,14
54669,54453,14
54670,54454,14
54671,54455,11
54672,54455,15
54673,54457,14
54674,54457,14
54675,54458,12
54676,54459,14
54677,54459,15
54678,54460,13
54679,54460,12
54680,54461,12
54681,54462,14
54682,54463,13
54683,54464,13
54684,54464,13
54685,54465,11
54686,54467,15
54687,54468,12
54688,54468,11
54689,54469,12
54690,54470,15
54691,54473,11
54692,54474,12
54693,54474,14
54694,54475,13
54695,54475,12
54696,54476,12
54697,54476,14
54698,54477,11
54699,54477,14
54700,54479,13
54701,54480,14
54702,54481,14
54703,54482,13
54704,54484,14
54705,54484,14
54706,54485,12
54707,54485,14
54708,54487,14
54709,54487,13
54710,54488,15
54711,54489,13
54712,54489,13
54713,54490,11
54714,54491,15
54715,54492,11
54716,54492,15
54717,54493,15
54718,54494,15
54719,54495,14
54720,54495,15
54721,54497,11
54722,54498,13
54723,54498,11
54724,54499,12
54725,54499,14
54726,54501,11
54727,54501,11
54728,54504,15
54729,54504,14
54730,54507,13
54731,54508,14
54732,54508,11
54733,54510,12
54734,54511,11
54735,54512,11
54736,54515,15
54737,54515,12
54738,54518,11
54739,54518,15
54740,54519,15
54741,54519,14
54742,54520,13
54743,54524,15
54744,54525,12
54745,54527,13
54746,54529,13
54747,54529,12
54748,54530,14
54749,54530,11
54750,54531,13
54751,54533,15
54752,54534,12
54753,54534,13
54754,54535,11
54755,54535,11
54756,54536,14
54757,54536,15
54758,54537,11
54759,54538,12
54760,54538,11
54761,54539,13
54762,54540,15
54763,54540,12
54764,54542,15
54765,54542,15
54766,54544,13
54767,54544,12
54768,54546,14
54769,54548,14
54770,54548,11
54771,54550,12
54772,54551,15
54773,54552,13
54774,54552,12
54775,54554,15
54776,54558,12
54777,54558,15
54778,54560,15
54779,54561,14
54780,54562,12
54781,54563,13
54782,54563,14
54783,54565,13
54784,54565,14
54785,54566,13
54786,54566,13
54787,54567,12
54788,54569,15
54789,54571,11
54790,54572,12
54791,54572,12
54792,54573,15
54793,54573,15
54794,54575,11
54795,54576,11
54796,54576,14
54797,54577,12
54798,54577,15
54799,54580,13
54800,54580,14
54801,54581,11
54802,54581,11
54803,54583,15
54804,54583,12
54805,54586,15
54806,54587,14
54807,54588,15
54808,54588,12
54809,54589,11
54810,54589,15
54811,54590,14
54812,54590,15
54813,54591,11
54814,54591,12
54815,54592,14
54816,54593,11
54817,54593,11
54818,54594,15
54819,54595,13
54820,54597,13
54821,54597,14
54822,54599,12
54823,54599,13
54824,54603,13
54825,54603,15
54826,54604,15
54827,54605,12
54828,54605,12
54829,54606,15
54830,54607,11
54831,54607,12
54832,54608,13
54833,54608,11
54834,54609,13
54835,54609,14
54836,54610,14
54837,54611,14
54838,54612,11
54839,54613,15
54840,54613,14
54841,54614,12
54842,54614,13
54843,54615,12
54844,54615,15
54845,54616,12
54846,54616,14
54847,54617,11
54848,54617,15
54849,54619,13
54850,54619,11
54851,54620,15
54852,54620,12
54853,54621,12
54854,54622,12
54855,54623,13
54856,54624,14
54857,54624,13
54858,54626,12
54859,54626,14
54860,54627,12
54861,54629,14
54862,54629,11
54863,54630,11
54864,54630,13
54865,54631,13
54866,54631,11
54867,54632,12
54868,54632,12
54869,54634,15
54870,54635,11
54871,54636,12
54872,54637,11
54873,54637,11
54874,54638,13
54875,54638,13
54876,54639,13
54877,54640,14
54878,54640,12
54879,54641,14
54880,54642,12
54881,54645,12
54882,54646,15
54883,54647,14
54884,54647,11
54885,54649,12
54886,54650,14
54887,54650,15
54888,54653,15
54889,54655,13
54890,54655,15
54891,54656,14
54892,54656,12
54893,54657,11
54894,54657,15
54895,54658,13
54896,54659,11
54897,54660,13
54898,54661,13
54899,54661,14
54900,54663,13
54901,54663,14
54902,54664,13
54903,54664,14
54904,54665,15
54905,54665,14
54906,54666,13
54907,54666,13
54908,54668,14
54909,54669,12
54910,54669,13
54911,54670,14
54912,54670,14
54913,54674,13
54914,54676,15
54915,54677,15
54916,54679,12
54917,54679,13
54918,54681,14
54919,54682,14
54920,54682,13
54921,54684,14
54922,54684,13
54923,54685,14
54924,54686,12
54925,54687,15
54926,54688,13
54927,54688,11
54928,54689,12
54929,54691,11
54930,54691,12
54931,54692,14
54932,54693,13
54933,54695,13
54934,54696,14
54935,54698,14
54936,54699,12
54937,54700,11
54938,54701,14
54939,54701,13
54940,54702,13
54941,54703,11
54942,54709,14
54943,54709,15
54944,54711,11
54945,54711,13
54946,54712,15
54947,54712,11
54948,54713,13
54949,54713,12
54950,54716,13
54951,54716,11
54952,54717,15
54953,54717,15
54954,54723,11
54955,54723,12
54956,54724,13
54957,54724,13
54958,54725,14
54959,54728,12
54960,54728,13
54961,54730,13
54962,54730,14
54963,54731,15
54964,54732,15
54965,54733,15
54966,54734,11
54967,54734,11
54968,54735,14
54969,54735,12
54970,54737,12
54971,54739,15
54972,54739,13
54973,54740,15
54974,54741,12
54975,54741,12
54976,54742,12
54977,54742,12
54978,54743,11
54979,54743,15
54980,54745,15
54981,54745,12
54982,54746,11
54983,54746,13
54984,54749,11
54985,54751,15
54986,54754,15
54987,54754,12
54988,54755,14
54989,54755,11
54990,54756,14
54991,54757,12
54992,54757,13
54993,54758,11
54994,54758,12
54995,54760,12
54996,54760,11
54997,54761,11
54998,54762,15
54999,54764,12
55000,54764,15
55001,54765,15
55002,54766,15
55003,54767,14
55004,54767,14
55005,54768,13
55006,54770,12
55007,54770,11
55008,54771,11
55009,54772,15
55010,54772,11
55011,54775,15
55012,54776,14
55013,54776,11
55014,54778,12
55015,54778,13
55016,54779,12
55017,54779,14
55018,54780,13
55019,54780,12
55020,54781,11
55021,54782,13
55022,54783,12
55023,54784,12
55024,54785,14
55025,54786,12
55026,54787,12
55027,54787,11
55028,54789,12
55029,54789,15
55030,54791,13
55031,54791,13
55032,54792,14
55033,54794,13
55034,54794,15
55035,54795,13
55036,54797,12
55037,54797,11
55038,54798,11
55039,54798,11
55040,54802,15
55041,54804,14
55042,54809,12
55043,54810,14
55044,54810,15
55045,54811,12
55046,54812,12
55047,54812,12
55048,54813,15
55049,54813,11
55050,54815,11
55051,54815,14
55052,54816,14
55053,54816,13
55054,54817,11
55055,54817,14
55056,54818,11
55057,54819,15
55058,54821,15
55059,54823,15
55060,54823,15
55061,54824,14
55062,54824,15
55063,54825,12
55064,54831,14
55065,54831,15
55066,54836,12
55067,54838,13
55068,54840,14
55069,54840,11
55070,54841,12
55071,54841,13
55072,54843,12
55073,54843,12
55074,54844,15
55075,54844,12
55076,54845,13
55077,54846,15
55078,54847,14
55079,54848,13
55080,54848,12
55081,54849,15
55082,54851,13
55083,54851,11
55084,54852,11
55085,54854,13
55086,54854,15
55087,54855,15
55088,54855,14
55089,54856,14
55090,54856,13
55091,54861,15
55092,54861,11
55093,54862,12
55094,54864,13
55095,54865,15
55096,54865,11
55097,54866,15
55098,54869,15
55099,54869,15
55100,54870,13
55101,54871,14
55102,54871,11
55103,54874,14
55104,54878,15
55105,54879,13
55106,54879,11
55107,54881,11
55108,54881,11
55109,54883,13
55110,54883,13
55111,54888,12
55112,54888,15
55113,54892,14
55114,54892,11
55115,54893,11
55116,54893,14
55117,54894,15
55118,54896,15
55119,54896,15
55120,54898,14
55121,54899,12
55122,54899,13
55123,54900,11
55124,54901,15
55125,54901,13
55126,54902,15
55127,54903,13
55128,54904,12
55129,54904,11
55130,54905,12
55131,54906,14
55132,54906,11
55133,54907,14
55134,54908,12
55135,54908,11
55136,54911,12
55137,54911,15
55138,54913,14
55139,54913,11
55140,54917,15
55141,54918,12
55142,54918,14
55143,54919,12
55144,54919,14
55145,54921,14
55146,54922,14
55147,54925,13
55148,54925,11
55149,54926,14
55150,54927,15
55151,54927,14
55152,54929,15
55153,54929,15
55154,54930,13
55155,54931,14
55156,54933,12
55157,54934,15
55158,54935,14
55159,54935,13
55160,54936,15
55161,54936,15
55162,54937,13
55163,54939,12
55164,54940,13
55165,54940,13
55166,54941,11
55167,54941,14
55168,54944,15
55169,54944,11
55170,54945,11
55171,54945,15
55172,54947,12
55173,54947,11
55174,54948,14
55175,54948,14
55176,54949,11
55177,54951,11
55178,54951,11
55179,54952,12
55180,54952,15
55181,54953,11
55182,54953,14
55183,54956,13
55184,54959,14
55185,54959,14
55186,54960,11
55187,54960,12
55188,54961,11
55189,54962,15
55190,54963,15
55191,54964,13
55192,54964,11
55193,54965,11
55194,54965,15
55195,54966,12
55196,54967,13
55197,54967,15
55198,54968,15
55199,54968,11
55200,54969,14
55201,54969,13
55202,54970,11
55203,54970,12
55204,54972,14
55205,54972,13
55206,54973,11
55207,54974,12
55208,54974,12
55209,54976,13
55210,54976,13
55211,54977,12
55212,54977,12
55213,54978,12
55214,54979,15
55215,54980,14
55216,54981,13
55217,54983,11
55218,54985,15
55219,54985,11
55220,54986,12
55221,54986,13
55222,54987,11
55223,54987,11
55224,54988,12
55225,54988,12
55226,54989,12
55227,54989,15
55228,54990,13
55229,54990,14
55230,54991,12
55231,54992,13
55232,54992,11
55233,54993,11
55234,54993,14
55235,54994,14
55236,54995,14
55237,54995,11
55238,54997,13
55239,54999,11
55240,55000,14
55241,55002,12
55242,55004,15
55243,55005,13
55244,55005,11
55245,55008,11
55246,55008,14
55247,55010,15
55248,55011,15
55249,55011,11
55250,55014,13
55251,55015,12
55252,55017,11
55253,55017,11
55254,55018,12
55255,55018,13
55256,55020,14
55257,55021,11
55258,55021,14
55259,55022,13
55260,55023,11
55261,55023,15
55262,55024,14
55263,55024,13
55264,55026,12
55265,55027,14
55266,55028,15
55267,55029,14
55268,55029,14
55269,55030,13
55270,55032,11
55271,55033,13
55272,55033,11
55273,55034,13
55274,55034,14
55275,55037,13
55276,55037,14
55277,55038,12
55278,55038,15
55279,55039,13
55280,55040,14
55281,55040,14
55282,55041,13
55283,55042,13
55284,55042,15
55285,55044,13
55286,55045,11
55287,55045,13
55288,55046,11
55289,55047,15
55290,55047,14
55291,55048,11
55292,55049,15
55293,55050,12
55294,55052,12
55295,55053,14
55296,55053,14
55297,55056,12
55298,55056,12
55299,55058,14
55300,55059,13
55301,55061,14
55302,55061,13
55303,55062,11
55304,55062,14
55305,55063,14
55306,55064,14
55307,55064,14
55308,55065,11
55309,55067,11
55310,55067,15
55311,55070,11
55312,55071,11
55313,55071,15
55314,55072,13
55315,55072,12
55316,55073,13
55317,55075,13
55318,55076,14
55319,55076,13
55320,55077,14
55321,55077,15
55322,55078,13
55323,55079,14
55324,55080,15
55325,55080,13
55326,55082,13
55327,55082,14
55328,55083,14
55329,55084,11
55330,55084,11
55331,55085,11
55332,55085,14
55333,55086,13
55334,55087,15
55335,55088,14
55336,55088,12
55337,55089,13
55338,55089,13
55339,55090,14
55340,55090,11
55341,55092,14
55342,55092,11
55343,55095,11
55344,55095,11
55345,55098,15
55346,55099,14
55347,55099,11
55348,55101,12
55349,55102,13
55350,55104,12
55351,55105,11
55352,55105,15
55353,55107,11
55354,55108,11
55355,55109,14
55356,55110,14
55357,55111,12
55358,55112,14
55359,55112,13
55360,55115,13
55361,55116,13
55362,55117,15
55363,55117,11
55364,55118,12
55365,55118,11
55366,55119,14
55367,55119,12
55368,55120,11
55369,55120,14
55370,55121,12
55371,55121,15
55372,55124,11
55373,55125,15
55374,55126,11
55375,55127,15
55376,55128,15
55377,55128,15
55378,55129,11
55379,55129,12
55380,55134,12
55381,55135,15
55382,55137,15
55383,55137,13
55384,55138,11
55385,55139,12
55386,55140,15
55387,55140,11
55388,55141,15
55389,55141,13
55390,55142,14
55391,55143,12
55392,55143,15
55393,55146,14
55394,55149,11
55395,55151,13
55396,55151,12
55397,55152,15
55398,55155,12
55399,55155,15
55400,55156,11
55401,55160,12
55402,55160,11
55403,55161,12
55404,55163,14
55405,55165,11
55406,55166,11
55407,55166,15
55408,55167,14
55409,55167,14
55410,55168,12
55411,55169,14
55412,55170,11
55413,55170,14
55414,55171,13
55415,55173,13
55416,55175,14
55417,55175,13
55418,55176,12
55419,55176,11
55420,55178,13
55421,55178,13
55422,55179,14
55423,55179,14
55424,55180,14
55425,55183,12
55426,55183,15
55427,55184,15
55428,55184,13
55429,55186,15
55430,55186,14
55431,55187,13
55432,55192,12
55433,55193,11
55434,55194,11
55435,55197,12
55436,55197,15
55437,55198,12
55438,55198,15
55439,55199,14
55440,55199,13
55441,55200,15
55442,55201,12
55443,55202,15
55444,55203,13
55445,55204,11
55446,55204,14
55447,55205,11
55448,55206,14
55449,55206,12
55450,55208,14
55451,55213,15
55452,55214,13
55453,55215,13
55454,55215,14
55455,55216,11
55456,55217,15
55457,55218,14
55458,55218,11
55459,55220,14
55460,55221,13
55461,55223,14
55462,55224,15
55463,55224,14
55464,55225,14
55465,55225,12
55466,55226,15
55467,55226,15
55468,55227,13
55469,55227,13
55470,55228,13
55471,55228,12
55472,55229,12
55473,55230,14
55474,55231,14
55475,55231,14
55476,55237,15
55477,55238,11
55478,55239,12
55479,55240,13
55480,55240,12
55481,55241,11
55482,55242,13
55483,55242,11
55484,55244,11
55485,55246,11
55486,55246,12
55487,55247,12
55488,55247,15
55489,55248,13
55490,55248,13
55491,55249,11
55492,55249,12
55493,55250,12
55494,55250,14
55495,55252,15
55496,55252,11
55497,55253,12
55498,55254,11
55499,55255,14
55500,55256,11
55501,55259,13
55502,55260,12
55503,55260,15
55504,55262,14
55505,55263,11
55506,55264,12
55507,55264,14
55508,55265,11
55509,55266,15
55510,55266,11
55511,55267,12
55512,55267,11
55513,55268,14
55514,55269,11
55515,55270,13
55516,55270,11
55517,55271,15
55518,55272,11
55519,55272,12
55520,55273,14
55521,55274,11
55522,55276,11
55523,55277,11
55524,55277,14
55525,55278,12
55526,55279,11
55527,55279,11
55528,55280,12
55529,55281,14
55530,55283,11
55531,55283,15
55532,55285,13
55533,55286,14
55534,55287,15
55535,55289,13
55536,55289,12
55537,55290,13
55538,55291,11
55539,55292,14
55540,55293,12
55541,55293,14
55542,55294,13
55543,55295,13
55544,55296,12
55545,55296,11
55546,55297,13
55547,55297,11
55548,55299,13
55549,55299,12
55550,55300,12
55551,55301,13
55552,55301,11
55553,55302,11
55554,55302,11
55555,55303,11
55556,55304,13
55557,55305,14
55558,55305,13
55559,55306,14
55560,55306,14
55561,55310,11
55562,55311,11
55563,55315,11
55564,55316,13
55565,55318,15
55566,55318,11
55567,55321,15
55568,55321,12
55569,55322,12
55570,55324,15
55571,55327,15
55572,55327,11
55573,55329,11
55574,55330,14
55575,55331,15
55576,55331,14
55577,55333,13
55578,55336,12
55579,55336,13
55580,55337,15
55581,55338,11
55582,55339,12
55583,55339,11
55584,55341,13
55585,55341,13
55586,55342,15
55587,55345,13
55588,55349,13
55589,55349,12
55590,55350,13
55591,55350,12
55592,55353,13
55593,55355,12
55594,55356,15
55595,55356,11
55596,55358,11
55597,55359,15
55598,55360,12
55599,55360,11
55600,55361,12
55601,55361,14
55602,55362,12
55603,55362,13
55604,55365,14
55605,55365,12
55606,55366,14
55607,55369,14
55608,55369,13
55609,55370,13
55610,55370,14
55611,55372,14
55612,55373,11
55613,55373,14
55614,55374,13
55615,55374,12
55616,55381,11
55617,55381,11
55618,55382,11
55619,55383,13
55620,55383,11
55621,55385,11
55622,55386,12
55623,55387,13
55624,55388,15
55625,55388,11
55626,55390,13
55627,55392,12
55628,55392,15
55629,55393,15
55630,55394,13
55631,55394,14
55632,55395,15
55633,55398,13
55634,55398,12
55635,55399,11
55636,55401,11
55637,55401,12
55638,55402,12
55639,55403,13
55640,55404,11
55641,55405,11
55642,55406,11
55643,55406,11
55644,55407,15
55645,55409,11
55646,55410,12
55647,55411,15
55648,55412,13
55649,55412,13
55650,55414,13
55651,55414,13
55652,55416,13
55653,55416,12
55654,55417,14
55655,55419,13
55656,55419,11
55657,55420,12
55658,55422,15
55659,55423,15
55660,55423,13
55661,55425,13
55662,55425,13
55663,55428,11
55664,55428,15
55665,55430,12
55666,55432,11
55667,55433,14
55668,55435,12
55669,55435,11
55670,55436,12
55671,55436,12
55672,55437,13
55673,55440,11
55674,55441,14
55675,55442,13
55676,55443,11
55677,55444,12
55678,55445,11
55679,55446,13
55680,55446,12
55681,55448,13
55682,55450,15
55683,55452,11
55684,55453,15
55685,55454,12
55686,55457,12
55687,55458,15
55688,55458,13
55689,55460,12
55690,55460,15
55691,55461,13
55692,55461,13
55693,55462,12
55694,55462,15
55695,55464,13
55696,55464,13
55697,55465,15
55698,55465,12
55699,55469,13
55700,55472,11
55701,55473,14
55702,55474,15
55703,55477,12
55704,55478,14
55705,55479,14
55706,55480,11
55707,55482,13
55708,55483,15
55709,55485,13
55710,55487,12
55711,55489,14
55712,55489,12
55713,55490,14
55714,55492,13
55715,55492,12
55716,55494,12
55717,55494,13
55718,55497,15
55719,55497,14
55720,55498,14
55721,55498,14
55722,55500,12
55723,55500,15
55724,55502,14
55725,55503,13
55726,55505,14
55727,55508,15
55728,55511,14
55729,55511,11
55730,55512,14
55731,55513,13
55732,55514,11
55733,55514,11
55734,55515,13
55735,55517,11
55736,55520,11
55737,55522,15
55738,55523,13
55739,55524,12
55740,55524,11
55741,55529,12
55742,55529,15
55743,55530,15
55744,55533,11
55745,55534,13
55746,55534,11
55747,55535,15
55748,55536,11
55749,55536,11
55750,55540,12
55751,55540,15
55752,55542,13
55753,55543,15
55754,55543,15
55755,55544,14
55756,55545,14
55757,55546,12
55758,55546,11
55759,55550,14
55760,55552,14
55761,55553,15
55762,55553,15
55763,55554,11
55764,55558,12
55765,55558,13
55766,55560,15
55767,55560,14
55768,55561,11
55769,55562,13
55770,55562,11
55771,55563,14
55772,55563,11
55773,55564,12
55774,55564,14
55775,55565,12
55776,55565,14
55777,55568,14
55778,55571,12
55779,55571,15
55780,55572,13
55781,55573,15
55782,55573,14
55783,55577,11
55784,55577,12
55785,55578,11
55786,55578,13
55787,55579,13
55788,55579,14
55789,55582,13
55790,55582,15
55791,55583,11
55792,55583,14
55793,55584,13
55794,55584,13
55795,55585,11
55796,55587,11
55797,55587,13
55798,55590,11
55799,55590,14
55800,55591,12
55801,55592,14
55802,55592,15
55803,55593,15
55804,55593,11
55805,55594,12
55806,55594,14
55807,55595,13
55808,55596,13
55809,55596,15
55810,55598,11
55811,55598,13
55812,55601,15
55813,55602,13
55814,55602,12
55815,55603,14
55816,55604,15
55817,55604,15
55818,55605,12
55819,55605,15
55820,55606,15
55821,55606,12
55822,55610,12
55823,55611,13
55824,55611,12
55825,55612,14
55826,55612,13
55827,55613,14
55828,55614,13
55829,55614,12
55830,55615,12
55831,55615,14
55832,55616,13
55833,55616,12
55834,55617,12
55835,55617,15
55836,55618,11
55837,55618,13
55838,55619,11
55839,55620,14
55840,55621,13
55841,55624,14
55842,55624,11
55843,55625,14
55844,55626,12
55845,55626,14
55846,55627,15
55847,55627,12
55848,55628,12
55849,55628,12
55850,55629,11
55851,55629,13
55852,55631,14
55853,55631,14
55854,55632,13
55855,55633,11
55856,55633,15
55857,55634,11
55858,55636,13
55859,55637,13
55860,55638,11
55861,55638,13
55862,55639,13
55863,55639,14
55864,55640,15
55865,55640,11
55866,55641,12
55867,55641,12
55868,55642,12
55869,55645,11
55870,55646,14
55871,55648,15
55872,55649,11
55873,55649,13
55874,55650,13
55875,55650,14
55876,55651,14
55877,55651,12
55878,55652,15
55879,55652,15
55880,55653,15
55881,55653,14
55882,55654,11
55883,55654,12
55884,55656,12
55885,55656,11
55886,55657,15
55887,55657,15
55888,55662,12
55889,55662,14
55890,55663,13
55891,55663,11
55892,55665,15
55893,55666,14
55894,55667,13
55895,55667,13
55896,55668,14
55897,55668,14
55898,55669,12
55899,55669,15
55900,55671,15
55901,55672,12
55902,55672,12
55903,55674,14
55904,55675,11
55905,55675,14
55906,55678,11
55907,55678,14
55908,55680,14
55909,55684,12
55910,55684,15
55911,55685,12
55912,55685,14
55913,55686,14
55914,55686,15
55915,55687,14
55916,55687,13
55917,55689,11
55918,55690,11
55919,55690,15
55920,55691,14
55921,55691,14
55922,55692,13
55923,55692,15
55924,55693,12
55925,55694,12
55926,55694,15
55927,55695,13
55928,55696,11
55929,55697,11
55930,55697,15
55931,55699,12
55932,55699,12
55933,55701,14
55934,55702,15
55935,55702,13
55936,55706,12
55937,55706,12
55938,55707,12
55939,55707,12
55940,55708,15
55941,55709,15
55942,55710,11
55943,55711,15
55944,55712,13
55945,55713,11
55946,55713,14
55947,55714,11
55948,55716,11
55949,55716,15
55950,55717,14
55951,55718,14
55952,55718,11
55953,55720,12
55954,55721,12
55955,55721,13
55956,55722,14
55957,55722,11
55958,55724,11
55959,55724,15
55960,55725,14
55961,55725,15
55962,55726,13
55963,55726,12
55964,55727,12
55965,55727,12
55966,55729,13
55967,55729,15
55968,55730,11
55969,55733,15
55970,55734,15
55971,55735,15
55972,55736,11
55973,55737,15
55974,55738,11
55975,55738,15
55976,55740,11
55977,55740,14
55978,55741,11
55979,55741,15
55980,55743,13
55981,55743,14
55982,55747,14
55983,55751,13
55984,55752,14
55985,55753,13
55986,55754,12
55987,55755,15
55988,55757,13
55989,55757,15
55990,55758,13
55991,55758,14
55992,55759,13
55993,55759,12
55994,55760,13
55995,55760,15
55996,55762,11
55997,55765,15
55998,55766,14
55999,55767,15
56000,55767,14
56001,55768,13
56002,55768,13
56003,55769,14
56004,55770,12
56005,55770,11
56006,55776,12
56007,55777,14
56008,55777,14
56009,55778,12
56010,55778,13
56011,55782,14
56012,55783,11
56013,55784,11
56014,55784,14
56015,55786,13
56016,55787,15
56017,55787,14
56018,55790,14
56019,55790,12
56020,55791,14
56021,55793,12
56022,55793,12
56023,55794,15
56024,55795,12
56025,55796,11
56026,55796,15
56027,55799,15
56028,55802,15
56029,55803,11
56030,55805,14
56031,55807,11
56032,55807,13
56033,55808,14
56034,55808,14
56035,55809,14
56036,55809,15
56037,55810,14
56038,55811,11
56039,55811,14
56040,55812,12
56041,55815,13
56042,55815,15
56043,55816,14
56044,55817,12
56045,55817,15
56046,55821,15
56047,55823,15
56048,55825,14
56049,55825,15
56050,55828,12
56051,55829,14
56052,55830,12
56053,55830,13
56054,55833,15
56055,55833,11
56056,55834,11
56057,55836,11
56058,55836,11
56059,55837,15
56060,55837,15
56061,55838,15
56062,55839,13
56063,55839,12
56064,55840,11
56065,55840,11
56066,55841,14
56067,55841,11
56068,55843,11
56069,55844,12
56070,55844,14
56071,55845,15
56072,55845,15
56073,55846,14
56074,55846,11
56075,55847,11
56076,55849,14
56077,55851,11
56078,55852,15
56079,55854,11
56080,55855,11
56081,55855,13
56082,55856,13
56083,55856,15
56084,55857,14
56085,55858,12
56086,55860,14
56087,55860,15
56088,55861,14
56089,55862,12
56090,55863,11
56091,55865,13
56092,55865,15
56093,55866,12
56094,55866,11
56095,55868,11
56096,55868,14
56097,55870,12
56098,55871,15
56099,55871,15
56100,55873,12
56101,55875,14
56102,55875,14
56103,55876,13
56104,55876,11
56105,55880,14
56106,55880,15
56107,55881,13
56108,55881,12
56109,55882,11
56110,55887,15
56111,55888,12
56112,55889,14
56113,55892,11
56114,55893,12
56115,55894,11
56116,55894,12
56117,55895,13
56118,55896,14
56119,55897,12
56120,55898,12
56121,55898,13
56122,55899,12
56123,55899,15
56124,55900,15
56125,55900,14
56126,55901,13
56127,55902,15
56128,55903,13
56129,55905,15
56130,55905,11
56131,55906,11
56132,55907,12
56133,55907,14
56134,55909,12
56135,55911,11
56136,55912,13
56137,55914,15
56138,55915,12
56139,55916,14
56140,55917,11
56141,55918,12
56142,55920,12
56143,55920,13
56144,55921,15
56145,55923,12
56146,55923,12
56147,55924,14
56148,55924,12
56149,55925,11
56150,55927,13
56151,55928,12
56152,55929,14
56153,55930,11
56154,55931,14
56155,55932,14
56156,55937,11
56157,55937,11
56158,55938,14
56159,55939,15
56160,55940,14
56161,55940,11
56162,55942,12
56163,55942,14
56164,55943,12
56165,55945,13
56166,55945,15
56167,55946,15
56168,55948,11
56169,55949,14
56170,55951,12
56171,55951,11
56172,55952,14
56173,55952,14
56174,55953,13
56175,55953,14
56176,55954,13
56177,55954,13
56178,55955,11
56179,55955,15
56180,55956,11
56181,55957,12
56182,55957,13
56183,55958,11
56184,55958,13
56185,55959,11
56186,55960,11
56187,55963,11
56188,55963,14
56189,55964,11
56190,55965,15
56191,55965,13
56192,55967,15
56193,55967,13
56194,55970,12
56195,55970,14
56196,55973,13
56197,55973,13
56198,55975,14
56199,55975,15
56200,55977,11
56201,55977,11
56202,55978,13
56203,55978,12
56204,55979,11
56205,55979,13
56206,55982,12
56207,55982,15
56208,55983,14
56209,55985,11
56210,55985,14
56211,55986,14
56212,55987,11
56213,55990,13
56214,55993,15
56215,55993,12
56216,55995,14
56217,55995,13
56218,55997,14
56219,55999,13
56220,56001,14
56221,56002,14
56222,56002,12
56223,56004,12
56224,56004,13
56225,56005,13
56226,56005,14
56227,56006,12
56228,56006,14
56229,56007,15
56230,56008,13
56231,56008,13
56232,56009,13
56233,56009,13
56234,56010,11
56235,56010,12
56236,56012,12
56237,56012,12
56238,56013,12
56239,56013,12
56240,56015,12
56241,56016,11
56242,56016,14
56243,56020,15
56244,56020,15
56245,56021,12
56246,56022,11
56247,56022,11
56248,56024,14
56249,56026,12
56250,56026,11
56251,56028,14
56252,56031,15
56253,56032,12
56254,56032,14
56255,56033,12
56256,56033,12
56257,56034,14
56258,56034,13
56259,56037,12
56260,56037,14
56261,56038,11
56262,56038,14
56263,56040,15
56264,56041,15
56265,56043,15
56266,56043,15
56267,56046,13
56268,56046,13
56269,56047,14
56270,56047,12
56271,56048,13
56272,56050,15
56273,56050,11
56274,56053,11
56275,56054,12
56276,56057,15
56277,56058,12
56278,56061,14
56279,56064,11
56280,56065,14
56281,56066,13
56282,56067,15
56283,56067,12
56284,56068,12
56285,56068,11
56286,56069,11
56287,56069,15
56288,56070,11
56289,56070,15
56290,56071,13
56291,56072,14
56292,56073,13
56293,56074,11
56294,56074,11
56295,56075,15
56296,56075,15
56297,56077,11
56298,56077,14
56299,56079,15
56300,56079,12
56301,56080,15
56302,56081,11
56303,56082,12
56304,56082,13
56305,56083,11
56306,56083,14
56307,56084,12
56308,56085,13
56309,56086,12
56310,56089,11
56311,56089,11
56312,56090,14
56313,56091,14
56314,56091,13
56315,56092,14
56316,56094,11
56317,56094,14
56318,56097,12
56319,56099,12
56320,56100,15
56321,56100,13
56322,56102,11
56323,56102,13
56324,56103,15
56325,56103,14
56326,56104,12
56327,56105,15
56328,56105,12
56329,56106,15
56330,56107,11
56331,56107,14
56332,56108,15
56333,56108,13
56334,56109,13
56335,56110,15
56336,56110,13
56337,56111,15
56338,56113,13
56339,56113,13
56340,56114,13
56341,56114,13
56342,56115,12
56343,56115,14
56344,56116,15
56345,56116,14
56346,56117,13
56347,56117,12
56348,56118,12
56349,56118,11
56350,56119,11
56351,56119,11
56352,56120,12
56353,56120,15
56354,56121,12
56355,56121,12
56356,56124,11
56357,56124,13
56358,56125,14
56359,56126,11
56360,56127,15
56361,56128,15
56362,56130,15
56363,56130,13
56364,56131,15
56365,56131,12
56366,56132,15
56367,56132,11
56368,56133,11
56369,56134,14
56370,56134,13
56371,56135,15
56372,56135,13
56373,56136,11
56374,56136,11
56375,56138,15
56376,56139,14
56377,56139,13
56378,56140,13
56379,56140,13
56380,56141,15
56381,56142,11
56382,56142,15
56383,56143,12
56384,56143,13
56385,56144,12
56386,56144,12
56387,56145,13
56388,56146,13
56389,56147,12
56390,56147,15
56391,56148,14
56392,56149,14
56393,56150,13
56394,56151,12
56395,56154,13
56396,56154,11
56397,56155,13
56398,56159,14
56399,56161,11
56400,56161,14
56401,56162,11
56402,56162,15
56403,56165,15
56404,56165,12
56405,56167,14
56406,56167,15
56407,56168,15
56408,56168,14
56409,56169,15
56410,56169,14
56411,56171,13
56412,56171,12
56413,56174,13
56414,56174,14
56415,56176,11
56416,56177,12
56417,56177,11
56418,56179,13
56419,56181,14
56420,56182,15
56421,56182,14
56422,56183,13
56423,56184,13
56424,56184,14
56425,56185,12
56426,56185,15
56427,56187,14
56428,56187,12
56429,56188,13
56430,56188,12
56431,56189,12
56432,56190,12
56433,56192,15
56434,56192,13
56435,56193,12
56436,56194,14
56437,56195,11
56438,56195,11
56439,56196,15
56440,56196,12
56441,56197,11
56442,56197,13
56443,56199,14
56444,56199,14
56445,56201,15
56446,56202,12
56447,56203,15
56448,56203,13
56449,56204,14
56450,56204,12
56451,56205,13
56452,56206,14
56453,56209,14
56454,56212,14
56455,56213,15
56456,56214,12
56457,56216,15
56458,56217,13
56459,56217,11
56460,56218,15
56461,56218,13
56462,56220,14
56463,56220,13
56464,56222,13
56465,56223,15
56466,56226,12
56467,56227,14
56468,56227,15
56469,56230,15
56470,56230,11
56471,56231,12
56472,56231,12
56473,56233,12
56474,56234,13
56475,56234,15
56476,56235,13
56477,56238,13
56478,56240,11
56479,56241,13
56480,56241,12
56481,56242,12
56482,56242,15
56483,56243,13
56484,56243,14
56485,56244,15
56486,56245,12
56487,56246,15
56488,56246,13
56489,56249,15
56490,56250,15
56491,56250,12
56492,56252,11
56493,56253,11
56494,56253,15
56495,56254,15
56496,56255,12
56497,56255,15
56498,56257,14
56499,56258,12
56500,56258,15
56501,56260,14
56502,56264,13
56503,56265,13
56504,56265,15
56505,56267,13
56506,56267,15
56507,56268,11
56508,56270,11
56509,56270,15
56510,56271,15
56511,56272,11
56512,56274,11
56513,56274,13
56514,56276,11
56515,56276,14
56516,56278,15
56517,56278,14
56518,56279,14
56519,56281,14
56520,56281,11
56521,56282,15
56522,56284,12
56523,56284,14
56524,56285,12
56525,56286,13
56526,56286,14
56527,56287,13
56528,56288,14
56529,56288,14
56530,56292,12
56531,56293,11
56532,56295,12
56533,56295,14
56534,56296,12
56535,56296,12
56536,56297,13
56537,56299,12
56538,56300,15
56539,56300,14
56540,56301,13
56541,56302,15
56542,56303,14
56543,56304,12
56544,56304,11
56545,56305,11
56546,56305,12
56547,56306,14
56548,56307,13
56549,56307,14
56550,56312,15
56551,56313,14
56552,56316,14
56553,56317,15
56554,56317,11
56555,56319,15
56556,56323,14
56557,56324,13
56558,56325,14
56559,56325,14
56560,56326,13
56561,56327,12
56562,56327,15
56563,56328,14
56564,56330,15
56565,56331,14
56566,56333,12
56567,56333,15
56568,56334,12
56569,56334,12
56570,56336,15
56571,56336,13
56572,56337,12
56573,56338,12
56574,56338,11
56575,56339,11
56576,56340,15
56577,56341,15
56578,56343,12
56579,56345,14
56580,56346,15
56581,56347,15
56582,56347,13
56583,56348,11
56584,56348,11
56585,56350,11
56586,56350,13
56587,56351,12
56588,56351,11
56589,56352,12
56590,56352,15
56591,56356,14
56592,56357,11
56593,56357,15
56594,56359,15
56595,56359,11
56596,56360,14
56597,56361,14
56598,56362,13
56599,56364,15
56600,56365,11
56601,56366,11
56602,56366,15
56603,56367,11
56604,56368,12
56605,56371,11
56606,56371,11
56607,56374,13
56608,56375,12
56609,56375,14
56610,56376,12
56611,56377,14
56612,56377,13
56613,56379,11
56614,56379,15
56615,56384,13
56616,56384,14
56617,56385,13
56618,56386,12
56619,56388,11
56620,56388,14
56621,56389,15
56622,56390,14
56623,56390,12
56624,56391,12
56625,56391,12
56626,56393,13
56627,56393,13
56628,56395,15
56629,56395,12
56630,56396,15
56631,56396,14
56632,56398,14
56633,56398,14
56634,56399,15
56635,56400,13
56636,56404,15
56637,56405,12
56638,56405,14
56639,56406,15
56640,56406,15
56641,56407,14
56642,56407,15
56643,56408,12
56644,56409,12
56645,56410,15
56646,56410,15
56647,56412,15
56648,56412,11
56649,56415,15
56650,56415,11
56651,56416,11
56652,56416,15
56653,56417,11
56654,56418,14
56655,56418,14
56656,56422,11
56657,56422,11
56658,56423,15
56659,56425,14
56660,56427,13
56661,56428,14
56662,56429,14
56663,56430,11
56664,56430,14
56665,56433,11
56666,56438,11
56667,56438,14
56668,56440,14
56669,56440,14
56670,56444,14
56671,56445,15
56672,56446,15
56673,56452,15
56674,56453,12
56675,56454,12
56676,56454,13
56677,56459,12
56678,56460,14
56679,56461,12
56680,56461,15
56681,56462,12
56682,56462,13
56683,56463,11
56684,56464,11
56685,56464,15
56686,56465,13
56687,56468,12
56688,56472,12
56689,56473,15
56690,56473,13
56691,56474,13
56692,56474,14
56693,56475,11
56694,56476,14
56695,56477,12
56696,56477,12
56697,56478,11
56698,56478,11
56699,56482,15
56700,56483,15
56701,56483,13
56702,56484,11
56703,56485,11
56704,56486,13
56705,56487,15
56706,56489,12
56707,56492,12
56708,56492,11
56709,56497,13
56710,56497,11
56711,56498,13
56712,56498,15
56713,56499,12
56714,56499,13
56715,56502,15
56716,56503,14
56717,56504,15
56718,56504,11
56719,56505,12
56720,56505,13
56721,56508,15
56722,56508,12
56723,56509,15
56724,56510,14
56725,56510,15
56726,56511,12
56727,56511,11
56728,56513,12
56729,56516,15
56730,56516,12
56731,56517,14
56732,56518,15
56733,56519,11
56734,56519,12
56735,56520,12
56736,56520,11
56737,56521,15
56738,56522,14
56739,56522,14
56740,56525,14
56741,56525,12
56742,56527,12
56743,56528,15
56744,56529,14
56745,56529,11
56746,56530,12
56747,56530,12
56748,56533,15
56749,56533,12
56750,56535,13
56751,56539,12
56752,56541,15
56753,56541,13
56754,56542,14
56755,56542,15
56756,56543,12
56757,56544,13
56758,56546,15
56759,56546,12
56760,56547,14
56761,56547,14
56762,56549,13
56763,56549,11
56764,56550,15
56765,56550,11
56766,56552,12
56767,56552,13
56768,56553,12
56769,56553,14
56770,56554,12
56771,56554,15
56772,56557,14
56773,56557,14
56774,56558,15
56775,56558,11
56776,56559,12
56777,56561,11
56778,56563,11
56779,56563,11
56780,56564,14
56781,56564,11
56782,56565,13
56783,56565,15
56784,56566,12
56785,56567,13
56786,56567,14
56787,56568,15
56788,56570,15
56789,56571,14
56790,56571,14
56791,56574,14
56792,56575,12
56793,56577,12
56794,56578,14
56795,56578,15
56796,56579,13
56797,56579,11
56798,56580,13
56799,56581,12
56800,56582,13
56801,56582,11
56802,56584,13
56803,56585,14
56804,56586,14
56805,56587,13
56806,56587,13
56807,56589,13
56808,56589,11
56809,56592,11
56810,56592,12
56811,56593,13
56812,56594,15
56813,56596,12
56814,56596,15
56815,56598,11
56816,56598,14
56817,56599,12
56818,56599,11
56819,56600,14
56820,56602,15
56821,56602,13
56822,56604,12
56823,56607,15
56824,56607,13
56825,56608,13
56826,56608,15
56827,56609,11
56828,56610,15
56829,56611,12
56830,56611,12
56831,56614,11
56832,56615,15
56833,56615,13
56834,56616,14
56835,56618,12
56836,56619,11
56837,56621,12
56838,56623,15
56839,56623,12
56840,56624,14
56841,56624,14
56842,56625,12
56843,56626,13
56844,56626,13
56845,56627,14
56846,56627,11
56847,56629,14
56848,56629,14
56849,56630,13
56850,56630,12
56851,56631,11
56852,56631,12
56853,56632,11
56854,56633,11
56855,56634,15
56856,56635,12
56857,56636,12
56858,56637,13
56859,56638,11
56860,56638,15
56861,56639,12
56862,56639,15
56863,56642,11
56864,56642,13
56865,56643,14
56866,56644,15
56867,56644,11
56868,56645,14
56869,56645,11
56870,56649,14
56871,56649,14
56872,56650,11
56873,56651,15
56874,56651,12
56875,56652,14
56876,56652,12
56877,56653,14
56878,56655,14
56879,56656,12
56880,56659,12
56881,56660,15
56882,56660,11
56883,56661,14
56884,56662,11
56885,56662,13
56886,56666,12
56887,56666,15
56888,56667,15
56889,56670,14
56890,56670,14
56891,56671,12
56892,56672,12
56893,56673,11
56894,56674,15
56895,56675,12
56896,56676,12
56897,56678,13
56898,56680,13
56899,56681,14
56900,56682,13
56901,56683,12
56902,56683,14
56903,56685,12
56904,56685,12
56905,56686,11
56906,56686,13
56907,56687,14
56908,56687,12
56909,56689,12
56910,56689,11
56911,56690,15
56912,56690,13
56913,56692,14
56914,56692,11
56915,56693,13
56916,56693,15
56917,56694,15
56918,56695,13
56919,56698,12
56920,56698,13
56921,56700,15
56922,56702,15
56923,56702,15
56924,56703,11
56925,56704,14
56926,56704,14
56927,56705,11
56928,56705,13
56929,56706,15
56930,56706,13
56931,56707,15
56932,56708,15
56933,56708,12
56934,56710,15
56935,56710,14
56936,56711,13
56937,56712,13
56938,56712,11
56939,56713,11
56940,56714,13
56941,56714,12
56942,56715,12
56943,56716,15
56944,56717,15
56945,56718,14
56946,56718,13
56947,56719,15
56948,56720,12
56949,56720,15
56950,56723,13
56951,56723,15
56952,56725,12
56953,56725,12
56954,56727,15
56955,56728,13
56956,56728,11
56957,56731,11
56958,56732,14
56959,56737,15
56960,56737,13
56961,56740,14
56962,56741,13
56963,56743,15
56964,56743,13
56965,56744,12
56966,56744,11
56967,56747,15
56968,56748,13
56969,56749,14
56970,56750,14
56971,56750,11
56972,56751,12
56973,56752,13
56974,56755,11
56975,56755,13
56976,56757,15
56977,56758,14
56978,56761,13
56979,56762,12
56980,56763,12
56981,56764,14
56982,56764,14
56983,56765,14
56984,56766,12
56985,56767,13
56986,56768,12
56987,56768,12
56988,56772,14
56989,56773,11
56990,56774,12
56991,56774,13
56992,56777,13
56993,56777,11
56994,56778,14
56995,56779,14
56996,56780,11
56997,56781,15
56998,56783,11
56999,56785,14
57000,56785,14
57001,56786,12
57002,56788,15
57003,56791,15
57004,56791,12
57005,56792,12
57006,56794,13
57007,56798,11
57008,56799,12
57009,56800,11
57010,56801,14
57011,56802,11
57012,56802,14
57013,56804,12
57014,56807,14
57015,56808,12
57016,56808,15
57017,56809,12
57018,56810,14
57019,56810,14
57020,56811,12
57021,56812,12
57022,56813,12
57023,56813,15
57024,56814,11
57025,56815,14
57026,56816,14
57027,56817,14
57028,56817,14
57029,56820,12
57030,56820,15
57031,56821,11
57032,56822,11
57033,56822,13
57034,56824,13
57035,56825,12
57036,56826,13
57037,56827,11
57038,56828,15
57039,56830,15
57040,56831,14
57041,56831,12
57042,56832,15
57043,56834,15
57044,56835,11
57045,56836,12
57046,56836,12
57047,56840,13
57048,56841,14
57049,56841,12
57050,56842,12
57051,56842,11
57052,56843,11
57053,56844,14
57054,56844,15
57055,56845,12
57056,56845,13
57057,56846,14
57058,56848,15
57059,56848,15
57060,56849,15
57061,56849,14
57062,56852,12
57063,56852,15
57064,56853,14
57065,56854,14
57066,56854,13
57067,56855,12
57068,56857,13
57069,56859,15
57070,56862,12
57071,56864,15
57072,56865,11
57073,56866,13
57074,56866,13
57075,56867,13
57076,56867,11
57077,56868,13
57078,56868,11
57079,56869,11
57080,56869,13
57081,56870,14
57082,56870,13
57083,56871,15
57084,56871,14
57085,56873,14
57086,56875,15
57087,56875,14
57088,56876,11
57089,56877,12
57090,56877,11
57091,56878,15
57092,56878,14
57093,56879,15
57094,56879,12
57095,56880,12
57096,56880,11
57097,56881,13
57098,56881,11
57099,56882,14
57100,56883,13
57101,56885,11
57102,56888,15
57103,56890,13
57104,56890,14
57105,56892,13
57106,56893,13
57107,56893,15
57108,56895,13
57109,56896,12
57110,56896,13
57111,56897,12
57112,56897,12
57113,56898,15
57114,56898,13
57115,56899,12
57116,56900,12
57117,56902,13
57118,56903,15
57119,56904,12
57120,56905,15
57121,56905,11
57122,56907,13
57123,56910,13
57124,56911,12
57125,56911,15
57126,56912,14
57127,56912,14
57128,56913,15
57129,56917,14
57130,56919,14
57131,56919,11
57132,56921,13
57133,56922,13
57134,56922,15
57135,56923,15
57136,56923,13
57137,56924,12
57138,56924,15
57139,56925,13
57140,56925,15
57141,56926,14
57142,56926,15
57143,56927,14
57144,56929,15
57145,56931,15
57146,56931,13
57147,56933,12
57148,56935,14
57149,56935,14
57150,56936,12
57151,56936,14
57152,56938,12
57153,56938,12
57154,56939,12
57155,56939,15
57156,56946,13
57157,56947,13
57158,56948,13
57159,56950,11
57160,56951,11
57161,56952,14
57162,56952,14
57163,56953,11
57164,56953,14
57165,56955,12
57166,56955,13
57167,56956,12
57168,56960,11
57169,56960,14
57170,56961,11
57171,56961,13
57172,56962,12
57173,56962,13
57174,56963,15
57175,56963,12
57176,56964,13
57177,56965,15
57178,56965,13
57179,56966,12
57180,56967,12
57181,56967,12
57182,56972,12
57183,56973,15
57184,56973,13
57185,56976,11
57186,56976,13
57187,56978,14
57188,56978,11
57189,56979,13
57190,56979,14
57191,56980,13
57192,56981,15
57193,56984,15
57194,56987,15
57195,56989,12
57196,56989,14
57197,56990,15
57198,56990,14
57199,56991,14
57200,56991,15
57201,56992,12
57202,56993,13
57203,56993,15
57204,56994,11
57205,56994,13
57206,56995,15
57207,56995,11
57208,56996,11
57209,56997,14
57210,56997,13
57211,56998,15
57212,56999,13
57213,57001,11
57214,57001,12
57215,57003,12
57216,57007,11
57217,57010,15
57218,57012,11
57219,57012,12
57220,57013,11
57221,57016,11
57222,57017,14
57223,57017,13
57224,57018,15
57225,57019,12
57226,57019,15
57227,57020,15
57228,57020,14
57229,57022,14
57230,57023,11
57231,57024,11
57232,57029,15
57233,57029,15
57234,57032,14
57235,57032,13
57236,57034,13
57237,57034,12
57238,57037,12
57239,57039,13
57240,57040,12
57241,57040,13
57242,57041,15
57243,57041,13
57244,57042,15
57245,57043,15
57246,57044,13
57247,57044,13
57248,57045,12
57249,57046,13
57250,57046,13
57251,57047,13
57252,57047,12
57253,57048,11
57254,57048,14
57255,57050,13
57256,57051,14
57257,57051,12
57258,57052,13
57259,57052,11
57260,57055,15
57261,57059,12
57262,57059,14
57263,57060,12
57264,57060,13
57265,57062,15
57266,57063,12
57267,57063,11
57268,57064,15
57269,57064,11
57270,57065,11
57271,57065,15
57272,57066,13
57273,57068,14
57274,57069,13
57275,57069,14
57276,57073,14
57277,57073,14
57278,57074,11
57279,57075,11
57280,57075,14
57281,57076,12
57282,57076,13
57283,57077,15
57284,57077,13
57285,57078,12
57286,57078,12
57287,57079,11
57288,57080,13
57289,57080,15
57290,57081,12
57291,57083,14
57292,57083,15
57293,57084,14
57294,57086,13
57295,57088,14
57296,57088,14
57297,57090,13
57298,57091,11
57299,57092,15
57300,57092,14
57301,57093,11
57302,57093,11
57303,57094,12
57304,57095,11
57305,57098,15
57306,57099,15
57307,57101,15
57308,57102,12
57309,57103,12
57310,57104,13
57311,57104,15
57312,57105,14
57313,57105,11
57314,57106,11
57315,57108,14
57316,57109,11
57317,57109,12
57318,57110,12
57319,57111,11
57320,57112,13
57321,57112,12
57322,57114,12
57323,57115,11
57324,57115,12
57325,57116,11
57326,57116,13
57327,57117,12
57328,57117,15
57329,57119,12
57330,57119,11
57331,57120,13
57332,57120,13
57333,57121,12
57334,57121,14
57335,57122,14
57336,57126,14
57337,57129,11
57338,57129,15
57339,57130,13
57340,57130,11
57341,57131,12
57342,57132,11
57343,57132,12
57344,57135,14
57345,57136,12
57346,57137,12
57347,57137,11
57348,57140,11
57349,57141,11
57350,57142,13
57351,57142,14
57352,57143,11
57353,57143,14
57354,57147,12
57355,57149,12
57356,57149,13
57357,57151,14
57358,57151,11
57359,57152,12
57360,57154,13
57361,57161,11
57362,57162,14
57363,57163,15
57364,57163,13
57365,57164,14
57366,57164,11
57367,57165,13
57368,57165,11
57369,57167,15
57370,57170,13
57371,57170,15
57372,57171,14
57373,57174,11
57374,57175,12
57375,57176,11
57376,57176,14
57377,57177,14
57378,57177,14
57379,57178,12
57380,57178,15
57381,57179,15
57382,57180,15
57383,57180,11
57384,57181,13
57385,57181,12
57386,57183,12
57387,57183,14
57388,57184,13
57389,57184,14
57390,57185,11
57391,57185,15
57392,57186,14
57393,57186,14
57394,57187,15
57395,57188,12
57396,57189,15
57397,57190,14
57398,57190,12
57399,57191,14
57400,57191,12
57401,57192,12
57402,57193,14
57403,57193,15
57404,57194,15
57405,57195,14
57406,57196,12
57407,57196,12
57408,57197,11
57409,57197,13
57410,57198,14
57411,57199,13
57412,57199,11
57413,57200,12
57414,57203,15
57415,57203,15
57416,57204,11
57417,57204,11
57418,57205,14
57419,57206,14
57420,57207,14
57421,57207,12
57422,57208,11
57423,57209,12
57424,57209,13
57425,57212,15
57426,57212,11
57427,57213,15
57428,57213,11
57429,57215,11
57430,57215,14
57431,57216,11
57432,57216,14
57433,57217,14
57434,57219,13
57435,57221,11
57436,57222,14
57437,57224,12
57438,57225,12
57439,57226,14
57440,57228,13
57441,57228,13
57442,57230,15
57443,57231,15
57444,57231,15
57445,57232,13
57446,57235,13
57447,57236,12
57448,57236,14
57449,57240,14
57450,57240,15
57451,57241,11
57452,57242,11
57453,57243,15
57454,57243,15
57455,57246,15
57456,57246,15
57457,57247,12
57458,57248,11
57459,57248,15
57460,57252,14
57461,57252,15
57462,57253,12
57463,57256,12
57464,57257,13
57465,57258,14
57466,57259,11
57467,57259,14
57468,57260,12
57469,57261,15
57470,57261,15
57471,57262,15
57472,57262,11
57473,57263,11
57474,57266,11
57475,57267,15
57476,57267,11
57477,57268,15
57478,57268,14
57479,57271,14
57480,57271,15
57481,57272,15
57482,57272,13
57483,57273,13
57484,57273,11
57485,57278,15
57486,57278,14
57487,57279,12
57488,57280,11
57489,57280,14
57490,57281,14
57491,57282,13
57492,57282,14
57493,57288,11
57494,57288,12
57495,57290,14
57496,57292,14
57497,57294,11
57498,57294,11
57499,57295,15
57500,57295,15
57501,57296,14
57502,57298,11
57503,57298,12
57504,57299,13
57505,57299,15
57506,57300,14
57507,57301,11
57508,57304,12
57509,57304,13
57510,57307,12
57511,57307,15
57512,57308,12
57513,57308,13
57514,57309,13
57515,57309,13
57516,57311,12
57517,57311,11
57518,57313,11
57519,57313,12
57520,57314,12
57521,57318,14
57522,57318,15
57523,57319,12
57524,57319,12
57525,57320,13
57526,57320,15
57527,57321,11
57528,57321,14
57529,57322,12
57530,57323,13
57531,57323,12
57532,57324,11
57533,57325,14
57534,57325,13
57535,57326,11
57536,57327,14
57537,57327,15
57538,57328,11
57539,57328,13
57540,57330,15
57541,57330,13
57542,57331,11
57543,57332,15
57544,57332,14
57545,57333,13
57546,57335,13
57547,57336,14
57548,57337,13
57549,57337,13
57550,57338,15
57551,57338,13
57552,57339,13
57553,57340,12
57554,57341,14
57555,57344,13
57556,57344,11
57557,57346,12
57558,57346,15
57559,57347,15
57560,57347,14
57561,57348,12
57562,57348,13
57563,57350,12
57564,57350,14
57565,57351,15
57566,57352,14
57567,57352,14
57568,57353,15
57569,57353,12
57570,57354,12
57571,57357,13
57572,57358,12
57573,57358,15
57574,57359,15
57575,57360,14
57576,57361,15
57577,57362,11
57578,57362,14
57579,57363,12
57580,57365,14
57581,57365,13
57582,57367,14
57583,57369,15
57584,57370,12
57585,57371,11
57586,57371,13
57587,57372,15
57588,57374,13
57589,57377,12
57590,57379,15
57591,57379,12
57592,57382,12
57593,57382,11
57594,57387,15
57595,57389,13
57596,57393,11
57597,57393,11
57598,57394,11
57599,57397,14
57600,57398,14
57601,57399,13
57602,57399,11
57603,57400,11
57604,57401,15
57605,57402,11
57606,57402,12
57607,57404,13
57608,57404,14
57609,57406,15
57610,57407,15
57611,57407,13
57612,57408,15
57613,57409,15
57614,57410,13
57615,57411,12
57616,57412,15
57617,57412,12
57618,57413,14
57619,57415,14
57620,57415,14
57621,57416,12
57622,57416,12
57623,57417,11
57624,57417,12
57625,57418,13
57626,57418,11
57627,57423,12
57628,57423,15
57629,57425,14
57630,57426,12
57631,57427,11
57632,57429,11
57633,57430,15
57634,57431,14
57635,57432,14
57636,57433,11
57637,57434,14
57638,57435,13
57639,57435,15
57640,57436,13
57641,57438,14
57642,57438,11
57643,57439,14
57644,57440,12
57645,57441,11
57646,57443,14
57647,57443,11
57648,57444,13
57649,57444,13
57650,57446,12
57651,57446,13
57652,57448,11
57653,57449,15
57654,57450,13
57655,57450,14
57656,57451,15
57657,57453,12
57658,57453,12
57659,57455,11
57660,57455,15
57661,57456,14
57662,57458,15
57663,57458,15
57664,57459,13
57665,57461,13
57666,57461,15
57667,57466,11
57668,57466,14
57669,57468,11
57670,57469,11
57671,57470,15
57672,57470,11
57673,57471,12
57674,57472,14
57675,57473,15
57676,57474,15
57677,57474,15
57678,57475,11
57679,57476,14
57680,57478,14
57681,57480,15
57682,57481,15
57683,57485,15
57684,57486,14
57685,57487,14
57686,57488,14
57687,57488,14
57688,57489,15
57689,57489,14
57690,57490,12
57691,57490,11
57692,57493,13
57693,57495,13
57694,57495,13
57695,57496,13
57696,57497,12
57697,57497,11
57698,57498,14
57699,57499,11
57700,57500,11
57701,57501,15
57702,57502,13
57703,57503,14
57704,57503,12
57705,57504,11
57706,57507,11
57707,57507,11
57708,57508,12
57709,57510,12
57710,57510,12
57711,57512,11
57712,57513,14
57713,57516,13
57714,57516,11
57715,57518,14
57716,57518,11
57717,57519,12
57718,57523,13
57719,57524,14
57720,57525,13
57721,57525,13
57722,57526,12
57723,57526,14
57724,57528,13
57725,57529,13
57726,57529,13
57727,57530,13
57728,57531,14
57729,57531,15
57730,57532,14
57731,57532,15
57732,57533,13
57733,57534,11
57734,57534,15
57735,57535,15
57736,57535,11
57737,57536,15
57738,57536,15
57739,57537,13
57740,57538,11
57741,57539,12
57742,57541,11
57743,57541,14
57744,57542,11
57745,57542,11
57746,57543,15
57747,57543,12
57748,57545,13
57749,57546,15
57750,57546,12
57751,57548,14
57752,57548,11
57753,57549,13
57754,57550,13
57755,57550,13
57756,57552,12
57757,57553,14
57758,57553,11
57759,57555,11
57760,57555,15
57761,57556,12
57762,57558,12
57763,57559,12
57764,57559,13
57765,57560,15
57766,57561,14
57767,57562,13
57768,57562,13
57769,57564,14
57770,57564,13
57771,57565,11
57772,57565,14
57773,57566,14
57774,57567,12
57775,57567,13
57776,57568,13
57777,57569,15
57778,57570,13
57779,57571,11
57780,57571,13
57781,57572,11
57782,57575,15
57783,57576,14
57784,57577,12
57785,57580,11
57786,57583,14
57787,57583,14
57788,57585,13
57789,57587,14
57790,57587,12
57791,57589,14
57792,57589,12
57793,57590,13
57794,57590,14
57795,57591,11
57796,57591,11
57797,57593,12
57798,57593,11
57799,57594,13
57800,57595,14
57801,57595,11
57802,57596,12
57803,57597,12
57804,57598,15
57805,57600,11
57806,57600,14
57807,57601,15
57808,57601,14
57809,57602,12
57810,57605,15
57811,57605,13
57812,57607,15
57813,57607,12
57814,57609,13
57815,57609,11
57816,57610,14
57817,57610,12
57818,57611,15
57819,57611,15
57820,57614,13
57821,57614,13
57822,57615,12
57823,57615,11
57824,57616,13
57825,57617,11
57826,57617,15
57827,57618,13
57828,57620,15
57829,57620,11
57830,57623,11
57831,57624,13
57832,57629,13
57833,57629,11
57834,57630,11
57835,57630,13
57836,57632,12
57837,57632,15
57838,57635,13
57839,57637,12
57840,57638,14
57841,57638,12
57842,57640,15
57843,57640,14
57844,57642,15
57845,57643,13
57846,57644,13
57847,57644,13
57848,57645,12
57849,57645,15
57850,57646,13
57851,57647,13
57852,57648,11
57853,57648,15
57854,57651,12
57855,57652,14
57856,57652,12
57857,57655,14
57858,57655,11
57859,57657,11
57860,57658,12
57861,57659,15
57862,57661,11
57863,57661,15
57864,57662,12
57865,57662,12
57866,57663,14
57867,57664,15
57868,57664,11
57869,57666,15
57870,57668,15
57871,57668,11
57872,57669,15
57873,57670,12
57874,57671,11
57875,57672,13
57876,57673,13
57877,57673,13
57878,57675,12
57879,57677,11
57880,57677,12
57881,57678,14
57882,57678,14
57883,57683,14
57884,57683,13
57885,57684,15
57886,57684,12
57887,57685,13
57888,57685,13
57889,57686,14
57890,57687,14
57891,57687,13
57892,57688,14
57893,57688,15
57894,57689,14
57895,57691,11
57896,57692,12
57897,57694,11
57898,57694,14
57899,57697,11
57900,57697,13
57901,57698,15
57902,57699,14
57903,57701,12
57904,57703,13
57905,57703,12
57906,57704,12
57907,57705,11
57908,57705,13
57909,57707,11
57910,57707,13
57911,57711,13
57912,57711,14
57913,57712,12
57914,57712,14
57915,57713,15
57916,57714,12
57917,57714,14
57918,57715,12
57919,57715,15
57920,57718,13
57921,57718,13
57922,57720,13
57923,57721,12
57924,57721,13
57925,57722,11
57926,57722,15
57927,57723,13
57928,57724,13
57929,57724,11
57930,57725,11
57931,57726,11
57932,57727,11
57933,57729,14
57934,57731,11
57935,57732,15
57936,57734,14
57937,57734,15
57938,57736,11
57939,57736,12
57940,57737,14
57941,57737,12
57942,57738,13
57943,57738,15
57944,57739,14
57945,57739,11
57946,57740,15
57947,57740,15
57948,57741,15
57949,57741,14
57950,57742,15
57951,57742,12
57952,57744,15
57953,57744,13
57954,57746,14
57955,57746,12
57956,57747,14
57957,57748,11
57958,57751,12
57959,57751,14
57960,57752,14
57961,57753,12
57962,57754,12
57963,57754,12
57964,57755,14
57965,57755,15
57966,57756,11
57967,57756,11
57968,57757,11
57969,57757,15
57970,57764,15
57971,57765,12
57972,57765,14
57973,57766,11
57974,57766,11
57975,57767,13
57976,57767,15
57977,57768,13
57978,57768,14
57979,57769,13
57980,57769,11
57981,57770,11
57982,57770,11
57983,57772,13
57984,57772,13
57985,57773,13
57986,57775,12
57987,57775,11
57988,57778,15
57989,57779,11
57990,57780,14
57991,57781,14
57992,57782,11
57993,57783,11
57994,57783,14
57995,57785,11
57996,57787,13
57997,57787,13
57998,57788,12
57999,57788,15
58000,57791,14
58001,57793,11
58002,57793,13
58003,57794,15
58004,57794,14
58005,57795,14
58006,57796,15
58007,57796,14
58008,57799,14
58009,57799,13
58010,57800,14
58011,57800,11
58012,57801,11
58013,57801,13
58014,57802,15
58015,57802,14
58016,57803,15
58017,57803,13
58018,57804,14
58019,57804,13
58020,57806,14
58021,57807,12
58022,57807,14
58023,57808,13
58024,57808,14
58025,57812,12
58026,57814,12
58027,57814,14
58028,57815,14
58029,57815,15
58030,57817,13
58031,57817,15
58032,57818,11
58033,57818,14
58034,57819,11
58035,57819,11
58036,57820,13
58037,57821,15
58038,57823,15
58039,57824,11
58040,57824,15
58041,57826,14
58042,57826,12
58043,57828,11
58044,57829,12
58045,57832,14
58046,57832,13
58047,57835,13
58048,57836,12
58049,57839,13
58050,57841,13
58051,57841,13
58052,57843,14
58053,57844,11
58054,57845,14
58055,57845,11
58056,57848,12
58057,57848,14
58058,57849,15
58059,57849,12
58060,57850,12
58061,57851,11
58062,57852,12
58063,57852,11
58064,57853,12
58065,57853,15
58066,57854,12
58067,57854,13
58068,57855,11
58069,57855,12
58070,57858,14
58071,57859,14
58072,57860,14
58073,57861,12
58074,57862,11
58075,57862,11
58076,57863,13
58077,57865,15
58078,57866,12
58079,57866,14
58080,57867,12
58081,57867,11
58082,57869,13
58083,57870,12
58084,57875,12
58085,57876,14
58086,57876,14
58087,57877,13
58088,57877,11
58089,57879,15
58090,57879,11
58091,57880,15
58092,57881,12
58093,57881,11
58094,57882,11
58095,57882,11
58096,57885,15
58097,57886,15
58098,57887,14
58099,57888,13
58100,57888,11
58101,57890,13
58102,57890,14
58103,57891,14
58104,57893,12
58105,57893,12
58106,57894,12
58107,57896,15
58108,57901,11
58109,57902,14
58110,57902,13
58111,57904,11
58112,57904,15
58113,57905,11
58114,57905,14
58115,57907,11
58116,57909,14
58117,57909,12
58118,57910,11
58119,57910,13
58120,57911,14
58121,57911,15
58122,57912,11
58123,57912,12
58124,57913,12
58125,57913,14
58126,57914,13
58127,57916,15
58128,57917,12
58129,57918,11
58130,57919,12
58131,57919,11
58132,57920,15
58133,57920,11
58134,57922,11
58135,57922,12
58136,57923,12
58137,57923,15
58138,57924,11
58139,57924,14
58140,57927,13
58141,57928,13
58142,57930,15
58143,57931,14
58144,57932,15
58145,57934,14
58146,57935,15
58147,57936,15
58148,57937,11
58149,57939,15
58150,57939,13
58151,57940,14
58152,57941,15
58153,57941,15
58154,57942,13
58155,57942,11
58156,57943,12
58157,57945,12
58158,57946,14
58159,57947,12
58160,57947,13
58161,57950,14
58162,57950,12
58163,57951,13
58164,57951,12
58165,57952,11
58166,57952,15
58167,57953,13
58168,57953,12
58169,57954,12
58170,57954,15
58171,57956,15
58172,57957,14
58173,57957,11
58174,57959,14
58175,57959,13
58176,57961,15
58177,57962,12
58178,57965,11
58179,57966,13
58180,57968,12
58181,57970,14
58182,57970,13
58183,57971,12
58184,57971,11
58185,57973,13
58186,57973,11
58187,57975,15
58188,57975,12
58189,57977,11
58190,57978,11
58191,57978,11
58192,57979,11
58193,57979,15
58194,57980,14
58195,57980,13
58196,57981,14
58197,57981,14
58198,57982,11
58199,57983,14
58200,57985,13
58201,57985,15
58202,57988,11
58203,57989,12
58204,57990,15
58205,57991,14
58206,57991,12
58207,57992,13
58208,57995,15
58209,57995,14
58210,57997,11
58211,57997,15
58212,57998,14
58213,57999,15
58214,57999,11
58215,58001,12
58216,58002,15
58217,58004,15
58218,58004,14
58219,58005,15
58220,58008,15
58221,58009,13
58222,58012,14
58223,58013,11
58224,58013,13
58225,58016,11
58226,58020,15
58227,58020,13
58228,58021,13
58229,58022,11
58230,58023,12
58231,58023,12
58232,58024,13
58233,58028,12
58234,58028,14
58235,58031,13
58236,58035,15
58237,58036,11
58238,58038,13
58239,58038,14
58240,58039,13
58241,58040,11
58242,58040,13
58243,58041,14
58244,58042,14
58245,58044,15
58246,58049,15
58247,58052,11
58248,58055,14
58249,58056,15
58250,58057,14
58251,58058,12
58252,58059,12
58253,58060,14
58254,58060,15
58255,58062,12
58256,58063,15
58257,58063,15
58258,58064,12
58259,58065,12
58260,58065,13
58261,58068,13
58262,58068,13
58263,58070,14
58264,58070,11
58265,58072,13
58266,58072,13
58267,58074,15
58268,58074,15
58269,58075,15
58270,58077,15
58271,58078,12
58272,58078,12
58273,58079,14
58274,58079,15
58275,58083,15
58276,58083,11
58277,58085,13
58278,58086,12
58279,58086,14
58280,58087,14
58281,58087,13
58282,58088,14
58283,58088,15
58284,58089,12
58285,58090,15
58286,58092,15
58287,58093,12
58288,58093,13
58289,58097,13
58290,58098,12
58291,58099,11
58292,58100,15
58293,58100,15
58294,58101,15
58295,58102,13
58296,58104,15
58297,58108,11
58298,58108,13
58299,58109,13
58300,58110,15
58301,58110,13
58302,58112,13
58303,58112,15
58304,58113,13
58305,58114,15
58306,58114,14
58307,58115,11
58308,58116,15
58309,58116,12
58310,58117,15
58311,58117,12
58312,58119,13
58313,58119,14
58314,58122,11
58315,58122,14
58316,58123,15
58317,58123,11
58318,58124,15
58319,58125,14
58320,58127,12
58321,58127,15
58322,58128,12
58323,58129,12
58324,58129,12
58325,58132,15
58326,58134,15
58327,58135,15
58328,58136,11
58329,58137,12
58330,58137,12
58331,58138,13
58332,58139,12
58333,58140,13
58334,58141,13
58335,58142,12
58336,58142,12
58337,58143,15
58338,58143,13
58339,58146,15
58340,58147,15
58341,58147,12
58342,58148,14
58343,58148,15
58344,58149,11
58345,58150,14
58346,58152,12
58347,58152,13
58348,58153,15
58349,58156,12
58350,58157,11
58351,58157,11
58352,58159,11
58353,58161,11
58354,58162,12
58355,58162,11
58356,58163,15
58357,58163,14
58358,58165,11
58359,58167,11
58360,58167,11
58361,58171,15
58362,58171,12
58363,58172,15
58364,58172,12
58365,58173,13
58366,58174,15
58367,58174,11
58368,58176,12
58369,58176,13
58370,58178,14
58371,58180,14
58372,58180,15
58373,58181,14
58374,58181,11
58375,58182,12
58376,58183,11
58377,58183,11
58378,58184,15
58379,58184,15
58380,58186,11
58381,58187,13
58382,58188,15
58383,58188,13
58384,58189,12
58385,58190,13
58386,58190,14
58387,58191,14
58388,58191,14
58389,58194,12
58390,58195,15
58391,58195,13
58392,58196,15
58393,58196,15
58394,58197,14
58395,58197,13
58396,58199,11
58397,58199,14
58398,58200,11
58399,58200,11
58400,58201,15
58401,58202,15
58402,58203,11
58403,58203,11
58404,58204,14
58405,58204,14
58406,58205,12
58407,58205,14
58408,58206,15
58409,58206,14
58410,58209,13
58411,58210,14
58412,58210,12
58413,58211,11
58414,58211,13
58415,58212,12
58416,58212,12
58417,58213,14
58418,58213,14
58419,58214,12
58420,58214,11
58421,58217,14
58422,58217,15
58423,58218,15
58424,58218,14
58425,58220,14
58426,58222,14
58427,58222,14
58428,58223,14
58429,58223,15
58430,58225,11
58431,58226,15
58432,58226,14
58433,58230,13
58434,58232,11
58435,58233,14
58436,58233,12
58437,58235,13
58438,58235,11
58439,58236,14
58440,58237,11
58441,58238,14
58442,58239,11
58443,58240,15
58444,58241,12
58445,58241,13
58446,58243,12
58447,58243,13
58448,58247,12
58449,58247,15
58450,58248,12
58451,58248,12
58452,58249,14
58453,58251,13
58454,58251,15
58455,58252,13
58456,58252,11
58457,58253,13
58458,58253,14
58459,58254,11
58460,58256,12
58461,58257,11
58462,58257,15
58463,58260,12
58464,58260,14
58465,58261,11
58466,58263,11
58467,58263,12
58468,58264,11
58469,58266,12
58470,58266,11
58471,58268,12
58472,58269,15
58473,58270,15
58474,58270,13
58475,58271,11
58476,58271,11
58477,58273,12
58478,58273,12
58479,58274,12
58480,58274,15
58481,58275,15
58482,58275,15
58483,58277,11
58484,58278,13
58485,58279,12
58486,58281,15
58487,58284,12
58488,58284,14
58489,58285,11
58490,58285,12
58491,58286,14
58492,58287,11
58493,58287,15
58494,58289,13
58495,58289,14
58496,58290,11
58497,58290,12
58498,58291,13
58499,58291,13
58500,58292,12
58501,58292,11
58502,58293,12
58503,58293,13
58504,58296,14
58505,58297,13
58506,58298,12
58507,58299,15
58508,58299,12
58509,58300,15
58510,58300,15
58511,58301,14
58512,58302,14
58513,58302,11
58514,58303,11
58515,58305,13
58516,58307,15
58517,58307,12
58518,58309,12
58519,58309,14
58520,58312,11
58521,58312,12
58522,58313,12
58523,58313,12
58524,58314,15
58525,58315,12
58526,58316,13
58527,58317,15
58528,58318,13
58529,58318,14
58530,58319,14
58531,58320,11
58532,58321,12
58533,58322,12
58534,58324,13
58535,58324,14
58536,58325,13
58537,58326,11
58538,58326,14
58539,58327,15
58540,58328,14
58541,58328,14
58542,58331,12
58543,58331,13
58544,58332,14
58545,58335,14
58546,58336,15
58547,58336,12
58548,58337,15
58549,58338,14
58550,58338,14
58551,58340,15
58552,58341,11
58553,58341,13
58554,58342,13
58555,58343,15
58556,58345,12
58557,58346,15
58558,58346,13
58559,58347,12
58560,58348,14
58561,58350,13
58562,58350,13
58563,58351,15
58564,58351,15
58565,58352,13
58566,58352,12
58567,58354,11
58568,58354,13
58569,58355,14
58570,58355,12
58571,58356,13
58572,58356,14
58573,58358,13
58574,58359,14
58575,58360,12
58576,58360,14
58577,58361,13
58578,58362,11
58579,58364,11
58580,58364,11
58581,58365,14
58582,58365,11
58583,58366,12
58584,58369,14
58585,58372,15
58586,58372,14
58587,58373,15
58588,58375,11
58589,58375,11
58590,58378,14
58591,58380,14
58592,58382,11
58593,58382,12
58594,58383,14
58595,58385,14
58596,58385,14
58597,58386,12
58598,58386,12
58599,58387,12
58600,58388,11
58601,58390,13
58602,58390,12
58603,58391,13
58604,58391,13
58605,58392,15
58606,58392,13
58607,58395,15
58608,58396,11
58609,58396,15
58610,58398,14
58611,58399,11
58612,58399,15
58613,58400,12
58614,58400,15
58615,58401,12
58616,58404,11
58617,58405,13
58618,58406,11
58619,58407,12
58620,58407,15
58621,58408,11
58622,58412,15
58623,58412,13
58624,58413,14
58625,58415,13
58626,58415,13
58627,58417,11
58628,58418,12
58629,58419,11
58630,58419,15
58631,58421,15
58632,58421,14
58633,58422,15
58634,58423,14
58635,58429,13
58636,58429,11
58637,58431,12
58638,58435,14
58639,58435,11
58640,58436,13
58641,58436,15
58642,58438,13
58643,58439,14
58644,58439,15
58645,58440,15
58646,58440,15
58647,58443,14
58648,58443,13
58649,58444,14
58650,58444,13
58651,58445,14
58652,58445,12
58653,58447,13
58654,58449,11
58655,58451,11
58656,58452,12
58657,58452,15
58658,58453,15
58659,58454,13
58660,58454,11
58661,58455,14
58662,58457,12
58663,58458,11
58664,58459,14
58665,58459,12
58666,58460,14
58667,58460,12
58668,58462,11
58669,58463,12
58670,58466,15
58671,58466,13
58672,58468,13
58673,58470,15
58674,58470,12
58675,58471,14
58676,58471,14
58677,58472,11
58678,58472,13
58679,58474,13
58680,58476,11
58681,58476,12
58682,58477,13
58683,58478,12
58684,58479,14
58685,58479,11
58686,58480,15
58687,58480,14
58688,58482,12
58689,58482,14
58690,58483,13
58691,58484,11
58692,58485,13
58693,58485,14
58694,58486,14
58695,58486,14
58696,58487,14
58697,58487,12
58698,58488,11
58699,58488,14
58700,58489,12
58701,58490,11
58702,58492,15
58703,58492,15
58704,58494,13
58705,58494,13
58706,58496,14
58707,58501,12
58708,58503,13
58709,58503,15
58710,58504,15
58711,58504,15
58712,58506,13
58713,58508,12
58714,58510,14
58715,58510,11
58716,58512,12
58717,58512,14
58718,58513,15
58719,58514,14
58720,58514,12
58721,58516,12
58722,58516,15
58723,58517,14
58724,58519,14
58725,58521,11
58726,58523,13
58727,58525,13
58728,58525,11
58729,58526,11
58730,58526,15
58731,58527,14
58732,58528,11
58733,58529,11
58734,58529,14
58735,58530,14
58736,58530,13
58737,58531,14
58738,58531,14
58739,58532,15
58740,58532,13
58741,58533,14
58742,58535,13
58743,58539,12
58744,58540,12
58745,58542,13
58746,58545,14
58747,58546,13
58748,58546,13
58749,58548,12
58750,58548,14
58751,58549,13
58752,58549,14
58753,58550,13
58754,58551,13
58755,58553,15
58756,58553,15
58757,58554,11
58758,58558,15
58759,58558,12
58760,58560,13
58761,58560,12
58762,58561,11
58763,58561,12
58764,58563,11
58765,58563,15
58766,58564,15
58767,58565,11
58768,58566,12
58769,58566,13
58770,58567,15
58771,58569,11
58772,58571,13
58773,58572,15
58774,58572,13
58775,58573,13
58776,58573,11
58777,58574,14
58778,58574,15
58779,58575,11
58780,58575,11
58781,58576,15
58782,58580,11
58783,58582,11
58784,58582,14
58785,58586,12
58786,58587,14
58787,58587,15
58788,58588,12
58789,58588,12
58790,58589,15
58791,58591,15
58792,58592,14
58793,58592,12
58794,58593,15
58795,58596,14
58796,58597,15
58797,58598,11
58798,58598,14
58799,58599,15
58800,58599,11
58801,58602,12
58802,58602,11
58803,58605,11
58804,58607,13
58805,58607,14
58806,58608,11
58807,58608,14
58808,58609,12
58809,58610,11
58810,58611,12
58811,58611,12
58812,58613,12
58813,58613,15
58814,58615,11
58815,58615,14
58816,58616,12
58817,58616,12
58818,58619,13
58819,58619,13
58820,58621,15
58821,58622,14
58822,58623,11
58823,58623,13
58824,58624,11
58825,58625,11
58826,58625,14
58827,58626,13
58828,58626,14
58829,58627,12
58830,58627,13
58831,58628,12
58832,58628,13
58833,58629,15
58834,58630,11
58835,58631,15
58836,58631,14
58837,58633,11
58838,58633,14
58839,58634,14
58840,58635,11
58841,58635,14
58842,58636,15
58843,58636,11
58844,58637,12
58845,58638,15
58846,58639,11
58847,58640,11
58848,58640,13
58849,58641,15
58850,58641,15
58851,58642,11
58852,58644,15
58853,58646,13
58854,58646,12
58855,58648,11
58856,58649,12
58857,58649,14
58858,58650,12
58859,58654,13
58860,58654,13
58861,58655,15
58862,58658,13
58863,58659,11
58864,58662,15
58865,58663,15
58866,58664,14
58867,58665,11
58868,58665,14
58869,58667,12
58870,58667,14
58871,58668,12
58872,58669,15
58873,58671,14
58874,58671,12
58875,58673,12
58876,58674,11
58877,58674,12
58878,58677,14
58879,58677,13
58880,58678,13
58881,58679,12
58882,58679,14
58883,58680,11
58884,58680,12
58885,58681,15
58886,58686,11
58887,58689,13
58888,58689,14
58889,58693,15
58890,58693,15
58891,58694,13
58892,58694,12
58893,58695,11
58894,58695,14
58895,58696,11
58896,58696,15
58897,58697,15
58898,58697,13
58899,58700,14
58900,58701,11
58901,58702,11
58902,58702,15
58903,58704,13
58904,58705,15
58905,58705,13
58906,58706,13
58907,58709,11
58908,58710,13
58909,58710,12
58910,58711,15
58911,58711,14
58912,58712,13
58913,58712,13
58914,58713,12
58915,58713,14
58916,58714,15
58917,58714,11
58918,58715,12
58919,58715,11
58920,58716,13
58921,58717,12
58922,58717,14
58923,58718,15
58924,58718,12
58925,58719,14
58926,58721,13
58927,58721,14
58928,58723,14
58929,58723,13
58930,58724,14
58931,58725,11
58932,58726,13
58933,58726,14
58934,58729,11
58935,58731,14
58936,58732,12
58937,58732,15
58938,58733,11
58939,58735,14
58940,58736,11
58941,58737,12
58942,58738,13
58943,58740,15
58944,58740,12
58945,58741,14
58946,58741,15
58947,58742,14
58948,58745,13
58949,58745,12
58950,58746,13
58951,58748,14
58952,58749,12
58953,58750,14
58954,58750,14
58955,58752,15
58956,58753,11
58957,58753,12
58958,58756,15
58959,58756,13
58960,58757,12
58961,58757,13
58962,58758,11
58963,58758,12
58964,58760,15
58965,58760,13
58966,58765,13
58967,58765,15
58968,58766,15
58969,58767,15
58970,58767,11
58971,58768,13
58972,58769,12
58973,58769,14
58974,58770,15
58975,58770,11
58976,58773,14
58977,58773,14
58978,58774,13
58979,58774,15
58980,58775,11
58981,58775,12
58982,58777,11
58983,58777,15
58984,58779,12
58985,58779,11
58986,58780,12
58987,58780,11
58988,58781,11
58989,58782,13
58990,58783,13
58991,58784,12
58992,58784,12
58993,58785,13
58994,58786,12
58995,58787,13
58996,58788,14
58997,58788,12
58998,58789,14
58999,58789,11
59000,58790,14
59001,58790,12
59002,58792,14
59003,58795,15
59004,58796,12
59005,58796,13
59006,58797,15
59007,58797,11
59008,58798,13
59009,58800,14
59010,58800,12
59011,58801,13
59012,58802,14
59013,58803,11
59014,58803,14
59015,58805,12
59016,58807,11
59017,58807,15
59018,58808,11
59019,58809,12
59020,58811,12
59021,58813,14
59022,58813,13
59023,58814,14
59024,58814,12
59025,58816,12
59026,58817,13
59027,58819,11
59028,58820,13
59029,58820,11
59030,58822,14
59031,58822,13
59032,58823,11
59033,58824,11
59034,58824,11
59035,58825,12
59036,58826,11
59037,58826,14
59038,58827,13
59039,58829,12
59040,58830,12
59041,58830,11
59042,58831,12
59043,58833,15
59044,58834,15
59045,58834,14
59046,58836,14
59047,58836,12
59048,58837,13
59049,58837,12
59050,58839,12
59051,58839,14
59052,58840,11
59053,58841,15
59054,58841,12
59055,58843,15
59056,58846,14
59057,58847,11
59058,58849,14
59059,58849,11
59060,58851,13
59061,58852,13
59062,58853,14
59063,58854,15
59064,58854,13
59065,58855,15
59066,58855,12
59067,58857,14
59068,58858,12
59069,58858,15
59070,58862,14
59071,58862,11
59072,58865,15
59073,58866,14
59074,58866,12
59075,58868,15
59076,58871,14
59077,58873,15
59078,58873,15
59079,58875,13
59080,58876,13
59081,58876,14
59082,58877,12
59083,58877,11
59084,58878,15
59085,58879,14
59086,58881,11
59087,58881,14
59088,58884,14
59089,58887,12
59090,58888,15
59091,58890,14
59092,58890,11
59093,58895,13
59094,58896,14
59095,58897,15
59096,58898,12
59097,58899,12
59098,58900,14
59099,58903,11
59100,58904,13
59101,58905,12
59102,58905,12
59103,58906,13
59104,58906,12
59105,58910,15
59106,58911,12
59107,58911,13
59108,58912,14
59109,58913,11
59110,58917,14
59111,58917,11
59112,58918,12
59113,58920,15
59114,58921,11
59115,58921,15
59116,58922,13
59117,58923,13
59118,58923,13
59119,58924,12
59120,58924,11
59121,58927,13
59122,58930,11
59123,58931,14
59124,58932,15
59125,58933,15
59126,58935,11
59127,58935,14
59128,58936,13
59129,58938,14
59130,58938,15
59131,58939,15
59132,58939,11
59133,58941,14
59134,58941,14
59135,58942,14
59136,58942,13
59137,58945,13
59138,58946,14
59139,58948,15
59140,58951,11
59141,58953,11
59142,58953,12
59143,58954,11
59144,58954,14
59145,58955,12
59146,58955,14
59147,58956,13
59148,58957,12
59149,58959,11
59150,58961,12
59151,58964,14
59152,58964,12
59153,58965,11
59154,58966,12
59155,58967,13
59156,58968,13
59157,58969,14
59158,58969,12
59159,58970,14
59160,58970,13
59161,58972,14
59162,58972,12
59163,58978,11
59164,58978,15
59165,58979,13
59166,58979,15
59167,58980,15
59168,58980,12
59169,58981,11
59170,58981,13
59171,58982,13
59172,58982,13
59173,58983,13
59174,58983,14
59175,58984,15
59176,58990,11
59177,58990,12
59178,58991,13
59179,58992,14
59180,58992,12
59181,58993,12
59182,58997,12
59183,58997,14
59184,58998,12
59185,58998,12
59186,58999,12
59187,58999,12
59188,59000,14
59189,59001,11
59190,59001,14
59191,59002,15
59192,59002,13
59193,59003,11
59194,59003,13
59195,59004,14
59196,59004,11
59197,59005,12
59198,59006,14
59199,59007,11
59200,59007,12
59201,59008,11
59202,59008,11
59203,59010,13
59204,59011,12
59205,59011,11
59206,59013,13
59207,59014,12
59208,59015,14
59209,59016,15
59210,59018,11
59211,59019,15
59212,59020,14
59213,59021,14
59214,59021,11
59215,59022,12
59216,59023,13
59217,59023,12
59218,59024,14
59219,59024,14
59220,59025,14
59221,59028,14
59222,59028,14
59223,59031,12
59224,59032,15
59225,59035,14
59226,59036,14
59227,59037,12
59228,59037,15
59229,59038,11
59230,59038,11
59231,59040,11
59232,59040,12
59233,59041,12
59234,59043,12
59235,59044,13
59236,59046,12
59237,59046,12
59238,59048,12
59239,59048,12
59240,59049,11
59241,59049,13
59242,59050,12
59243,59052,13
59244,59052,15
59245,59053,13
59246,59053,13
59247,59055,13
59248,59055,14
59249,59056,15
59250,59056,11
59251,59058,11
59252,59058,13
59253,59059,11
59254,59060,14
59255,59060,14
59256,59061,12
59257,59063,13
59258,59067,14
59259,59067,15
59260,59068,15
59261,59070,15
59262,59070,14
59263,59071,15
59264,59071,13
59265,59072,15
59266,59073,12
59267,59073,12
59268,59076,11
59269,59077,15
59270,59077,14
59271,59079,12
59272,59080,14
59273,59081,12
59274,59081,14
59275,59082,13
59276,59084,15
59277,59085,11
59278,59087,13
59279,59088,15
59280,59090,14
59281,59090,15
59282,59092,13
59283,59092,13
59284,59093,12
59285,59093,11
59286,59094,11
59287,59097,14
59288,59098,11
59289,59098,15
59290,59099,11
59291,59099,14
59292,59100,13
59293,59101,12
59294,59101,14
59295,59103,13
59296,59103,13
59297,59104,14
59298,59105,12
59299,59105,13
59300,59107,14
59301,59109,12
59302,59109,13
59303,59110,13
59304,59111,13
59305,59113,12
59306,59114,15
59307,59115,11
59308,59116,14
59309,59117,11
59310,59118,13
59311,59118,15
59312,59121,12
59313,59121,12
59314,59122,12
59315,59123,13
59316,59124,15
59317,59124,13
59318,59125,13
59319,59126,11
59320,59126,14
59321,59127,13
59322,59127,13
59323,59128,11
59324,59128,12
59325,59129,14
59326,59129,14
59327,59130,14
59328,59130,14
59329,59131,11
59330,59131,11
59331,59133,13
59332,59133,12
59333,59135,13
59334,59135,11
59335,59137,12
59336,59140,15
59337,59140,11
59338,59142,13
59339,59143,13
59340,59144,12
59341,59146,15
59342,59146,15
59343,59147,13
59344,59147,13
59345,59148,14
59346,59150,12
59347,59151,12
59348,59151,15
59349,59153,15
59350,59155,15
59351,59156,13
59352,59156,11
59353,59157,12
59354,59160,11
59355,59160,15
59356,59162,11
59357,59163,13
59358,59164,14
59359,59164,12
59360,59165,11
59361,59165,12
59362,59167,11
59363,59168,13
59364,59168,11
59365,59169,13
59366,59169,12
59367,59170,15
59368,59172,11
59369,59172,14
59370,59174,13
59371,59176,13
59372,59177,15
59373,59177,12
59374,59178,11
59375,59178,15
59376,59180,15
59377,59182,11
59378,59184,13
59379,59185,13
59380,59186,14
59381,59186,11
59382,59188,12
59383,59190,13
59384,59191,14
59385,59191,13
59386,59193,13
59387,59194,14
59388,59194,13
59389,59196,14
59390,59196,11
59391,59198,11
59392,59200,13
59393,59201,12
59394,59202,13
59395,59203,12
59396,59203,11
59397,59204,13
59398,59204,14
59399,59205,11
59400,59205,12
59401,59206,11
59402,59206,14
59403,59207,14
59404,59208,13
59405,59209,12
59406,59209,14
59407,59210,13
59408,59210,14
59409,59211,15
59410,59212,13
59411,59212,15
59412,59213,15
59413,59213,15
59414,59215,13
59415,59215,14
59416,59216,11
59417,59217,12
59418,59218,14
59419,59219,14
59420,59220,13
59421,59220,11
59422,59222,12
59423,59223,13
59424,59224,13
59425,59225,15
59426,59225,12
59427,59226,12
59428,59229,11
59429,59229,14
59430,59230,14
59431,59232,15
59432,59233,13
59433,59235,11
59434,59236,11
59435,59239,12
59436,59240,14
59437,59242,11
59438,59242,13
59439,59243,13
59440,59246,13
59441,59247,12
59442,59247,11
59443,59248,12
59444,59249,13
59445,59249,11
59446,59250,12
59447,59250,12
59448,59252,11
59449,59253,14
59450,59253,11
59451,59254,14
59452,59254,15
59453,59255,15
59454,59255,14
59455,59256,12
59456,59257,13
59457,59257,12
59458,59258,13
59459,59259,12
59460,59259,12
59461,59260,14
59462,59262,13
59463,59262,12
59464,59263,13
59465,59263,11
59466,59266,13
59467,59266,14
59468,59267,15
59469,59268,12
59470,59268,12
59471,59269,12
59472,59269,11
59473,59270,14
59474,59271,12
59475,59272,14
59476,59274,15
59477,59274,14
59478,59275,14
59479,59275,12
59480,59277,12
59481,59277,15
59482,59278,15
59483,59278,13
59484,59279,14
59485,59279,12
59486,59280,15
59487,59281,11
59488,59281,15
59489,59283,14
59490,59285,11
59491,59285,14
59492,59286,12
59493,59286,15
59494,59288,11
59495,59288,11
59496,59289,11
59497,59289,14
59498,59290,15
59499,59290,13
59500,59291,15
59501,59291,14
59502,59293,12
59503,59293,14
59504,59295,12
59505,59296,13
59506,59296,14
59507,59300,13
59508,59301,14
59509,59301,12
59510,59302,15
59511,59303,11
59512,59303,11
59513,59304,11
59514,59304,11
59515,59307,15
59516,59307,12
59517,59309,12
59518,59309,12
59519,59310,14
59520,59311,15
59521,59312,14
59522,59312,15
59523,59313,12
59524,59313,13
59525,59314,13
59526,59315,15
59527,59316,14
59528,59318,13
59529,59318,12
59530,59319,11
59531,59319,13
59532,59321,11
59533,59321,14
59534,59325,15
59535,59326,12
59536,59326,15
59537,59327,12
59538,59328,12
59539,59331,11
59540,59331,12
59541,59334,12
59542,59335,15
59543,59340,12
59544,59340,14
59545,59342,15
59546,59342,11
59547,59343,15
59548,59343,11
59549,59344,12
59550,59344,12
59551,59345,11
59552,59346,15
59553,59346,15
59554,59347,11
59555,59347,15
59556,59350,15
59557,59350,13
59558,59351,15
59559,59352,15
59560,59352,15
59561,59354,15
59562,59355,12
59563,59355,13
59564,59358,15
59565,59359,14
59566,59359,11
59567,59360,13
59568,59362,15
59569,59364,12
59570,59366,11
59571,59367,14
59572,59368,14
59573,59369,13
59574,59370,11
59575,59370,11
59576,59371,14
59577,59371,13
59578,59372,13
59579,59372,12
59580,59373,14
59581,59374,15
59582,59375,14
59583,59375,12
59584,59376,11
59585,59377,15
59586,59377,15
59587,59379,15
59588,59379,12
59589,59383,15
59590,59383,12
59591,59387,15
59592,59387,12
59593,59388,13
59594,59388,12
59595,59389,15
59596,59390,14
59597,59390,13
59598,59392,12
59599,59392,14
59600,59393,15
59601,59394,11
59602,59395,15
59603,59395,11
59604,59396,15
59605,59396,13
59606,59397,13
59607,59398,15
59608,59398,13
59609,59399,11
59610,59400,15
59611,59403,13
59612,59404,11
59613,59404,13
59614,59405,14
59615,59407,15
59616,59409,13
59617,59409,14
59618,59410,12
59619,59410,14
59620,59411,13
59621,59412,15
59622,59412,15
59623,59413,12
59624,59413,12
59625,59414,14
59626,59414,13
59627,59415,13
59628,59415,13
59629,59417,12
59630,59419,15
59631,59420,14
59632,59422,12
59633,59423,11
59634,59423,12
59635,59424,13
59636,59424,11
59637,59425,14
59638,59426,12
59639,59426,15
59640,59427,11
59641,59427,11
59642,59428,14
59643,59429,13
59644,59429,13
59645,59431,15
59646,59431,11
59647,59432,14
59648,59432,13
59649,59434,12
59650,59435,14
59651,59436,13
59652,59436,15
59653,59437,14
59654,59437,11
59655,59438,12
59656,59438,12
59657,59439,14
59658,59439,11
59659,59440,12
59660,59441,12
59661,59442,15
59662,59442,15
59663,59445,12
59664,59446,12
59665,59449,11
59666,59452,14
59667,59458,11
59668,59459,15
59669,59460,12
59670,59460,14
59671,59461,13
59672,59464,13
59673,59464,11
59674,59465,15
59675,59465,12
59676,59466,12
59677,59467,11
59678,59468,15
59679,59468,14
59680,59470,14
59681,59470,12
59682,59472,13
59683,59474,11
59684,59474,12
59685,59476,11
59686,59476,13
59687,59478,15
59688,59480,14
59689,59480,14
59690,59482,12
59691,59484,11
59692,59485,13
59693,59486,15
59694,59488,15
59695,59490,15
59696,59490,15
59697,59491,11
59698,59492,13
59699,59493,15
59700,59494,11
59701,59494,11
59702,59497,14
59703,59498,11
59704,59501,14
59705,59503,11
59706,59504,13
59707,59504,14
59708,59506,13
59709,59506,15
59710,59507,14
59711,59508,11
59712,59510,12
59713,59513,15
59714,59516,12
59715,59517,15
59716,59518,15
59717,59518,11
59718,59520,12
59719,59521,15
59720,59522,11
59721,59523,13
59722,59523,14
59723,59524,14
59724,59524,14
59725,59526,14
59726,59526,13
59727,59527,15
59728,59527,13
59729,59529,15
59730,59529,12
59731,59531,13
59732,59531,15
59733,59533,14
59734,59533,12
59735,59534,15
59736,59534,14
59737,59536,15
59738,59536,15
59739,59539,12
59740,59539,13
59741,59540,13
59742,59543,12
59743,59544,11
59744,59545,12
59745,59545,14
59746,59546,14
59747,59546,12
59748,59547,11
59749,59547,12
59750,59548,12
59751,59549,11
59752,59550,11
59753,59551,15
59754,59551,15
59755,59552,15
59756,59554,14
59757,59554,14
59758,59556,14
59759,59559,12
59760,59560,14
59761,59561,15
59762,59561,11
59763,59562,13
59764,59563,14
59765,59563,13
59766,59565,15
59767,59566,11
59768,59566,12
59769,59567,14
59770,59568,15
59771,59568,14
59772,59569,13
59773,59570,13
59774,59571,12
59775,59573,13
59776,59573,12
59777,59574,11
59778,59574,13
59779,59575,15
59780,59576,15
59781,59577,13
59782,59578,14
59783,59579,12
59784,59580,13
59785,59580,14
59786,59582,15
59787,59582,13
59788,59584,13
59789,59584,14
59790,59587,11
59791,59587,11
59792,59588,11
59793,59589,14
59794,59590,12
59795,59596,14
59796,59598,14
59797,59598,15
59798,59599,13
59799,59600,13
59800,59600,14
59801,59601,12
59802,59602,15
59803,59602,13
59804,59604,11
59805,59605,12
59806,59607,12
59807,59608,11
59808,59608,12
59809,59609,14
59810,59609,12
59811,59611,14
59812,59611,12
59813,59612,11
59814,59612,11
59815,59614,14
59816,59614,14
59817,59615,15
59818,59616,13
59819,59616,12
59820,59618,11
59821,59618,15
59822,59619,13
59823,59621,14
59824,59623,15
59825,59623,15
59826,59625,13
59827,59625,11
59828,59626,14
59829,59626,13
59830,59627,15
59831,59627,11
59832,59629,11
59833,59630,11
59834,59630,15
59835,59631,12
59836,59632,11
59837,59634,15
59838,59635,15
59839,59635,11
59840,59638,14
59841,59643,15
59842,59643,12
59843,59644,11
59844,59644,13
59845,59646,11
59846,59647,15
59847,59647,13
59848,59648,14
59849,59649,11
59850,59649,14
59851,59651,14
59852,59651,14
59853,59652,15
59854,59653,12
59855,59653,13
59856,59655,11
59857,59655,11
59858,59657,15
59859,59657,15
59860,59661,12
59861,59663,11
59862,59664,12
59863,59664,14
59864,59666,14
59865,59666,15
59866,59668,13
59867,59669,14
59868,59669,15
59869,59671,13
59870,59671,14
59871,59674,15
59872,59675,12
59873,59676,12
59874,59676,12
59875,59678,12
59876,59679,13
59877,59679,15
59878,59682,15
59879,59683,13
59880,59683,14
59881,59685,12
59882,59686,14
59883,59686,14
59884,59688,12
59885,59688,12
59886,59689,15
59887,59689,12
59888,59690,14
59889,59690,14
59890,59691,15
59891,59692,15
59892,59692,12
59893,59693,15
59894,59693,11
59895,59694,15
59896,59695,11
59897,59697,12
59898,59698,12
59899,59699,11
59900,59701,11
59901,59701,11
59902,59703,14
59903,59704,14
59904,59704,13
59905,59705,14
59906,59705,13
59907,59707,15
59908,59709,14
59909,59709,15
59910,59710,15
59911,59710,11
59912,59711,11
59913,59713,14
59914,59713,14
59915,59714,12
59916,59715,15
59917,59716,14
59918,59717,11
59919,59718,12
59920,59719,14
59921,59721,11
59922,59723,13
59923,59724,13
59924,59725,14
59925,59725,14
59926,59726,13
59927,59726,14
59928,59727,11
59929,59727,15
59930,59728,12
59931,59729,14
59932,59729,15
59933,59730,14
59934,59730,12
59935,59731,15
59936,59733,13
59937,59735,11
59938,59735,15
59939,59736,15
59940,59738,11
59941,59739,14
59942,59739,14
59943,59741,13
59944,59743,14
59945,59743,15
59946,59744,14
59947,59744,13
59948,59746,12
59949,59746,12
59950,59747,11
59951,59748,11
59952,59749,14
59953,59749,13
59954,59750,15
59955,59751,15
59956,59751,13
59957,59752,14
59958,59753,14
59959,59753,11
59960,59754,13
59961,59754,12
59962,59755,12
59963,59755,13
59964,59756,15
59965,59757,14
59966,59757,11
59967,59759,14
59968,59760,12
59969,59764,15
59970,59764,12
59971,59765,13
59972,59766,12
59973,59766,12
59974,59767,11
59975,59768,14
59976,59771,12
59977,59773,15
59978,59774,12
59979,59774,15
59980,59776,12
59981,59778,11
59982,59779,14
59983,59780,13
59984,59780,13
59985,59782,15
59986,59782,11
59987,59783,15
59988,59783,13
59989,59784,15
59990,59785,13
59991,59786,15
59992,59788,13
59993,59789,13
59994,59790,11
59995,59791,12
59996,59792,14
59997,59792,11
59998,59793,11
59999,59794,15
60000,59794,13
60001,59798,14
60002,59799,12
60003,59800,11
60004,59800,15
60005,59803,14
60006,59807,14
60007,59808,12
60008,59809,12
60009,59809,11
60010,59810,11
60011,59812,12
60012,59813,13
60013,59814,11
60014,59814,11
60015,59816,14
60016,59816,14
60017,59817,13
60018,59819,13
60019,59820,13
60020,59823,11
60021,59824,15
60022,59824,15
60023,59826,12
60024,59826,11
60025,59827,13
60026,59828,15
60027,59828,13
60028,59832,14
60029,59832,11
60030,59833,14
60031,59833,14
60032,59834,11
60033,59835,14
60034,59835,15
60035,59836,15
60036,59837,13
60037,59838,12
60038,59838,12
60039,59844,11
60040,59845,15
60041,59846,13
60042,59848,14
60043,59849,14
60044,59850,11
60045,59852,13
60046,59853,12
60047,59853,13
60048,59854,13
60049,59854,13
60050,59856,14
60051,59856,12
60052,59857,12
60053,59858,13
60054,59859,14
60055,59860,15
60056,59861,14
60057,59861,12
60058,59863,12
60059,59863,13
60060,59864,13
60061,59864,11
60062,59865,12
60063,59865,12
60064,59866,11
60065,59866,14
60066,59867,12
60067,59867,11
60068,59868,11
60069,59868,15
60070,59869,11
60071,59870,13
60072,59871,13
60073,59871,13
60074,59872,13
60075,59872,13
60076,59873,13
60077,59873,11
60078,59874,15
60079,59874,14
60080,59875,12
60081,59875,11
60082,59876,12
60083,59876,14
60084,59877,12
60085,59878,14
60086,59878,12
60087,59879,15
60088,59880,15
60089,59881,15
60090,59882,11
60091,59883,13
60092,59884,11
60093,59884,11
60094,59886,11
60095,59887,12
60096,59887,12
60097,59889,14
60098,59889,15
60099,59890,11
60100,59892,12
60101,59892,13
60102,59893,13
60103,59894,12
60104,59896,14
60105,59898,11
60106,59900,11
60107,59901,11
60108,59902,14
60109,59903,15
60110,59903,13
60111,59905,11
60112,59905,12
60113,59906,12
60114,59906,15
60115,59907,12
60116,59908,11
60117,59909,14
60118,59909,15
60119,59911,15
60120,59913,11
60121,59913,13
60122,59917,15
60123,59918,11
60124,59918,15
60125,59920,11
60126,59923,14
60127,59923,13
60128,59925,12
60129,59925,12
60130,59927,12
60131,59927,13
60132,59928,14
60133,59929,15
60134,59934,14
60135,59934,11
60136,59935,12
60137,59935,13
60138,59938,13
60139,59939,12
60140,59942,13
60141,59944,13
60142,59944,12
60143,59946,12
60144,59946,13
60145,59948,11
60146,59949,11
60147,59949,15
60148,59950,14
60149,59952,13
60150,59953,12
60151,59955,15
60152,59956,12
60153,59956,15
60154,59957,13
60155,59958,14
60156,59958,13
60157,59960,14
60158,59961,11
60159,59961,14
60160,59962,15
60161,59962,11
60162,59963,15
60163,59964,14
60164,59965,12
60165,59966,15
60166,59966,13
60167,59967,12
60168,59968,13
60169,59968,15
60170,59970,11
60171,59971,13
60172,59972,13
60173,59972,12
60174,59974,14
60175,59976,13
60176,59976,11
60177,59978,11
60178,59978,13
60179,59979,14
60180,59979,13
60181,59980,11
60182,59981,12
60183,59981,15
60184,59983,11
60185,59986,14
60186,59987,13
60187,59988,12
60188,59988,14
60189,59989,14
60190,59989,15
60191,59990,15
60192,59991,13
60193,59993,15
60194,59993,14
60195,59995,11
60196,59996,12
60197,59997,15
60198,59998,12
60199,59999,13
60200,60000,14
60201,60003,15
60202,60003,12
60203,60005,15
60204,60006,15
60205,60006,14
60206,60008,15
60207,60010,12
60208,60010,14
60209,60011,13
60210,60011,11
60211,60012,13
60212,60012,12
60213,60013,13
60214,60013,13
60215,60014,12
60216,60015,11
60217,60015,12
60218,60017,15
60219,60018,11
60220,60019,11
60221,60020,12
60222,60020,11
60223,60021,13
60224,60021,15
60225,60023,15
60226,60023,12
60227,60024,15
60228,60024,13
60229,60025,15
60230,60026,11
60231,60028,12
60232,60028,14
60233,60030,12
60234,60030,14
60235,60031,12
60236,60031,11
60237,60032,13
60238,60033,14
60239,60033,15
60240,60034,15
60241,60034,15
60242,60035,14
60243,60036,12
60244,60036,13
60245,60039,13
60246,60039,15
60247,60040,14
60248,60040,11
60249,60041,11
60250,60042,14
60251,60043,11
60252,60043,13
60253,60044,12
60254,60044,15
60255,60045,12
60256,60046,13
60257,60049,12
60258,60049,14
60259,60050,12
60260,60051,11
60261,60051,15
60262,60052,15
60263,60052,14
60264,60053,14
60265,60055,12
60266,60055,13
60267,60059,12
60268,60059,14
60269,60061,11
60270,60061,15
60271,60062,11
60272,60062,11
60273,60063,13
60274,60065,12
60275,60065,15
60276,60066,13
60277,60067,11
60278,60069,14
60279,60069,12
60280,60070,14
60281,60074,11
60282,60074,15
60283,60075,14
60284,60075,15
60285,60076,15
60286,60076,12
60287,60077,14
60288,60077,13
60289,60078,11
60290,60078,13
60291,60079,15
60292,60080,12
60293,60080,11
60294,60081,11
60295,60081,15
60296,60082,12
60297,60082,14
60298,60083,15
60299,60083,13
60300,60084,15
60301,60084,13
60302,60085,14
60303,60086,11
60304,60089,12
60305,60090,15
60306,60090,12
60307,60091,11
60308,60093,12
60309,60093,15
60310,60095,12
60311,60096,12
60312,60096,11
60313,60097,12
60314,60100,15
60315,60100,14
60316,60101,12
60317,60102,13
60318,60102,12
60319,60104,12
60320,60106,12
60321,60106,15
60322,60107,11
60323,60108,11
60324,60108,15
60325,60110,12
60326,60111,12
60327,60112,12
60328,60112,14
60329,60114,13
60330,60114,11
60331,60115,15
60332,60115,11
60333,60116,13
60334,60116,11
60335,60117,11
60336,60119,14
60337,60120,14
60338,60120,14
60339,60121,15
60340,60122,15
60341,60123,12
60342,60123,12
60343,60124,12
60344,60125,14
60345,60125,14
60346,60126,13
60347,60127,14
60348,60127,11
60349,60129,15
60350,60129,14
60351,60130,13
60352,60130,15
60353,60131,15
60354,60131,13
60355,60133,11
60356,60133,12
60357,60134,11
60358,60134,15
60359,60136,11
60360,60137,14
60361,60137,14
60362,60138,12
60363,60138,11
60364,60141,15
60365,60141,14
60366,60142,14
60367,60142,14
60368,60143,12
60369,60144,13
60370,60144,11
60371,60145,15
60372,60145,14
60373,60146,15
60374,60147,11
60375,60148,12
60376,60148,14
60377,60149,14
60378,60149,15
60379,60154,13
60380,60155,15
60381,60155,12
60382,60157,13
60383,60157,11
60384,60164,11
60385,60165,11
60386,60166,12
60387,60166,15
60388,60167,13
60389,60168,13
60390,60170,12
60391,60170,12
60392,60171,14
60393,60171,13
60394,60172,15
60395,60172,11
60396,60174,14
60397,60175,11
60398,60176,14
60399,60176,12
60400,60177,15
60401,60178,13
60402,60178,11
60403,60179,14
60404,60179,13
60405,60180,14
60406,60180,14
60407,60181,14
60408,60182,11
60409,60182,14
60410,60183,13
60411,60185,13
60412,60185,13
60413,60187,13
60414,60187,13
60415,60189,11
60416,60189,15
60417,60190,13
60418,60190,13
60419,60191,11
60420,60191,12
60421,60192,13
60422,60192,13
60423,60194,14
60424,60195,15
60425,60195,15
60426,60196,12
60427,60196,13
60428,60197,13
60429,60199,12
60430,60201,14
60431,60201,11
60432,60203,14
60433,60203,14
60434,60205,14
60435,60206,14
60436,60207,13
60437,60208,13
60438,60208,11
60439,60210,15
60440,60210,15
60441,60211,14
60442,60211,13
60443,60215,14
60444,60215,14
60445,60216,15
60446,60218,11
60447,60218,12
60448,60219,13
60449,60219,11
60450,60220,13
60451,60220,15
60452,60221,12
60453,60221,13
60454,60222,11
60455,60222,15
60456,60223,13
60457,60223,15
60458,60225,15
60459,60225,11
60460,60226,12
60461,60226,11
60462,60227,12
60463,60227,14
60464,60228,14
60465,60230,12
60466,60230,13
60467,60233,14
60468,60234,15
60469,60235,11
60470,60236,13
60471,60236,12
60472,60238,15
60473,60241,15
60474,60242,12
60475,60244,14
60476,60244,13
60477,60247,12
60478,60248,12
60479,60249,14
60480,60249,11
60481,60250,13
60482,60250,15
60483,60253,15
60484,60254,12
60485,60254,11
60486,60255,12
60487,60255,13
60488,60256,13
60489,60256,12
60490,60260,15
60491,60260,13
60492,60262,11
60493,60263,15
60494,60263,11
60495,60266,11
60496,60267,14
60497,60268,11
60498,60268,12
60499,60269,11
60500,60271,13
60501,60273,13
60502,60274,12
60503,60274,11
60504,60275,14
60505,60275,12
60506,60277,13
60507,60278,13
60508,60278,13
60509,60281,11
60510,60285,12
60511,60286,15
60512,60287,13
60513,60287,13
60514,60288,14
60515,60290,15
60516,60297,14
60517,60298,12
60518,60298,14
60519,60300,11
60520,60300,13
60521,60301,13
60522,60302,12
60523,60303,12
60524,60305,15
60525,60305,12
60526,60306,13
60527,60306,13
60528,60307,14
60529,60307,14
60530,60308,15
60531,60311,15
60532,60312,13
60533,60314,13
60534,60314,14
60535,60318,14
60536,60318,11
60537,60321,13
60538,60322,12
60539,60326,12
60540,60326,15
60541,60327,11
60542,60329,11
60543,60330,13
60544,60330,11
60545,60331,13
60546,60331,14
60547,60332,14
60548,60332,11
60549,60333,12
60550,60335,11
60551,60337,15
60552,60337,12
60553,60338,12
60554,60340,11
60555,60340,12
60556,60341,11
60557,60342,14
60558,60343,14
60559,60344,13
60560,60344,13
60561,60346,15
60562,60349,14
60563,60349,14
60564,60350,13
60565,60353,13
60566,60353,14
60567,60354,13
60568,60355,11
60569,60356,15
60570,60358,14
60571,60358,13
60572,60360,15
60573,60361,12
60574,60361,11
60575,60363,13
60576,60363,13
60577,60365,11
60578,60365,12
60579,60368,15
60580,60369,11
60581,60369,14
60582,60370,15
60583,60374,15
60584,60374,14
60585,60375,14
60586,60377,11
60587,60378,15
60588,60378,13
60589,60379,12
60590,60379,13
60591,60380,15
60592,60380,11
60593,60381,13
60594,60382,13
60595,60382,14
60596,60383,15
60597,60383,14
60598,60384,15
60599,60384,12
60600,60387,15
60601,60388,12
60602,60390,15
60603,60392,14
60604,60392,15
60605,60394,13
60606,60395,13
60607,60395,13
60608,60396,12
60609,60398,11
60610,60399,12
60611,60399,13
60612,60400,14
60613,60400,12
60614,60405,13
60615,60406,13
60616,60407,14
60617,60407,12
60618,60408,14
60619,60410,15
60620,60412,13
60621,60412,14
60622,60414,13
60623,60417,12
60624,60420,15
60625,60420,13
60626,60424,15
60627,60424,14
60628,60425,15
60629,60425,12
60630,60427,11
60631,60428,14
60632,60430,13
60633,60431,12
60634,60432,11
60635,60433,13
60636,60433,13
60637,60434,11
60638,60434,13
60639,60435,15
60640,60436,14
60641,60436,14
60642,60437,13
60643,60437,15
60644,60438,14
60645,60438,14
60646,60439,14
60647,60440,13
60648,60440,11
60649,60441,13
60650,60442,11
60651,60444,12
60652,60444,15
60653,60445,12
60654,60445,11
60655,60446,13
60656,60446,12
60657,60447,13
60658,60447,14
60659,60448,13
60660,60448,13
60661,60449,13
60662,60451,15
60663,60452,12
60664,60452,12
60665,60454,13
60666,60455,15
60667,60456,13
60668,60456,13
60669,60457,11
60670,60457,13
60671,60459,14
60672,60459,15
60673,60460,14
60674,60460,12
60675,60461,14
60676,60461,12
60677,60463,15
60678,60463,15
60679,60464,13
60680,60464,12
60681,60465,14
60682,60466,13
60683,60466,14
60684,60467,11
60685,60467,15
60686,60468,13
60687,60468,12
60688,60470,13
60689,60473,15
60690,60475,11
60691,60476,13
60692,60476,11
60693,60477,14
60694,60477,13
60695,60478,11
60696,60478,14
60697,60479,14
60698,60479,14
60699,60480,11
60700,60480,13
60701,60481,13
60702,60482,14
60703,60482,12
60704,60483,14
60705,60483,11
60706,60485,13
60707,60485,12
60708,60487,11
60709,60488,12
60710,60488,11
60711,60489,11
60712,60489,12
60713,60490,14
60714,60493,12
60715,60494,15
60716,60494,14
60717,60495,12
60718,60495,15
60719,60496,13
60720,60497,15
60721,60498,11
60722,60499,14
60723,60500,14
60724,60502,12
60725,60502,11
60726,60503,11
60727,60503,13
60728,60506,14
60729,60507,11
60730,60508,15
60731,60508,14
60732,60509,12
60733,60511,15
60734,60511,13
60735,60515,12
60736,60515,13
60737,60516,15
60738,60517,15
60739,60517,11
60740,60518,13
60741,60520,14
60742,60520,13
60743,60525,11
60744,60525,11
60745,60526,12
60746,60526,15
60747,60527,15
60748,60528,13
60749,60530,14
60750,60530,12
60751,60532,13
60752,60533,12
60753,60533,11
60754,60534,11
60755,60534,12
60756,60536,14
60757,60536,12
60758,60540,13
60759,60545,14
60760,60547,15
60761,60549,13
60762,60549,15
60763,60550,14
60764,60550,13
60765,60551,13
60766,60552,15
60767,60553,15
60768,60553,11
60769,60554,14
60770,60556,14
60771,60556,12
60772,60557,11
60773,60558,14
60774,60560,14
60775,60561,11
60776,60561,14
60777,60562,14
60778,60562,15
60779,60564,15
60780,60564,12
60781,60565,12
60782,60565,15
60783,60566,12
60784,60567,15
60785,60568,13
60786,60568,11
60787,60570,12
60788,60572,14
60789,60572,13
60790,60573,15
60791,60573,15
60792,60574,11
60793,60574,11
60794,60577,15
60795,60578,14
60796,60578,12
60797,60580,12
60798,60580,12
60799,60582,12
60800,60582,11
60801,60583,11
60802,60585,13
60803,60587,15
60804,60588,15
60805,60588,11
60806,60589,13
60807,60590,15
60808,60590,13
60809,60591,14
60810,60591,15
60811,60594,14
60812,60594,13
60813,60595,14
60814,60595,15
60815,60596,12
60816,60596,12
60817,60598,14
60818,60599,12
60819,60599,15
60820,60600,15
60821,60601,11
60822,60601,13
60823,60602,12
60824,60603,11
60825,60604,13
60826,60604,12
60827,60605,13
60828,60605,12
60829,60607,11
60830,60607,15
60831,60608,12
60832,60609,15
60833,60609,11
60834,60610,11
60835,60610,12
60836,60611,11
60837,60614,14
60838,60616,13
60839,60617,11
60840,60618,11
60841,60618,11
60842,60619,12
60843,60619,12
60844,60621,11
60845,60621,15
60846,60623,12
60847,60625,12
60848,60628,12
60849,60628,13
60850,60630,11
60851,60631,13
60852,60631,15
60853,60633,13
60854,60635,15
60855,60635,11
60856,60636,12
60857,60636,14
60858,60638,14
60859,60638,11
60860,60639,12
60861,60642,15
60862,60643,14
60863,60643,14
60864,60644,11
60865,60644,15
60866,60647,12
60867,60647,12
60868,60650,11
60869,60650,13
60870,60651,15
60871,60651,14
60872,60653,13
60873,60656,14
60874,60656,13
60875,60657,11
60876,60657,13
60877,60658,13
60878,60660,13
60879,60661,14
60880,60661,11
60881,60662,13
60882,60663,15
60883,60663,15
60884,60665,13
60885,60666,12
60886,60668,12
60887,60669,15
60888,60669,13
60889,60671,12
60890,60672,12
60891,60673,12
60892,60673,12
60893,60674,14
60894,60675,14
60895,60676,14
60896,60681,11
60897,60681,12
60898,60682,14
60899,60682,14
60900,60684,12
60901,60685,12
60902,60686,13
60903,60686,15
60904,60688,14
60905,60689,11
60906,60690,14
60907,60690,12
60908,60692,11
60909,60692,12
60910,60693,14
60911,60696,13
60912,60697,11
60913,60700,11
60914,60700,12
60915,60701,14
60916,60701,15
60917,60702,14
60918,60702,13
60919,60704,11
60920,60704,14
60921,60705,13
60922,60705,12
60923,60706,12
60924,60708,11
60925,60711,15
60926,60713,14
60927,60714,15
60928,60714,13
60929,60715,11
60930,60715,15
60931,60716,13
60932,60717,14
60933,60719,14
60934,60719,12
60935,60720,11
60936,60720,12
60937,60721,14
60938,60721,15
60939,60723,11
60940,60723,15
60941,60724,11
60942,60724,15
60943,60725,12
60944,60726,13
60945,60726,15
60946,60728,13
60947,60729,11
60948,60729,14
60949,60731,14
60950,60733,14
60951,60733,11
60952,60734,14
60953,60736,12
60954,60736,14
60955,60737,13
60956,60737,15
60957,60742,13
60958,60743,13
60959,60744,15
60960,60744,15
60961,60747,15
60962,60747,11
60963,60748,15
60964,60749,14
60965,60751,13
60966,60752,12
60967,60753,14
60968,60753,12
60969,60754,11
60970,60754,14
60971,60755,15
60972,60755,13
60973,60756,11
60974,60757,11
60975,60757,11
60976,60759,14
60977,60759,12
60978,60760,12
60979,60760,11
60980,60761,15
60981,60761,13
60982,60763,13
60983,60765,12
60984,60766,11
60985,60767,14
60986,60767,14
60987,60768,14
60988,60770,11
60989,60770,15
60990,60771,12
60991,60771,15
60992,60772,13
60993,60773,11
60994,60773,13
60995,60775,13
60996,60775,12
60997,60776,15
60998,60776,14
60999,60778,12
61000,60778,12
61001,60779,14
61002,60780,14
61003,60781,15
61004,60785,11
61005,60785,11
61006,60786,12
61007,60786,11
61008,60787,15
61009,60787,11
61010,60788,13
61011,60788,15
61012,60789,11
61013,60789,14
61014,60791,11
61015,60791,11
61016,60792,13
61017,60792,12
61018,60793,11
61019,60793,11
61020,60794,11
61021,60795,11
61022,60796,13
61023,60797,14
61024,60797,12
61025,60798,12
61026,60799,14
61027,60802,11
61028,60804,12
61029,60806,12
61030,60808,14
61031,60808,15
61032,60810,12
61033,60811,13
61034,60811,15
61035,60813,14
61036,60813,12
61037,60814,13
61038,60815,14
61039,60815,12
61040,60818,13
61041,60819,14
61042,60819,14
61043,60820,12
61044,60823,15
61045,60826,11
61046,60827,14
61047,60828,11
61048,60829,12
61049,60832,12
61050,60832,15
61051,60834,15
61052,60835,12
61053,60836,14
61054,60843,11
61055,60843,12
61056,60844,11
61057,60844,11
61058,60845,11
61059,60845,14
61060,60846,15
61061,60846,15
61062,60847,13
61063,60847,11
61064,60848,13
61065,60848,13
61066,60850,14
61067,60850,13
61068,60851,13
61069,60851,12
61070,60852,14
61071,60853,11
61072,60854,15
61073,60854,12
61074,60855,14
61075,60855,13
61076,60858,14
61077,60858,15
61078,60859,11
61079,60861,15
61080,60861,12
61081,60862,13
61082,60863,14
61083,60863,15
61084,60864,13
61085,60864,15
61086,60865,12
61087,60867,11
61088,60868,15
61089,60868,13
61090,60870,13
61091,60870,14
61092,60871,13
61093,60872,14
61094,60872,15
61095,60873,13
61096,60876,12
61097,60876,12
61098,60877,12
61099,60877,15
61100,60878,12
61101,60878,11
61102,60879,14
61103,60880,12
61104,60880,15
61105,60881,11
61106,60882,14
61107,60882,13
61108,60883,14
61109,60883,12
61110,60885,15
61111,60885,12
61112,60886,14
61113,60886,13
61114,60888,14
61115,60889,14
61116,60892,14
61117,60892,15
61118,60893,11
61119,60893,15
61120,60894,11
61121,60894,13
61122,60895,14
61123,60895,14
61124,60897,13
61125,60900,14
61126,60901,11
61127,60901,13
61128,60904,14
61129,60904,14
61130,60906,13
61131,60906,15
61132,60907,14
61133,60908,12
61134,60909,15
61135,60909,13
61136,60910,12
61137,60912,12
61138,60913,13
61139,60913,14
61140,60914,12
61141,60915,14
61142,60915,12
61143,60916,15
61144,60917,14
61145,60917,15
61146,60919,11
61147,60922,11
61148,60922,12
61149,60924,11
61150,60925,11
61151,60926,13
61152,60927,15
61153,60929,15
61154,60929,14
61155,60931,13
61156,60931,13
61157,60932,15
61158,60932,15
61159,60933,15
61160,60934,13
61161,60935,14
61162,60935,13
61163,60937,14
61164,60938,15
61165,60938,13
61166,60941,12
61167,60941,11
61168,60942,14
61169,60942,11
61170,60943,13
61171,60944,11
61172,60945,15
61173,60946,13
61174,60947,12
61175,60948,11
61176,60949,14
61177,60949,12
61178,60951,13
61179,60951,15
61180,60952,15
61181,60954,12
61182,60954,11
61183,60955,15
61184,60957,15
61185,60957,15
61186,60958,14
61187,60959,13
61188,60959,12
61189,60960,14
61190,60960,15
61191,60962,13
61192,60963,13
61193,60964,12
61194,60965,15
61195,60965,11
61196,60968,12
61197,60968,15
61198,60969,15
61199,60970,12
61200,60970,11
61201,60971,13
61202,60972,11
61203,60972,13
61204,60973,12
61205,60973,15
61206,60974,12
61207,60974,12
61208,60977,14
61209,60977,15
61210,60980,11
61211,60980,11
61212,60981,12
61213,60981,14
61214,60983,15
61215,60983,15
61216,60984,12
61217,60984,11
61218,60985,14
61219,60985,14
61220,60986,15
61221,60987,11
61222,60987,13
61223,60988,12
61224,60990,12
61225,60991,11
61226,60993,13
61227,60994,11
61228,60995,12
61229,60995,11
61230,60996,13
61231,60996,14
61232,60998,13
61233,60999,11
61234,61000,15
61235,61001,14
61236,61001,14
61237,61003,11
61238,61004,11
61239,61005,15
61240,61005,15
61241,61006,11
61242,61006,11
61243,61007,12
61244,61008,12
61245,61008,15
61246,61009,11
61247,61009,12
61248,61010,13
61249,61010,14
61250,61011,15
61251,61011,12
61252,61012,11
61253,61014,15
61254,61015,14
61255,61015,14
61256,61017,14
61257,61017,13
61258,61018,11
61259,61022,15
61260,61022,11
61261,61023,13
61262,61023,15
61263,61024,13
61264,61024,14
61265,61025,11
61266,61025,12
61267,61027,13
61268,61029,14
61269,61029,15
61270,61032,12
61271,61032,15
61272,61033,11
61273,61034,11
61274,61035,15
61275,61035,15
61276,61036,13
61277,61036,15
61278,61038,12
61279,61039,13
61280,61039,15
61281,61040,12
61282,61042,14
61283,61043,14
61284,61043,15
61285,61044,14
61286,61045,14
61287,61045,12
61288,61046,11
61289,61046,13
61290,61047,11
61291,61048,11
61292,61048,14
61293,61051,15
61294,61051,11
61295,61053,12
61296,61053,15
61297,61056,12
61298,61056,12
61299,61058,12
61300,61058,14
61301,61059,14
61302,61061,11
61303,61061,15
61304,61062,13
61305,61063,12
61306,61063,15
61307,61066,13
61308,61067,12
61309,61069,14
61310,61069,11
61311,61070,11
61312,61070,13
61313,61071,14
61314,61073,12
61315,61073,11
61316,61074,14
61317,61076,12
61318,61079,11
61319,61079,12
61320,61080,12
61321,61081,15
61322,61081,15
61323,61083,14
61324,61084,12
61325,61085,14
61326,61087,14
61327,61087,12
61328,61091,12
61329,61092,12
61330,61092,14
61331,61093,14
61332,61094,15
61333,61095,11
61334,61096,14
61335,61096,14
61336,61097,14
61337,61098,15
61338,61098,13
61339,61099,11
61340,61100,11
61341,61103,14
61342,61104,15
61343,61105,15
61344,61106,12
61345,61107,14
61346,61109,11
61347,61110,11
61348,61110,12
61349,61112,15
61350,61112,13
61351,61113,12
61352,61113,13
61353,61115,11
61354,61115,13
61355,61116,14
61356,61116,13
61357,61117,15
61358,61117,15
61359,61118,15
61360,61121,15
61361,61121,12
61362,61122,11
61363,61122,13
61364,61124,11
61365,61127,14
61366,61128,13
61367,61130,12
61368,61134,14
61369,61134,14
61370,61135,11
61371,61135,13
61372,61136,14
61373,61136,11
61374,61137,11
61375,61139,13
61376,61139,14
61377,61140,13
61378,61141,12
61379,61141,14
61380,61143,15
61381,61143,14
61382,61146,14
61383,61148,15
61384,61149,14
61385,61150,15
61386,61150,13
61387,61151,15
61388,61151,14
61389,61153,15
61390,61154,12
61391,61156,12
61392,61157,12
61393,61158,12
61394,61158,12
61395,61159,12
61396,61159,11
61397,61161,15
61398,61161,14
61399,61163,14
61400,61163,15
61401,61164,12
61402,61165,13
61403,61166,15
61404,61171,12
61405,61172,12
61406,61172,12
61407,61173,11
61408,61175,12
61409,61176,13
61410,61178,11
61411,61179,13
61412,61182,11
61413,61183,11
61414,61183,13
61415,61184,14
61416,61185,15
61417,61185,14
61418,61186,14
61419,61187,12
61420,61187,15
61421,61188,12
61422,61188,13
61423,61190,12
61424,61190,15
61425,61191,15
61426,61192,14
61427,61194,13
61428,61194,12
61429,61199,14
61430,61199,12
61431,61202,13
61432,61202,15
61433,61203,11
61434,61204,14
61435,61204,15
61436,61205,15
61437,61207,14
61438,61207,12
61439,61208,11
61440,61210,12
61441,61210,12
61442,61215,14
61443,61216,12
61444,61217,13
61445,61218,12
61446,61218,12
61447,61219,11
61448,61219,12
61449,61220,11
61450,61221,12
61451,61221,14
61452,61222,11
61453,61224,15
61454,61227,14
61455,61227,13
61456,61228,13
61457,61229,11
61458,61229,12
61459,61230,14
61460,61230,14
61461,61231,15
61462,61231,13
61463,61232,15
61464,61235,12
61465,61235,11
61466,61236,13
61467,61238,12
61468,61238,14
61469,61239,13
61470,61241,14
61471,61241,15
61472,61242,13
61473,61243,14
61474,61246,12
61475,61247,13
61476,61251,11
61477,61251,14
61478,61253,11
61479,61254,15
61480,61259,12
61481,61259,14
61482,61260,15
61483,61260,14
61484,61262,12
61485,61263,15
61486,61263,13
61487,61264,15
61488,61266,14
61489,61267,11
61490,61267,12
61491,61268,14
61492,61268,13
61493,61269,15
61494,61269,12
61495,61270,14
61496,61270,13
61497,61271,15
61498,61272,13
61499,61272,15
61500,61273,14
61501,61276,12
61502,61277,13
61503,61277,13
61504,61278,14
61505,61278,11
61506,61280,15
61507,61283,14
61508,61283,14
61509,61284,11
61510,61285,14
61511,61286,14
61512,61287,13
61513,61287,14
61514,61288,13
61515,61288,11
61516,61290,15
61517,61292,15
61518,61292,11
61519,61293,14
61520,61293,15
61521,61294,12
61522,61295,11
61523,61295,11
61524,61296,13
61525,61296,12
61526,61298,14
61527,61298,12
61528,61299,15
61529,61300,14
61530,61300,14
61531,61301,15
61532,61302,12
61533,61302,12
61534,61305,15
61535,61305,15
61536,61307,12
61537,61308,14
61538,61308,13
61539,61311,14
61540,61312,15
61541,61312,11
61542,61313,12
61543,61314,15
61544,61314,11
61545,61315,15
61546,61315,12
61547,61316,14
61548,61316,12
61549,61317,14
61550,61317,12
61551,61318,15
61552,61318,13
61553,61319,15
61554,61321,14
61555,61324,12
61556,61326,15
61557,61327,14
61558,61328,11
61559,61329,11
61560,61329,11
61561,61330,15
61562,61330,13
61563,61331,13
61564,61332,14
61565,61332,14
61566,61334,13
61567,61334,11
61568,61335,11
61569,61336,13
61570,61339,12
61571,61339,13
61572,61341,14
61573,61341,15
61574,61342,14
61575,61342,12
61576,61345,15
61577,61345,11
61578,61346,13
61579,61346,12
61580,61347,12
61581,61349,14
61582,61350,15
61583,61350,12
61584,61351,15
61585,61351,13
61586,61358,12
61587,61360,11
61588,61360,13
61589,61362,13
61590,61362,15
61591,61363,12
61592,61364,15
61593,61365,11
61594,61365,11
61595,61366,12
61596,61366,12
61597,61367,12
61598,61368,12
61599,61368,13
61600,61369,15
61601,61369,14
61602,61370,14
61603,61370,13
61604,61371,14
61605,61371,12
61606,61372,15
61607,61372,14
61608,61374,14
61609,61375,12
61610,61375,11
61611,61376,11
61612,61378,11
61613,61378,11
61614,61379,15
61615,61382,11
61616,61384,14
61617,61385,15
61618,61386,14
61619,61387,13
61620,61388,14
61621,61388,12
61622,61389,13
61623,61389,12
61624,61390,15
61625,61390,11
61626,61391,12
61627,61392,12
61628,61392,12
61629,61394,12
61630,61395,12
61631,61396,15
61632,61397,11
61633,61397,13
61634,61399,13
61635,61400,11
61636,61401,13
61637,61401,13
61638,61402,12
61639,61402,13
61640,61404,11
61641,61405,11
61642,61406,11
61643,61406,14
61644,61408,11
61645,61408,11
61646,61411,12
61647,61412,13
61648,61413,12
61649,61414,12
61650,61416,15
61651,61416,15
61652,61417,14
61653,61418,13
61654,61420,13
61655,61423,11
61656,61423,15
61657,61424,15
61658,61424,11
61659,61425,13
61660,61425,13
61661,61426,11
61662,61427,12
61663,61427,12
61664,61428,14
61665,61428,11
61666,61429,15
61667,61431,12
61668,61431,12
61669,61432,11
61670,61436,12
61671,61436,15
61672,61437,13
61673,61438,15
61674,61438,11
61675,61439,11
61676,61439,11
61677,61440,11
61678,61442,15
61679,61443,13
61680,61444,13
61681,61444,12
61682,61445,15
61683,61445,11
61684,61447,11
61685,61447,15
61686,61449,12
61687,61450,12
61688,61451,11
61689,61452,15
61690,61452,14
61691,61453,12
61692,61455,15
61693,61455,12
61694,61456,13
61695,61457,15
61696,61458,14
61697,61458,13
61698,61459,12
61699,61461,12
61700,61462,11
61701,61463,14
61702,61463,15
61703,61464,15
61704,61466,15
61705,61466,15
61706,61467,14
61707,61468,11
61708,61469,13
61709,61469,14
61710,61470,13
61711,61472,15
61712,61473,12
61713,61473,13
61714,61476,14
61715,61477,11
61716,61477,12
61717,61478,12
61718,61480,12
61719,61481,15
61720,61482,13
61721,61482,11
61722,61485,11
61723,61485,11
61724,61486,13
61725,61488,14
61726,61488,15
61727,61489,12
61728,61492,14
61729,61495,11
61730,61495,13
61731,61496,12
61732,61500,15
61733,61500,13
61734,61503,13
61735,61504,15
61736,61504,15
61737,61505,12
61738,61505,14
61739,61507,14
61740,61507,14
61741,61510,15
61742,61515,13
61743,61516,15
61744,61516,11
61745,61517,13
61746,61517,13
61747,61520,14
61748,61521,15
61749,61524,12
61750,61525,11
61751,61525,13
61752,61527,15
61753,61528,12
61754,61529,15
61755,61530,15
61756,61534,12
61757,61534,13
61758,61535,12
61759,61536,13
61760,61536,15
61761,61539,12
61762,61539,11
61763,61540,13
61764,61542,13
61765,61542,12
61766,61544,14
61767,61545,11
61768,61545,15
61769,61546,13
61770,61548,15
61771,61548,13
61772,61549,14
61773,61550,14
61774,61551,15
61775,61552,13
61776,61552,12
61777,61554,11
61778,61554,15
61779,61555,13
61780,61555,11
61781,61556,14
61782,61556,13
61783,61557,12
61784,61557,11
61785,61558,11
61786,61559,12
61787,61559,15
61788,61560,12
61789,61560,13
61790,61561,14
61791,61562,15
61792,61562,15
61793,61563,14
61794,61564,15
61795,61564,12
61796,61566,14
61797,61566,14
61798,61567,15
61799,61567,12
61800,61568,13
61801,61568,12
61802,61569,11
61803,61569,13
61804,61570,15
61805,61571,15
61806,61571,12
61807,61575,15
61808,61576,14
61809,61576,15
61810,61577,11
61811,61577,14
61812,61578,12
61813,61579,11
61814,61579,15
61815,61581,13
61816,61581,13
61817,61582,11
61818,61584,15
61819,61585,12
61820,61586,12
61821,61588,15
61822,61589,11
61823,61591,13
61824,61592,15
61825,61593,11
61826,61593,15
61827,61596,14
61828,61597,12
61829,61598,15
61830,61599,12
61831,61600,12
61832,61600,14
61833,61601,11
61834,61601,14
61835,61604,11
61836,61604,13
61837,61605,12
61838,61605,13
61839,61607,12
61840,61608,15
61841,61608,13
61842,61609,14
61843,61609,11
61844,61612,13
61845,61612,14
61846,61613,11
61847,61613,12
61848,61614,11
61849,61614,11
61850,61617,15
61851,61617,11
61852,61619,13
61853,61619,13
61854,61620,12
61855,61621,12
61856,61621,12
61857,61622,13
61858,61622,15
61859,61624,13
61860,61625,15
61861,61625,15
61862,61626,15
61863,61626,15
61864,61629,14
61865,61629,13
61866,61631,12
61867,61631,13
61868,61632,15
61869,61632,13
61870,61633,14
61871,61633,15
61872,61636,15
61873,61637,11
61874,61637,11
61875,61638,15
61876,61640,14
61877,61640,14
61878,61641,14
61879,61641,12
61880,61642,11
61881,61642,11
61882,61643,15
61883,61643,14
61884,61644,15
61885,61644,14
61886,61645,12
61887,61646,13
61888,61646,15
61889,61647,12
61890,61648,12
61891,61649,15
61892,61650,13
61893,61650,14
61894,61652,15
61895,61654,14
61896,61655,13
61897,61658,11
61898,61659,14
61899,61659,12
61900,61664,15
61901,61665,13
61902,61665,14
61903,61666,12
61904,61667,15
61905,61668,14
61906,61669,14
61907,61669,15
61908,61674,14
61909,61675,11
61910,61676,13
61911,61676,14
61912,61677,13
61913,61677,11
61914,61679,15
61915,61679,14
61916,61680,15
61917,61680,15
61918,61681,14
61919,61682,11
61920,61683,11
61921,61683,12
61922,61684,11
61923,61685,14
61924,61685,12
61925,61686,13
61926,61687,11
61927,61687,11
61928,61688,14
61929,61689,14
61930,61690,13
61931,61690,11
61932,61692,15
61933,61692,13
61934,61696,13
61935,61696,14
61936,61697,11
61937,61698,11
61938,61698,12
61939,61700,15
61940,61700,15
61941,61702,14
61942,61702,14
61943,61703,11
61944,61703,13
61945,61704,12
61946,61704,11
61947,61705,13
61948,61705,12
61949,61706,14
61950,61706,12
61951,61707,15
61952,61708,13
61953,61710,15
61954,61712,14
61955,61713,15
61956,61714,11
61957,61715,13
61958,61715,13
61959,61716,12
61960,61718,11
61961,61718,14
61962,61719,13
61963,61721,13
61964,61723,13
61965,61724,15
61966,61725,12
61967,61726,14
61968,61726,15
61969,61727,15
61970,61727,14
61971,61728,11
61972,61728,14
61973,61729,12
61974,61729,13
61975,61732,11
61976,61732,11
61977,61734,15
61978,61735,15
61979,61735,14
61980,61736,12
61981,61737,11
61982,61737,13
61983,61738,11
61984,61738,13
61985,61739,13
61986,61741,11
61987,61742,13
61988,61742,11
61989,61743,11
61990,61743,13
61991,61745,11
61992,61745,12
61993,61746,12
61994,61747,13
61995,61749,11
61996,61749,15
61997,61750,15
61998,61752,11
61999,61752,15
62000,61753,15
62001,61753,15
62002,61754,14
62003,61755,11
62004,61755,15
62005,61756,13
62006,61757,15
62007,61761,12
62008,61761,12
62009,61762,14
62010,61762,14
62011,61763,11
62012,61763,11
62013,61765,13
62014,61765,13
62015,61766,12
62016,61768,15
62017,61769,12
62018,61769,13
62019,61770,14
62020,61772,12
62021,61772,15
62022,61773,12
62023,61774,11
62024,61775,14
62025,61776,12
62026,61777,15
62027,61779,11
62028,61781,11
62029,61781,11
62030,61783,13
62031,61786,12
62032,61787,13
62033,61787,12
62034,61788,14
62035,61789,14
62036,61790,11
62037,61790,15
62038,61792,13
62039,61792,14
62040,61793,14
62041,61794,14
62042,61796,14
62043,61797,12
62044,61799,13
62045,61799,12
62046,61800,14
62047,61800,15
62048,61802,13
62049,61802,15
62050,61803,13
62051,61804,13
62052,61804,11
62053,61805,12
62054,61805,14
62055,61806,14
62056,61809,11
62057,61809,14
62058,61811,14
62059,61812,12
62060,61812,11
62061,61814,15
62062,61815,13
62063,61816,11
62064,61817,11
62065,61818,13
62066,61820,12
62067,61820,15
62068,61821,14
62069,61823,14
62070,61825,11
62071,61825,11
62072,61827,12
62073,61827,11
62074,61831,13
62075,61831,11
62076,61832,15
62077,61832,12
62078,61833,12
62079,61836,12
62080,61836,14
62081,61837,11
62082,61837,14
62083,61839,11
62084,61839,14
62085,61840,15
62086,61840,12
62087,61841,14
62088,61843,14
62089,61844,14
62090,61844,14
62091,61845,13
62092,61845,11
62093,61846,11
62094,61847,11
62095,61847,14
62096,61848,15
62097,61848,15
62098,61849,13
62099,61849,11
62100,61850,15
62101,61852,13
62102,61853,12
62103,61853,14
62104,61854,14
62105,61854,14
62106,61855,11
62107,61855,15
62108,61858,12
62109,61862,13
62110,61863,11
62111,61865,12
62112,61865,15
62113,61866,12
62114,61866,15
62115,61868,11
62116,61869,12
62117,61869,12
62118,61871,15
62119,61872,13
62120,61872,12
62121,61873,11
62122,61874,14
62123,61874,12
62124,61875,15
62125,61876,15
62126,61877,14
62127,61879,12
62128,61879,12
62129,61880,14
62130,61882,13
62131,61882,11
62132,61883,15
62133,61884,12
62134,61885,15
62135,61885,14
62136,61887,12
62137,61887,11
62138,61888,11
62139,61888,13
62140,61889,12
62141,61891,14
62142,61891,14
62143,61893,13
62144,61895,14
62145,61896,13
62146,61896,13
62147,61897,12
62148,61898,13
62149,61900,14
62150,61902,11
62151,61902,11
62152,61904,13
62153,61904,13
62154,61906,11
62155,61907,11
62156,61908,15
62157,61908,14
62158,61909,11
62159,61910,14
62160,61913,12
62161,61915,14
62162,61916,12
62163,61916,13
62164,61917,14
62165,61918,15
62166,61918,15
62167,61920,14
62168,61920,13
62169,61921,11
62170,61922,11
62171,61922,12
62172,61923,11
62173,61926,12
62174,61927,14
62175,61928,15
62176,61928,11
62177,61929,11
62178,61929,15
62179,61930,14
62180,61931,15
62181,61931,15
62182,61937,12
62183,61938,14
62184,61939,11
62185,61939,12
62186,61940,12
62187,61940,12
62188,61941,13
62189,61941,12
62190,61942,12
62191,61943,14
62192,61943,15
62193,61946,14
62194,61946,14
62195,61949,15
62196,61949,12
62197,61950,14
62198,61951,12
62199,61952,13
62200,61952,14
62201,61953,12
62202,61954,15
62203,61955,15
62204,61956,15
62205,61957,15
62206,61957,14
62207,61959,15
62208,61960,15
62209,61960,15
62210,61962,11
62211,61962,12
62212,61963,12
62213,61964,13
62214,61964,13
62215,61965,13
62216,61969,14
62217,61969,15
62218,61970,15
62219,61970,12
62220,61971,12
62221,61973,14
62222,61973,15
62223,61974,12
62224,61974,14
62225,61975,15
62226,61975,15
62227,61976,15
62228,61976,13
62229,61977,15
62230,61981,11
62231,61981,11
62232,61982,11
62233,61983,14
62234,61985,13
62235,61985,14
62236,61986,13
62237,61987,13
62238,61987,14
62239,61988,14
62240,61988,15
62241,61990,11
62242,61991,11
62243,61992,13
62244,61993,14
62245,61993,14
62246,61994,14
62247,61995,11
62248,61996,11
62249,61997,14
62250,61997,12
62251,61998,13
62252,61998,14
62253,62001,13
62254,62002,15
62255,62003,14
62256,62004,13
62257,62004,15
62258,62006,11
62259,62006,14
62260,62007,11
62261,62007,11
62262,62008,11
62263,62008,12
62264,62013,12
62265,62014,12
62266,62014,11
62267,62016,15
62268,62017,15
62269,62018,14
62270,62018,12
62271,62020,15
62272,62022,11
62273,62023,11
62274,62023,12
62275,62024,11
62276,62026,14
62277,62026,15
62278,62027,11
62279,62028,15
62280,62028,14
62281,62030,15
62282,62030,12
62283,62031,14
62284,62031,13
62285,62032,13
62286,62034,11
62287,62034,12
62288,62035,13
62289,62035,12
62290,62038,12
62291,62039,13
62292,62041,15
62293,62042,14
62294,62042,14
62295,62043,11
62296,62043,12
62297,62046,11
62298,62046,14
62299,62047,15
62300,62048,12
62301,62049,13
62302,62051,14
62303,62051,11
62304,62053,15
62305,62053,12
62306,62054,14
62307,62055,11
62308,62055,15
62309,62056,11
62310,62056,15
62311,62057,14
62312,62057,11
62313,62059,13
62314,62059,14
62315,62063,12
62316,62063,15
62317,62064,14
62318,62064,12
62319,62065,13
62320,62065,15
62321,62066,14
62322,62069,11
62323,62070,11
62324,62070,11
62325,62071,12
62326,62072,13
62327,62072,12
62328,62074,14
62329,62074,14
62330,62075,11
62331,62075,12
62332,62076,11
62333,62076,15
62334,62077,14
62335,62079,11
62336,62080,13
62337,62082,13
62338,62083,15
62339,62083,12
62340,62084,13
62341,62084,12
62342,62086,11
62343,62087,13
62344,62087,15
62345,62090,15
62346,62090,13
62347,62091,11
62348,62092,12
62349,62092,13
62350,62093,13
62351,62094,15
62352,62095,12
62353,62098,14
62354,62100,15
62355,62104,13
62356,62106,13
62357,62106,13
62358,62107,14
62359,62107,12
62360,62108,12
62361,62108,14
62362,62109,13
62363,62110,12
62364,62110,14
62365,62111,13
62366,62112,14
62367,62113,12
62368,62116,14
62369,62117,11
62370,62118,13
62371,62118,11
62372,62119,14
62373,62120,12
62374,62120,13
62375,62121,15
62376,62122,11
62377,62123,11
62378,62123,15
62379,62126,13
62380,62127,14
62381,62127,14
62382,62128,12
62383,62129,13
62384,62129,12
62385,62131,11
62386,62133,13
62387,62134,13
62388,62134,11
62389,62135,13
62390,62135,11
62391,62139,12
62392,62140,11
62393,62140,12
62394,62142,11
62395,62143,13
62396,62143,15
62397,62144,12
62398,62144,15
62399,62145,13
62400,62145,15
62401,62147,15
62402,62147,13
62403,62152,14
62404,62155,11
62405,62158,15
62406,62159,12
62407,62159,14
62408,62160,13
62409,62160,12
62410,62161,14
62411,62161,15
62412,62162,12
62413,62162,15
62414,62164,15
62415,62164,14
62416,62165,12
62417,62165,12
62418,62166,11
62419,62166,14
62420,62168,12
62421,62169,11
62422,62170,15
62423,62172,15
62424,62173,15
62425,62173,13
62426,62176,15
62427,62177,14
62428,62177,11
62429,62182,12
62430,62183,14
62431,62184,13
62432,62185,13
62433,62185,14
62434,62186,14
62435,62187,11
62436,62187,11
62437,62188,14
62438,62192,15
62439,62193,11
62440,62193,13
62441,62194,14
62442,62195,15
62443,62196,15
62444,62196,14
62445,62197,15
62446,62198,13
62447,62199,15
62448,62200,13
62449,62200,12
62450,62201,15
62451,62202,11
62452,62204,15
62453,62204,11
62454,62206,11
62455,62206,11
62456,62207,11
62457,62211,15
62458,62212,12
62459,62214,14
62460,62215,11
62461,62215,13
62462,62216,14
62463,62216,11
62464,62218,11
62465,62218,11
62466,62220,11
62467,62221,13
62468,62221,13
62469,62223,14
62470,62226,15
62471,62226,11
62472,62227,15
62473,62227,14
62474,62228,14
62475,62231,15
62476,62231,13
62477,62235,15
62478,62235,12
62479,62236,12
62480,62237,14
62481,62240,11
62482,62240,14
62483,62243,13
62484,62247,14
62485,62248,13
62486,62251,12
62487,62253,13
62488,62253,12
62489,62254,11
62490,62254,13
62491,62256,11
62492,62257,14
62493,62259,11
62494,62259,13
62495,62260,12
62496,62260,14
62497,62261,15
62498,62262,14
62499,62263,13
62500,62263,14
62501,62264,15
62502,62264,12
62503,62265,13
62504,62267,12
62505,62271,13
62506,62272,14
62507,62273,12
62508,62273,11
62509,62275,14
62510,62277,12
62511,62277,11
62512,62279,15
62513,62281,12
62514,62283,14
62515,62283,13
62516,62284,15
62517,62284,15
62518,62286,11
62519,62290,12
62520,62290,13
62521,62291,15
62522,62292,14
62523,62294,12
62524,62294,14
62525,62296,15
62526,62296,15
62527,62298,14
62528,62299,12
62529,62299,12
62530,62300,13
62531,62300,12
62532,62301,14
62533,62301,13
62534,62302,15
62535,62304,11
62536,62306,12
62537,62306,12
62538,62307,13
62539,62307,11
62540,62308,15
62541,62308,14
62542,62309,13
62543,62310,11
62544,62310,12
62545,62312,12
62546,62314,12
62547,62315,12
62548,62316,12
62549,62316,11
62550,62319,12
62551,62319,11
62552,62320,11
62553,62320,15
62554,62321,12
62555,62321,15
62556,62322,14
62557,62323,13
62558,62323,12
62559,62324,15
62560,62325,15
62561,62325,12
62562,62326,15
62563,62326,14
62564,62327,13
62565,62329,11
62566,62330,11
62567,62330,13
62568,62332,11
62569,62334,12
62570,62334,14
62571,62335,13
62572,62337,14
62573,62338,13
62574,62339,12
62575,62341,12
62576,62343,12
62577,62344,13
62578,62345,11
62579,62345,11
62580,62346,15
62581,62347,15
62582,62347,15
62583,62348,14
62584,62349,13
62585,62349,12
62586,62352,14
62587,62354,11
62588,62354,11
62589,62355,15
62590,62355,15
62591,62361,12
62592,62364,11
62593,62367,14
62594,62367,12
62595,62369,12
62596,62369,15
62597,62371,12
62598,62374,15
62599,62374,11
62600,62375,11
62601,62375,11
62602,62377,12
62603,62378,13
62604,62379,12
62605,62379,13
62606,62380,14
62607,62381,15
62608,62381,12
62609,62385,14
62610,62385,15
62611,62386,15
62612,62390,13
62613,62391,15
62614,62391,15
62615,62392,14
62616,62393,13
62617,62393,13
62618,62395,13
62619,62396,15
62620,62396,12
62621,62397,14
62622,62397,14
62623,62400,13
62624,62401,15
62625,62402,13
62626,62403,15
62627,62404,11
62628,62406,14
62629,62406,14
62630,62407,11
62631,62407,12
62632,62408,12
62633,62408,11
62634,62410,14
62635,62410,13
62636,62412,15
62637,62412,15
62638,62413,12
62639,62415,12
62640,62415,13
62641,62417,12
62642,62417,15
62643,62419,15
62644,62419,15
62645,62420,11
62646,62422,13
62647,62424,13
62648,62426,15
62649,62429,14
62650,62430,15
62651,62431,12
62652,62432,14
62653,62434,13
62654,62434,12
62655,62435,12
62656,62435,15
62657,62437,12
62658,62437,15
62659,62438,14
62660,62441,12
62661,62441,14
62662,62442,11
62663,62445,12
62664,62445,13
62665,62447,14
62666,62447,15
62667,62448,13
62668,62449,15
62669,62449,14
62670,62450,15
62671,62453,13
62672,62453,12
62673,62454,15
62674,62455,11
62675,62456,11
62676,62457,11
62677,62457,11
62678,62458,15
62679,62458,12
62680,62460,15
62681,62460,13
62682,62461,13
62683,62462,14
62684,62466,11
62685,62466,12
62686,62467,13
62687,62467,14
62688,62468,14
62689,62470,11
62690,62472,14
62691,62473,15
62692,62473,11
62693,62475,15
62694,62475,12
62695,62476,13
62696,62477,13
62697,62477,12
62698,62479,12
62699,62479,13
62700,62480,15
62701,62482,12
62702,62482,11
62703,62483,12
62704,62484,11
62705,62485,15
62706,62485,12
62707,62486,12
62708,62486,13
62709,62487,13
62710,62487,13
62711,62488,12
62712,62488,13
62713,62489,12
62714,62490,11
62715,62490,12
62716,62491,14
62717,62492,14
62718,62492,14
62719,62493,13
62720,62493,13
62721,62496,11
62722,62498,15
62723,62498,13
62724,62499,13
62725,62500,14
62726,62500,15
62727,62502,14
62728,62502,11
62729,62503,12
62730,62503,14
62731,62504,11
62732,62504,12
62733,62505,15
62734,62507,13
62735,62509,11
62736,62510,11
62737,62511,15
62738,62513,14
62739,62516,14
62740,62516,12
62741,62518,15
62742,62518,15
62743,62520,12
62744,62520,15
62745,62521,14
62746,62522,12
62747,62522,14
62748,62525,11
62749,62525,12
62750,62526,15
62751,62526,14
62752,62528,14
62753,62528,12
62754,62530,15
62755,62531,12
62756,62533,13
62757,62533,14
62758,62534,13
62759,62536,13
62760,62539,12
62761,62541,11
62762,62541,14
62763,62544,14
62764,62544,13
62765,62545,13
62766,62545,12
62767,62546,14
62768,62550,13
62769,62550,13
62770,62555,12
62771,62555,14
62772,62556,15
62773,62557,11
62774,62558,11
62775,62558,15
62776,62559,13
62777,62559,14
62778,62560,13
62779,62561,13
62780,62563,15
62781,62564,13
62782,62564,13
62783,62566,11
62784,62566,14
62785,62567,14
62786,62567,11
62787,62568,11
62788,62568,13
62789,62569,12
62790,62569,13
62791,62570,12
62792,62572,12
62793,62573,12
62794,62573,11
62795,62574,12
62796,62575,14
62797,62575,13
62798,62577,15
62799,62577,13
62800,62578,11
62801,62578,12
62802,62579,13
62803,62580,14
62804,62580,15
62805,62581,13
62806,62581,14
62807,62584,15
62808,62585,12
62809,62586,12
62810,62586,11
62811,62588,11
62812,62588,14
62813,62591,14
62814,62593,12
62815,62594,14
62816,62594,12
62817,62595,14
62818,62595,11
62819,62596,15
62820,62597,15
62821,62599,14
62822,62600,14
62823,62600,11
62824,62602,13
62825,62604,13
62826,62604,13
62827,62606,13
62828,62606,13
62829,62607,12
62830,62609,14
62831,62611,15
62832,62612,12
62833,62615,11
62834,62617,14
62835,62618,11
62836,62620,14
62837,62620,15
62838,62621,15
62839,62622,15
62840,62622,15
62841,62625,14
62842,62627,15
62843,62627,14
62844,62629,14
62845,62629,13
62846,62630,13
62847,62631,15
62848,62633,12
62849,62633,13
62850,62634,13
62851,62636,11
62852,62636,12
62853,62637,13
62854,62640,15
62855,62641,15
62856,62641,11
62857,62644,12
62858,62644,14
62859,62646,13
62860,62646,11
62861,62647,11
62862,62649,14
62863,62651,14
62864,62652,12
62865,62653,12
62866,62654,13
62867,62655,14
62868,62657,14
62869,62658,15
62870,62659,15
62871,62659,14
62872,62660,12
62873,62661,11
62874,62661,12
62875,62663,11
62876,62663,14
62877,62664,13
62878,62664,11
62879,62665,11
62880,62665,14
62881,62667,13
62882,62668,14
62883,62669,15
62884,62671,14
62885,62672,14
62886,62672,11
62887,62675,15
62888,62675,13
62889,62677,14
62890,62677,15
62891,62678,15
62892,62681,13
62893,62681,15
62894,62685,14
62895,62685,14
62896,62687,13
62897,62688,15
62898,62688,14
62899,62691,11
62900,62692,11
62901,62695,15
62902,62700,14
62903,62701,15
62904,62703,13
62905,62703,11
62906,62705,15
62907,62705,12
62908,62706,12
62909,62709,11
62910,62710,13
62911,62710,11
62912,62711,13
62913,62711,12
62914,62712,13
62915,62713,13
62916,62714,12
62917,62715,14
62918,62715,13
62919,62716,14
62920,62716,15
62921,62719,11
62922,62720,11
62923,62720,14
62924,62721,13
62925,62721,13
62926,62724,12
62927,62724,13
62928,62725,11
62929,62726,13
62930,62727,12
62931,62728,12
62932,62729,12
62933,62730,15
62934,62730,15
62935,62731,13
62936,62733,12
62937,62733,12
62938,62734,12
62939,62734,13
62940,62735,15
62941,62736,12
62942,62736,13
62943,62737,11
62944,62737,11
62945,62740,11
62946,62740,14
62947,62741,13
62948,62742,11
62949,62744,14
62950,62744,13
62951,62745,14
62952,62746,12
62953,62747,11
62954,62747,11
62955,62750,12
62956,62751,15
62957,62752,13
62958,62754,11
62959,62755,11
62960,62755,14
62961,62756,13
62962,62756,13
62963,62758,11
62964,62761,15
62965,62761,15
62966,62763,15
62967,62763,15
62968,62768,11
62969,62768,15
62970,62769,12
62971,62769,11
62972,62770,11
62973,62771,15
62974,62772,14
62975,62774,14
62976,62774,13
62977,62775,13
62978,62775,13
62979,62779,14
62980,62780,14
62981,62784,11
62982,62784,11
62983,62785,11
62984,62786,15
62985,62787,15
62986,62790,12
62987,62794,15
62988,62794,14
62989,62795,15
62990,62795,11
62991,62796,14
62992,62798,15
62993,62799,13
62994,62799,13
62995,62801,14
62996,62801,13
62997,62803,12
62998,62804,15
62999,62806,14
63000,62806,12
63001,62809,12
63002,62810,13
63003,62810,14
63004,62811,12
63005,62812,14
63006,62813,13
63007,62815,12
63008,62817,14
63009,62818,15
63010,62818,11
63011,62819,11
63012,62821,15
63013,62821,13
63014,62822,12
63015,62822,12
63016,62823,12
63017,62825,15
63018,62826,13
63019,62828,13
63020,62829,12
63021,62829,14
63022,62830,11
63023,62831,12
63024,62832,13
63025,62832,15
63026,62833,14
63027,62836,12
63028,62836,14
63029,62837,11
63030,62837,15
63031,62838,11
63032,62838,12
63033,62839,12
63034,62840,12
63035,62840,15
63036,62841,14
63037,62841,14
63038,62843,15
63039,62843,13
63040,62844,15
63041,62844,13
63042,62845,11
63043,62849,12
63044,62850,12
63045,62850,14
63046,62851,12
63047,62852,14
63048,62853,12
63049,62853,15
63050,62854,12
63051,62855,13
63052,62855,13
63053,62856,13
63054,62856,11
63055,62857,11
63056,62857,12
63057,62858,12
63058,62858,12
63059,62860,12
63060,62860,12
63061,62861,15
63062,62862,11
63063,62863,12
63064,62864,12
63065,62864,15
63066,62865,12
63067,62868,15
63068,62869,15
63069,62869,13
63070,62870,14
63071,62870,13
63072,62874,11
63073,62874,15
63074,62875,11
63075,62875,15
63076,62876,12
63077,62876,11
63078,62877,12
63079,62879,14
63080,62879,14
63081,62880,13
63082,62880,13
63083,62882,14
63084,62884,13
63085,62884,12
63086,62885,11
63087,62885,14
63088,62887,14
63089,62889,14
63090,62889,12
63091,62890,15
63092,62890,12
63093,62892,13
63094,62893,13
63095,62894,12
63096,62894,11
63097,62896,11
63098,62901,15
63099,62902,14
63100,62902,15
63101,62904,12
63102,62904,14
63103,62905,12
63104,62906,15
63105,62906,13
63106,62907,11
63107,62908,15
63108,62908,13
63109,62911,14
63110,62912,13
63111,62913,15
63112,62913,15
63113,62915,14
63114,62915,11
63115,62916,12
63116,62916,11
63117,62921,14
63118,62921,12
63119,62922,11
63120,62923,14
63121,62924,14
63122,62925,11
63123,62926,15
63124,62928,12
63125,62928,12
63126,62929,11
63127,62930,11
63128,62931,12
63129,62932,15
63130,62933,15
63131,62933,12
63132,62934,11
63133,62936,15
63134,62936,11
63135,62937,15
63136,62937,11
63137,62938,15
63138,62938,14
63139,62939,13
63140,62939,12
63141,62941,14
63142,62944,11
63143,62945,11
63144,62945,12
63145,62946,11
63146,62946,11
63147,62947,14
63148,62947,15
63149,62948,11
63150,62948,14
63151,62949,11
63152,62951,15
63153,62955,14
63154,62955,12
63155,62959,13
63156,62959,14
63157,62960,11
63158,62961,14
63159,62961,11
63160,62962,13
63161,62962,14
63162,62963,15
63163,62963,11
63164,62964,13
63165,62965,13
63166,62965,12
63167,62967,15
63168,62967,15
63169,62968,15
63170,62969,12
63171,62969,11
63172,62972,14
63173,62972,11
63174,62973,15
63175,62976,13
63176,62977,11
63177,62977,15
63178,62978,15
63179,62980,11
63180,62980,11
63181,62982,15
63182,62982,15
63183,62983,14
63184,62984,13
63185,62984,13
63186,62986,12
63187,62986,12
63188,62987,11
63189,62987,15
63190,62989,12
63191,62989,15
63192,62990,12
63193,62993,15
63194,62993,15
63195,62994,11
63196,62995,15
63197,62995,11
63198,63000,15
63199,63000,13
63200,63001,15
63201,63001,15
63202,63002,13
63203,63003,14
63204,63004,12
63205,63007,13
63206,63007,15
63207,63008,12
63208,63008,11
63209,63009,15
63210,63011,13
63211,63011,14
63212,63013,15
63213,63013,15
63214,63014,12
63215,63014,12
63216,63016,11
63217,63016,14
63218,63017,11
63219,63017,12
63220,63018,15
63221,63019,13
63222,63019,11
63223,63020,12
63224,63021,15
63225,63023,15
63226,63024,11
63227,63024,14
63228,63026,13
63229,63026,13
63230,63027,12
63231,63029,13
63232,63030,13
63233,63030,11
63234,63033,12
63235,63033,11
63236,63036,11
63237,63036,15
63238,63039,11
63239,63040,14
63240,63041,14
63241,63042,11
63242,63043,11
63243,63043,12
63244,63045,15
63245,63047,15
63246,63049,11
63247,63049,13
63248,63053,14
63249,63056,14
63250,63059,13
63251,63059,14
63252,63062,13
63253,63063,12
63254,63065,11
63255,63065,15
63256,63068,14
63257,63068,13
63258,63069,11
63259,63071,13
63260,63071,12
63261,63072,14
63262,63072,14
63263,63074,15
63264,63076,15
63265,63077,11
63266,63077,12
63267,63078,14
63268,63079,13
63269,63079,13
63270,63080,11
63271,63080,14
63272,63082,12
63273,63082,11
63274,63083,12
63275,63083,14
63276,63084,11
63277,63086,14
63278,63086,13
63279,63087,12
63280,63087,15
63281,63088,14
63282,63091,14
63283,63092,12
63284,63092,12
63285,63093,14
63286,63093,13
63287,63096,14
63288,63097,12
63289,63098,15
63290,63098,14
63291,63099,14
63292,63102,15
63293,63107,13
63294,63107,12
63295,63108,14
63296,63109,12
63297,63112,12
63298,63115,13
63299,63115,15
63300,63116,15
63301,63116,12
63302,63117,12
63303,63117,11
63304,63119,13
63305,63120,14
63306,63122,15
63307,63123,15
63308,63123,13
63309,63125,14
63310,63126,15
63311,63126,11
63312,63127,11
63313,63128,14
63314,63128,11
63315,63129,11
63316,63130,11
63317,63131,13
63318,63131,13
63319,63132,13
63320,63133,14
63321,63134,15
63322,63135,14
63323,63135,11
63324,63137,11
63325,63139,14
63326,63139,15
63327,63140,14
63328,63141,12
63329,63142,11
63330,63145,13
63331,63146,12
63332,63146,13
63333,63148,14
63334,63151,11
63335,63152,15
63336,63152,13
63337,63153,15
63338,63153,14
63339,63154,12
63340,63155,14
63341,63155,14
63342,63156,13
63343,63156,15
63344,63157,11
63345,63157,12
63346,63158,15
63347,63162,14
63348,63164,12
63349,63164,11
63350,63167,15
63351,63167,14
63352,63168,14
63353,63169,15
63354,63169,12
63355,63170,15
63356,63171,13
63357,63171,12
63358,63172,15
63359,63173,11
63360,63174,14
63361,63175,11
63362,63176,14
63363,63178,12
63364,63178,12
63365,63180,11
63366,63184,14
63367,63186,12
63368,63186,14
63369,63187,12
63370,63188,13
63371,63189,12
63372,63189,11
63373,63190,14
63374,63190,12
63375,63192,15
63376,63192,15
63377,63193,15
63378,63194,11
63379,63195,11
63380,63196,15
63381,63196,12
63382,63197,14
63383,63197,15
63384,63201,11
63385,63201,15
63386,63202,15
63387,63202,13
63388,63203,12
63389,63203,11
63390,63204,15
63391,63205,11
63392,63206,11
63393,63208,13
63394,63208,14
63395,63209,11
63396,63209,14
63397,63210,11
63398,63210,13
63399,63212,11
63400,63213,13
63401,63214,11
63402,63214,12
63403,63215,14
63404,63215,12
63405,63216,13
63406,63216,13
63407,63217,12
63408,63217,13
63409,63219,13
63410,63219,13
63411,63220,14
63412,63220,14
63413,63221,14
63414,63222,12
63415,63222,12
63416,63224,14
63417,63225,12
63418,63225,15
63419,63226,14
63420,63227,14
63421,63227,15
63422,63230,12
63423,63231,15
63424,63234,13
63425,63235,11
63426,63235,15
63427,63237,11
63428,63238,14
63429,63238,13
63430,63240,13
63431,63240,12
63432,63241,11
63433,63243,11
63434,63244,14
63435,63244,15
63436,63245,11
63437,63245,14
63438,63247,15
63439,63248,12
63440,63248,15
63441,63250,13
63442,63251,14
63443,63253,11
63444,63253,15
63445,63256,14
63446,63256,13
63447,63257,15
63448,63260,15
63449,63261,14
63450,63261,13
63451,63262,11
63452,63264,11
63453,63265,15
63454,63266,11
63455,63267,12
63456,63268,13
63457,63269,12
63458,63269,11
63459,63270,13
63460,63272,11
63461,63272,12
63462,63273,12
63463,63273,14
63464,63275,12
63465,63275,12
63466,63277,13
63467,63278,15
63468,63278,11
63469,63279,15
63470,63279,14
63471,63281,14
63472,63282,14
63473,63282,11
63474,63283,13
63475,63283,14
63476,63284,12
63477,63284,11
63478,63285,13
63479,63286,13
63480,63286,14
63481,63288,14
63482,63289,15
63483,63290,12
63484,63290,13
63485,63291,14
63486,63291,15
63487,63294,12
63488,63294,11
63489,63295,11
63490,63296,12
63491,63296,14
63492,63298,15
63493,63298,12
63494,63299,13
63495,63301,12
63496,63303,12
63497,63303,15
63498,63305,14
63499,63305,13
63500,63306,14
63501,63306,12
63502,63307,15
63503,63307,15
63504,63308,12
63505,63308,12
63506,63309,13
63507,63310,12
63508,63311,12
63509,63312,11
63510,63312,15
63511,63313,14
63512,63314,13
63513,63315,13
63514,63316,11
63515,63317,13
63516,63318,13
63517,63318,15
63518,63320,12
63519,63321,13
63520,63323,14
63521,63324,13
63522,63326,12
63523,63326,12
63524,63328,13
63525,63328,14
63526,63331,13
63527,63331,15
63528,63333,11
63529,63335,13
63530,63336,15
63531,63336,13
63532,63337,15
63533,63339,13
63534,63339,11
63535,63340,15
63536,63340,14
63537,63342,11
63538,63344,14
63539,63346,15
63540,63346,15
63541,63347,13
63542,63347,15
63543,63348,15
63544,63348,15
63545,63350,11
63546,63352,15
63547,63352,13
63548,63353,14
63549,63354,13
63550,63354,13
63551,63355,13
63552,63355,12
63553,63357,12
63554,63358,11
63555,63360,13
63556,63360,11
63557,63361,11
63558,63362,14
63559,63364,11
63560,63364,14
63561,63366,12
63562,63367,13
63563,63370,14
63564,63372,14
63565,63372,14
63566,63373,11
63567,63374,13
63568,63375,15
63569,63377,11
63570,63377,13
63571,63379,13
63572,63379,12
63573,63380,14
63574,63381,14
63575,63382,14
63576,63382,14
63577,63383,14
63578,63383,11
63579,63384,14
63580,63384,11
63581,63386,11
63582,63387,12
63583,63387,11
63584,63389,14
63585,63390,15
63586,63390,12
63587,63391,13
63588,63393,13
63589,63393,11
63590,63395,13
63591,63395,14
63592,63396,11
63593,63398,11
63594,63398,15
63595,63399,11
63596,63400,15
63597,63400,13
63598,63401,15
63599,63401,15
63600,63402,14
63601,63405,15
63602,63406,14
63603,63406,15
63604,63407,13
63605,63407,15
63606,63409,14
63607,63411,15
63608,63412,13
63609,63414,15
63610,63415,11
63611,63415,11
63612,63417,11
63613,63417,14
63614,63418,14
63615,63418,12
63616,63419,11
63617,63419,13
63618,63421,14
63619,63423,12
63620,63424,15
63621,63425,12
63622,63425,11
63623,63426,13
63624,63427,15
63625,63427,13
63626,63428,15
63627,63428,13
63628,63430,13
63629,63431,11
63630,63431,14
63631,63437,13
63632,63437,15
63633,63438,14
63634,63438,12
63635,63439,14
63636,63439,11
63637,63440,15
63638,63440,11
63639,63441,12
63640,63444,11
63641,63444,11
63642,63445,13
63643,63446,15
63644,63446,13
63645,63447,15
63646,63447,13
63647,63448,14
63648,63449,15
63649,63450,13
63650,63451,14
63651,63451,14
63652,63452,13
63653,63453,14
63654,63453,14
63655,63455,14
63656,63456,15
63657,63456,15
63658,63457,13
63659,63458,15
63660,63458,14
63661,63459,12
63662,63459,14
63663,63460,13
63664,63460,11
63665,63461,12
63666,63462,13
63667,63462,15
63668,63464,12
63669,63466,13
63670,63466,14
63671,63467,12
63672,63467,12
63673,63470,13
63674,63471,13
63675,63471,11
63676,63476,15
63677,63476,15
63678,63477,15
63679,63477,14
63680,63478,14
63681,63478,15
63682,63480,14
63683,63482,13
63684,63482,11
63685,63483,13
63686,63484,15
63687,63484,12
63688,63485,13
63689,63486,15
63690,63486,14
63691,63487,13
63692,63488,11
63693,63488,12
63694,63489,15
63695,63490,11
63696,63490,13
63697,63491,11
63698,63492,11
63699,63492,14
63700,63493,13
63701,63494,15
63702,63499,15
63703,63500,11
63704,63500,11
63705,63501,14
63706,63501,11
63707,63502,12
63708,63502,12
63709,63503,13
63710,63504,15
63711,63505,15
63712,63505,14
63713,63506,13
63714,63506,15
63715,63507,14
63716,63510,13
63717,63510,15
63718,63511,15
63719,63511,12
63720,63512,13
63721,63514,11
63722,63515,11
63723,63515,12
63724,63516,14
63725,63516,14
63726,63517,12
63727,63518,12
63728,63518,13
63729,63519,14
63730,63519,14
63731,63520,14
63732,63521,15
63733,63521,11
63734,63525,13
63735,63525,13
63736,63526,14
63737,63527,13
63738,63527,12
63739,63530,11
63740,63530,13
63741,63531,12
63742,63532,15
63743,63533,12
63744,63533,12
63745,63534,12
63746,63534,14
63747,63535,12
63748,63536,14
63749,63537,13
63750,63537,11
63751,63538,11
63752,63538,14
63753,63539,14
63754,63540,14
63755,63540,13
63756,63542,11
63757,63543,12
63758,63543,14
63759,63544,12
63760,63545,15
63761,63545,12
63762,63546,15
63763,63547,11
63764,63547,12
63765,63548,15
63766,63548,12
63767,63550,15
63768,63551,11
63769,63551,12
63770,63553,15
63771,63553,15
63772,63554,14
63773,63555,11
63774,63556,13
63775,63556,14
63776,63558,14
63777,63560,12
63778,63562,11
63779,63563,12
63780,63564,11
63781,63564,15
63782,63565,11
63783,63565,11
63784,63566,12
63785,63567,13
63786,63567,15
63787,63568,12
63788,63568,12
63789,63569,13
63790,63569,11
63791,63570,13
63792,63571,14
63793,63572,11
63794,63572,14
63795,63574,12
63796,63574,13
63797,63575,12
63798,63576,11
63799,63577,11
63800,63577,13
63801,63580,15
63802,63581,15
63803,63581,12
63804,63583,15
63805,63584,13
63806,63586,13
63807,63587,15
63808,63588,15
63809,63591,14
63810,63591,15
63811,63592,15
63812,63593,14
63813,63593,12
63814,63595,14
63815,63596,12
63816,63597,14
63817,63597,11
63818,63602,14
63819,63602,14
63820,63604,11
63821,63604,14
63822,63605,12
63823,63606,15
63824,63606,15
63825,63608,12
63826,63608,12
63827,63610,15
63828,63610,12
63829,63612,15
63830,63613,14
63831,63616,12
63832,63616,14
63833,63617,12
63834,63617,14
63835,63618,14
63836,63619,11
63837,63619,15
63838,63621,14
63839,63621,12
63840,63625,11
63841,63625,14
63842,63627,11
63843,63628,15
63844,63629,12
63845,63629,11
63846,63630,11
63847,63631,13
63848,63632,11
63849,63632,15
63850,63633,14
63851,63633,13
63852,63634,14
63853,63634,14
63854,63636,12
63855,63637,14
63856,63637,15
63857,63638,15
63858,63638,12
63859,63639,12
63860,63639,12
63861,63640,12
63862,63640,12
63863,63641,12
63864,63641,15
63865,63644,15
63866,63645,13
63867,63645,11
63868,63646,13
63869,63646,15
63870,63647,13
63871,63649,14
63872,63650,15
63873,63650,14
63874,63652,14
63875,63653,13
63876,63654,12
63877,63655,12
63878,63655,12
63879,63656,14
63880,63656,14
63881,63657,14
63882,63658,13
63883,63658,12
63884,63659,11
63885,63660,13
63886,63663,11
63887,63663,12
63888,63664,13
63889,63665,13
63890,63665,15
63891,63667,12
63892,63667,11
63893,63668,12
63894,63668,14
63895,63669,13
63896,63671,14
63897,63672,12
63898,63672,12
63899,63673,13
63900,63675,12
63901,63676,15
63902,63676,15
63903,63678,12
63904,63679,14
63905,63680,12
63906,63680,13
63907,63681,11
63908,63682,14
63909,63683,11
63910,63684,15
63911,63685,14
63912,63685,11
63913,63687,15
63914,63688,13
63915,63689,15
63916,63689,12
63917,63691,12
63918,63694,14
63919,63694,14
63920,63696,15
63921,63698,12
63922,63698,12
63923,63699,13
63924,63699,14
63925,63702,12
63926,63703,11
63927,63703,12
63928,63704,15
63929,63707,11
63930,63708,13
63931,63708,12
63932,63709,13
63933,63711,15
63934,63711,15
63935,63712,13
63936,63712,15
63937,63715,12
63938,63716,11
63939,63716,12
63940,63718,14
63941,63718,15
63942,63719,12
63943,63719,13
63944,63726,12
63945,63727,14
63946,63728,11
63947,63728,12
63948,63729,13
63949,63729,14
63950,63730,12
63951,63732,11
63952,63732,15
63953,63733,11
63954,63734,13
63955,63734,13
63956,63738,12
63957,63740,12
63958,63741,12
63959,63741,11
63960,63742,15
63961,63743,15
63962,63744,15
63963,63744,13
63964,63745,11
63965,63747,15
63966,63748,15
63967,63749,11
63968,63749,13
63969,63751,11
63970,63751,12
63971,63753,11
63972,63757,13
63973,63757,14
63974,63758,13
63975,63759,15
63976,63759,11
63977,63763,11
63978,63763,15
63979,63766,15
63980,63767,14
63981,63768,14
63982,63768,11
63983,63769,12
63984,63769,11
63985,63771,13
63986,63771,13
63987,63775,15
63988,63776,11
63989,63777,15
63990,63778,14
63991,63778,14
63992,63779,15
63993,63779,14
63994,63781,11
63995,63783,12
63996,63783,11
63997,63784,11
63998,63784,14
63999,63785,14
64000,63786,11
64001,63787,14
64002,63789,13
64003,63789,11
64004,63792,13
64005,63792,12
64006,63795,11
64007,63796,11
64008,63797,13
64009,63798,12
64010,63800,11
64011,63802,11
64012,63802,12
64013,63803,13
64014,63803,15
64015,63804,13
64016,63805,14
64017,63805,11
64018,63807,13
64019,63809,15
64020,63810,15
64021,63810,13
64022,63815,15
64023,63815,15
64024,63816,15
64025,63816,11
64026,63817,11
64027,63817,15
64028,63822,12
64029,63823,15
64030,63824,15
64031,63824,13
64032,63825,12
64033,63825,15
64034,63826,11
64035,63827,14
64036,63827,12
64037,63828,14
64038,63828,15
64039,63829,14
64040,63829,13
64041,63830,12
64042,63830,11
64043,63831,12
64044,63832,14
64045,63832,12
64046,63840,14
64047,63843,11
64048,63843,13
64049,63844,12
64050,63845,13
64051,63846,15
64052,63847,15
64053,63847,13
64054,63848,14
64055,63849,14
64056,63849,14
64057,63850,13
64058,63850,11
64059,63852,14
64060,63854,14
64061,63855,13
64062,63856,15
64063,63856,13
64064,63858,11
64065,63858,14
64066,63859,15
64067,63860,14
64068,63860,13
64069,63862,12
64070,63864,13
64071,63865,11
64072,63867,11
64073,63868,13
64074,63869,13
64075,63871,11
64076,63871,13
64077,63872,11
64078,63872,11
64079,63873,14
64080,63873,11
64081,63874,12
64082,63874,13
64083,63875,15
64084,63876,15
64085,63877,15
64086,63878,12
64087,63880,14
64088,63880,13
64089,63882,11
64090,63883,12
64091,63884,15
64092,63884,15
64093,63885,15
64094,63886,11
64095,63886,14
64096,63889,13
64097,63889,11
64098,63891,11
64099,63892,12
64100,63892,12
64101,63893,13
64102,63893,12
64103,63896,11
64104,63897,12
64105,63897,12
64106,63898,14
64107,63898,11
64108,63899,12
64109,63900,12
64110,63901,14
64111,63902,11
64112,63902,12
64113,63903,11
64114,63903,12
64115,63904,14
64116,63904,12
64117,63905,11
64118,63906,12
64119,63906,11
64120,63907,12
64121,63910,14
64122,63912,14
64123,63912,13
64124,63914,12
64125,63915,13
64126,63915,13
64127,63916,11
64128,63917,15
64129,63918,11
64130,63918,15
64131,63920,15
64132,63920,13
64133,63922,13
64134,63923,12
64135,63927,14
64136,63927,11
64137,63928,15
64138,63928,12
64139,63929,14
64140,63929,14
64141,63931,14
64142,63933,13
64143,63934,12
64144,63936,11
64145,63938,13
64146,63938,15
64147,63939,14
64148,63939,12
64149,63941,15
64150,63941,12
64151,63942,12
64152,63942,11
64153,63943,13
64154,63944,11
64155,63948,11
64156,63948,12
64157,63949,15
64158,63950,14
64159,63951,12
64160,63952,15
64161,63952,12
64162,63954,14
64163,63955,11
64164,63955,14
64165,63956,15
64166,63957,15
64167,63958,13
64168,63963,14
64169,63964,14
64170,63964,13
64171,63965,11
64172,63965,15
64173,63966,14
64174,63966,13
64175,63968,12
64176,63969,11
64177,63970,15
64178,63972,12
64179,63973,13
64180,63974,12
64181,63974,13
64182,63975,14
64183,63976,14
64184,63976,12
64185,63977,11
64186,63978,14
64187,63979,14
64188,63979,11
64189,63980,13
64190,63981,15
64191,63981,14
64192,63982,12
64193,63982,12
64194,63985,11
64195,63985,11
64196,63986,14
64197,63986,11
64198,63987,15
64199,63988,13
64200,63988,15
64201,63989,13
64202,63989,13
64203,63990,11
64204,63990,14
64205,63991,11
64206,63992,12
64207,63993,11
64208,63994,14
64209,63994,11
64210,63997,11
64211,63997,14
64212,63999,15
64213,64000,13
64214,64001,14
64215,64001,13
64216,64002,11
64217,64003,14
64218,64005,12
64219,64005,12
64220,64007,14
64221,64009,11
64222,64010,12
64223,64011,12
64224,64013,14
64225,64014,12
64226,64019,11
64227,64020,11
64228,64020,11
64229,64021,13
64230,64021,13
64231,64022,14
64232,64023,15
64233,64023,14
64234,64026,12
64235,64028,12
64236,64029,14
64237,64029,15
64238,64033,14
64239,64033,15
64240,64035,12
64241,64035,12
64242,64037,13
64243,64038,15
64244,64039,13
64245,64041,11
64246,64041,14
64247,64042,15
64248,64043,13
64249,64044,12
64250,64045,15
64251,64046,12
64252,64046,13
64253,64049,11
64254,64051,11
64255,64051,11
64256,64054,14
64257,64058,12
64258,64058,12
64259,64060,14
64260,64062,11
64261,64063,13
64262,64064,12
64263,64064,13
64264,64067,11
64265,64067,14
64266,64068,13
64267,64068,15
64268,64069,13
64269,64070,14
64270,64073,11
64271,64073,13
64272,64075,13
64273,64076,14
64274,64076,12
64275,64077,13
64276,64078,11
64277,64078,13
64278,64079,14
64279,64081,14
64280,64082,11
64281,64082,11
64282,64083,13
64283,64085,15
64284,64086,11
64285,64086,13
64286,64087,15
64287,64087,15
64288,64088,12
64289,64089,13
64290,64092,14
64291,64093,13
64292,64093,12
64293,64094,13
64294,64094,11
64295,64095,14
64296,64095,12
64297,64097,14
64298,64097,11
64299,64098,12
64300,64099,13
64301,64100,12
64302,64100,15
64303,64102,15
64304,64102,11
64305,64103,15
64306,64103,14
64307,64104,15
64308,64104,14
64309,64105,14
64310,64105,14
64311,64107,14
64312,64107,13
64313,64109,11
64314,64109,15
64315,64110,15
64316,64113,14
64317,64114,12
64318,64115,15
64319,64115,13
64320,64116,11
64321,64117,12
64322,64118,11
64323,64119,11
64324,64119,11
64325,64120,15
64326,64121,14
64327,64122,13
64328,64122,11
64329,64123,15
64330,64123,12
64331,64124,14
64332,64126,13
64333,64127,15
64334,64127,11
64335,64128,11
64336,64128,11
64337,64129,14
64338,64129,12
64339,64130,12
64340,64130,13
64341,64131,14
64342,64131,13
64343,64134,15
64344,64135,15
64345,64135,12
64346,64136,12
64347,64136,13
64348,64137,15
64349,64137,12
64350,64138,11
64351,64138,11
64352,64140,14
64353,64140,11
64354,64141,14
64355,64142,12
64356,64142,15
64357,64143,13
64358,64145,12
64359,64145,12
64360,64146,12
64361,64146,15
64362,64147,15
64363,64148,11
64364,64148,13
64365,64150,15
64366,64151,15
64367,64152,12
64368,64153,11
64369,64154,12
64370,64154,15
64371,64155,12
64372,64155,14
64373,64156,15
64374,64158,15
64375,64159,12
64376,64159,14
64377,64160,14
64378,64161,15
64379,64161,12
64380,64163,14
64381,64164,11
64382,64164,14
64383,64166,13
64384,64166,12
64385,64167,13
64386,64168,15
64387,64169,14
64388,64170,11
64389,64171,13
64390,64171,12
64391,64172,12
64392,64173,13
64393,64173,15
64394,64174,13
64395,64175,14
64396,64175,12
64397,64176,13
64398,64177,11
64399,64177,15
64400,64179,13
64401,64179,12
64402,64180,12
64403,64181,11
64404,64181,11
64405,64183,12
64406,64183,12
64407,64184,15
64408,64186,15
64409,64188,12
64410,64189,12
64411,64189,12
64412,64190,15
64413,64190,12
64414,64191,14
64415,64192,13
64416,64192,11
64417,64193,15
64418,64194,13
64419,64194,13
64420,64199,14
64421,64199,11
64422,64202,14
64423,64203,11
64424,64203,13
64425,64204,11
64426,64204,15
64427,64205,13
64428,64206,13
64429,64208,12
64430,64208,13
64431,64210,15
64432,64210,13
64433,64211,15
64434,64214,12
64435,64214,12
64436,64215,14
64437,64216,14
64438,64216,15
64439,64218,11
64440,64221,12
64441,64222,13
64442,64222,15
64443,64223,11
64444,64223,11
64445,64224,14
64446,64224,14
64447,64225,14
64448,64226,12
64449,64226,15
64450,64227,13
64451,64228,14
64452,64230,15
64453,64230,12
64454,64231,13
64455,64231,12
64456,64232,14
64457,64232,13
64458,64233,11
64459,64233,14
64460,64234,13
64461,64234,13
64462,64235,11
64463,64237,14
64464,64237,15
64465,64239,15
64466,64239,11
64467,64242,12
64468,64243,11
64469,64244,14
64470,64244,11
64471,64246,15
64472,64247,14
64473,64247,15
64474,64248,13
64475,64250,15
64476,64250,11
64477,64251,14
64478,64251,15
64479,64252,15
64480,64252,11
64481,64253,14
64482,64254,13
64483,64254,13
64484,64255,12
64485,64255,13
64486,64258,13
64487,64259,13
64488,64259,15
64489,64261,13
64490,64261,13
64491,64264,15
64492,64265,12
64493,64265,14
64494,64266,11
64495,64266,12
64496,64268,13
64497,64270,15
64498,64270,12
64499,64272,13
64500,64273,12
64501,64273,14
64502,64274,15
64503,64275,12
64504,64276,12
64505,64277,15
64506,64277,15
64507,64279,15
64508,64279,12
64509,64280,13
64510,64281,15
64511,64284,12
64512,64284,14
64513,64285,14
64514,64286,14
64515,64287,15
64516,64287,14
64517,64290,14
64518,64290,12
64519,64293,14
64520,64294,14
64521,64294,14
64522,64295,13
64523,64295,11
64524,64296,12
64525,64297,15
64526,64297,11
64527,64299,11
64528,64301,13
64529,64301,14
64530,64302,11
64531,64302,12
64532,64305,13
64533,64305,15
64534,64308,15
64535,64308,12
64536,64309,12
64537,64310,13
64538,64310,15
64539,64311,12
64540,64311,12
64541,64312,13
64542,64312,12
64543,64314,12
64544,64315,13
64545,64315,14
64546,64316,12
64547,64318,13
64548,64319,13
64549,64321,12
64550,64321,13
64551,64322,11
64552,64325,15
64553,64325,15
64554,64326,11
64555,64328,15
64556,64328,13
64557,64330,13
64558,64330,15
64559,64331,11
64560,64331,12
64561,64333,11
64562,64333,11
64563,64334,15
64564,64334,15
64565,64335,13
64566,64336,15
64567,64336,11
64568,64337,11
64569,64337,12
64570,64340,13
64571,64340,15
64572,64343,13
64573,64343,11
64574,64344,15
64575,64345,15
64576,64345,13
64577,64347,14
64578,64349,13
64579,64350,15
64580,64350,13
64581,64351,13
64582,64353,13
64583,64353,11
64584,64354,13
64585,64355,15
64586,64356,12
64587,64358,12
64588,64358,14
64589,64359,14
64590,64360,14
64591,64361,14
64592,64362,14
64593,64364,14
64594,64364,14
64595,64366,11
64596,64366,14
64597,64368,15
64598,64368,13
64599,64373,13
64600,64374,14
64601,64376,11
64602,64377,11
64603,64377,14
64604,64379,12
64605,64380,15
64606,64381,12
64607,64383,13
64608,64384,13
64609,64384,15
64610,64385,11
64611,64385,11
64612,64386,15
64613,64386,11
64614,64387,12
64615,64388,13
64616,64388,11
64617,64389,13
64618,64390,13
64619,64391,11
64620,64391,11
64621,64393,11
64622,64393,12
64623,64395,11
64624,64395,13
64625,64396,12
64626,64396,13
64627,64397,11
64628,64400,15
64629,64400,11
64630,64401,12
64631,64402,14
64632,64405,12
64633,64405,15
64634,64406,13
64635,64409,13
64636,64409,15
64637,64410,12
64638,64411,13
64639,64412,14
64640,64412,12
64641,64413,11
64642,64414,15
64643,64414,11
64644,64415,13
64645,64416,12
64646,64417,11
64647,64418,15
64648,64419,15
64649,64420,11
64650,64420,13
64651,64423,12
64652,64426,13
64653,64429,14
64654,64429,13
64655,64432,13
64656,64432,12
64657,64433,13
64658,64433,13
64659,64434,12
64660,64434,14
64661,64435,11
64662,64435,12
64663,64436,12
64664,64436,12
64665,64437,14
64666,64438,13
64667,64440,14
64668,64441,11
64669,64441,11
64670,64443,14
64671,64443,13
64672,64445,12
64673,64445,11
64674,64446,14
64675,64446,13
64676,64447,13
64677,64449,14
64678,64449,12
64679,64451,15
64680,64452,14
64681,64453,11
64682,64453,13
64683,64454,14
64684,64455,14
64685,64455,14
64686,64456,14
64687,64456,11
64688,64457,11
64689,64457,14
64690,64458,12
64691,64459,14
64692,64459,15
64693,64460,15
64694,64463,13
64695,64464,13
64696,64464,13
64697,64465,12
64698,64466,14
64699,64466,14
64700,64467,11
64701,64467,11
64702,64468,14
64703,64468,12
64704,64469,12
64705,64471,15
64706,64471,11
64707,64473,11
64708,64474,15
64709,64477,14
64710,64478,11
64711,64478,11
64712,64480,11
64713,64481,14
64714,64481,12
64715,64482,14
64716,64483,11
64717,64484,11
64718,64484,11
64719,64485,15
64720,64485,14
64721,64486,12
64722,64486,12
64723,64487,14
64724,64487,15
64725,64488,14
64726,64489,14
64727,64489,14
64728,64490,11
64729,64491,15
64730,64491,15
64731,64496,12
64732,64496,15
64733,64498,12
64734,64498,11
64735,64499,11
64736,64499,12
64737,64500,14
64738,64502,14
64739,64503,13
64740,64503,11
64741,64504,11
64742,64504,14
64743,64505,11
64744,64508,14
64745,64509,12
64746,64509,15
64747,64510,11
64748,64510,11
64749,64512,15
64750,64512,11
64751,64516,15
64752,64516,14
64753,64518,11
64754,64520,14
64755,64520,11
64756,64522,13
64757,64523,14
64758,64524,12
64759,64525,11
64760,64525,13
64761,64529,15
64762,64529,11
64763,64530,13
64764,64530,12
64765,64531,13
64766,64531,15
64767,64533,13
64768,64533,13
64769,64534,14
64770,64534,11
64771,64536,15
64772,64542,12
64773,64542,13
64774,64544,14
64775,64544,14
64776,64545,15
64777,64545,13
64778,64546,11
64779,64547,15
64780,64547,11
64781,64550,12
64782,64550,12
64783,64553,12
64784,64553,15
64785,64554,13
64786,64554,11
64787,64555,15
64788,64555,13
64789,64556,12
64790,64556,13
64791,64557,11
64792,64558,14
64793,64559,12
64794,64559,11
64795,64560,15
64796,64560,14
64797,64563,14
64798,64563,15
64799,64564,12
64800,64565,14
64801,64566,12
64802,64567,12
64803,64568,14
64804,64571,13
64805,64571,12
64806,64572,12
64807,64575,14
64808,64575,14
64809,64576,13
64810,64576,12
64811,64577,12
64812,64578,12
64813,64578,14
64814,64580,13
64815,64581,15
64816,64581,12
64817,64583,12
64818,64584,15
64819,64585,13
64820,64585,15
64821,64587,15
64822,64589,11
64823,64589,15
64824,64591,13
64825,64592,15
64826,64593,11
64827,64594,14
64828,64594,15
64829,64597,11
64830,64598,14
64831,64599,15
64832,64599,14
64833,64601,11
64834,64602,11
64835,64602,12
64836,64603,11
64837,64605,15
64838,64606,13
64839,64607,13
64840,64608,12
64841,64608,15
64842,64609,13
64843,64610,15
64844,64610,14
64845,64613,11
64846,64614,14
64847,64614,11
64848,64615,12
64849,64615,12
64850,64616,15
64851,64616,13
64852,64617,13
64853,64617,14
64854,64618,13
64855,64619,14
64856,64619,14
64857,64621,12
64858,64622,13
64859,64623,11
64860,64625,12
64861,64626,13
64862,64626,13
64863,64627,13
64864,64628,13
64865,64628,15
64866,64629,13
64867,64629,12
64868,64630,11
64869,64631,12
64870,64631,13
64871,64633,11
64872,64633,12
64873,64634,12
64874,64634,15
64875,64635,12
64876,64635,11
64877,64637,12
64878,64638,15
64879,64640,15
64880,64640,11
64881,64642,12
64882,64646,13
64883,64646,13
64884,64647,13
64885,64648,11
64886,64648,14
64887,64651,12
64888,64651,15
64889,64653,14
64890,64654,11
64891,64655,12
64892,64656,13
64893,64656,15
64894,64657,13
64895,64658,15
64896,64660,13
64897,64663,12
64898,64663,14
64899,64664,11
64900,64664,14
64901,64665,14
64902,64665,12
64903,64666,14
64904,64667,11
64905,64667,13
64906,64669,14
64907,64669,13
64908,64670,15
64909,64670,11
64910,64671,11
64911,64671,15
64912,64672,13
64913,64674,13
64914,64674,13
64915,64676,11
64916,64676,14
64917,64677,15
64918,64677,15
64919,64680,11
64920,64681,11
64921,64681,13
64922,64682,14
64923,64682,15
64924,64683,11
64925,64686,12
64926,64687,13
64927,64687,15
64928,64689,14
64929,64690,12
64930,64690,14
64931,64692,14
64932,64693,12
64933,64694,14
64934,64694,11
64935,64695,11
64936,64696,12
64937,64696,14
64938,64697,14
64939,64697,12
64940,64698,12
64941,64698,15
64942,64701,14
64943,64701,15
64944,64702,14
64945,64702,14
64946,64703,15
64947,64707,14
64948,64708,11
64949,64709,15
64950,64710,13
64951,64710,15
64952,64711,15
64953,64712,11
64954,64713,14
64955,64714,12
64956,64714,13
64957,64716,12
64958,64716,14
64959,64718,12
64960,64719,12
64961,64719,14
64962,64720,15
64963,64721,13
64964,64721,13
64965,64722,14
64966,64722,12
64967,64724,14
64968,64725,11
64969,64725,12
64970,64727,15
64971,64727,15
64972,64728,14
64973,64730,15
64974,64730,12
64975,64732,11
64976,64733,11
64977,64733,11
64978,64735,15
64979,64736,11
64980,64736,14
64981,64739,15
64982,64740,13
64983,64742,13
64984,64743,13
64985,64744,11
64986,64744,14
64987,64748,12
64988,64748,11
64989,64749,13
64990,64751,11
64991,64752,11
64992,64753,15
64993,64754,13
64994,64755,14
64995,64755,13
64996,64757,14
64997,64757,13
64998,64759,13
64999,64759,15
65000,64760,12
65001,64764,13
65002,64764,13
65003,64765,14
65004,64765,11
65005,64766,15
65006,64767,11
65007,64770,14
65008,64770,14
65009,64771,11
65010,64772,12
65011,64773,15
65012,64773,11
65013,64777,11
65014,64777,11
65015,64778,15
65016,64778,14
65017,64779,12
65018,64779,12
65019,64781,15
65020,64782,13
65021,64783,13
65022,64783,13
65023,64784,11
65024,64784,12
65025,64785,13
65026,64786,14
65027,64787,14
65028,64787,13
65029,64788,12
65030,64788,12
65031,64789,13
65032,64789,14
65033,64790,11
65034,64791,12
65035,64791,13
65036,64792,14
65037,64793,11
65038,64793,13
65039,64795,13
65040,64795,15
65041,64796,12
65042,64796,12
65043,64797,15
65044,64797,15
65045,64798,12
65046,64799,15
65047,64799,13
65048,64800,15
65049,64800,13
65050,64802,11
65051,64802,13
65052,64803,11
65053,64804,14
65054,64804,12
65055,64805,12
65056,64805,11
65057,64808,14
65058,64808,15
65059,64809,14
65060,64812,15
65061,64812,11
65062,64815,15
65063,64816,12
65064,64817,12
65065,64817,15
65066,64818,15
65067,64818,15
65068,64820,15
65069,64821,15
65070,64821,15
65071,64822,14
65072,64823,13
65073,64825,15
65074,64826,12
65075,64826,15
65076,64827,13
65077,64827,13
65078,64828,15
65079,64829,14
65080,64834,11
65081,64835,12
65082,64836,15
65083,64836,15
65084,64838,14
65085,64839,12
65086,64841,13
65087,64842,15
65088,64842,15
65089,64844,14
65090,64845,12
65091,64845,12
65092,64847,15
65093,64847,14
65094,64849,13
65095,64849,15
65096,64850,11
65097,64850,13
65098,64852,15
65099,64853,11
65100,64853,14
65101,64857,14
65102,64858,12
65103,64858,14
65104,64859,14
65105,64859,12
65106,64860,15
65107,64860,13
65108,64862,15
65109,64862,12
65110,64863,15
65111,64863,15
65112,64865,11
65113,64865,12
65114,64866,15
65115,64866,13
65116,64868,13
65117,64870,14
65118,64870,11
65119,64871,15
65120,64871,14
65121,64872,12
65122,64873,15
65123,64873,14
65124,64874,14
65125,64875,13
65126,64875,13
65127,64877,14
65128,64877,15
65129,64879,14
65130,64880,15
65131,64883,12
65132,64883,12
65133,64884,11
65134,64884,15
65135,64888,11
65136,64888,12
65137,64889,15
65138,64889,15
65139,64890,13
65140,64892,14
65141,64893,11
65142,64893,11
65143,64895,15
65144,64895,13
65145,64896,11
65146,64900,12
65147,64900,14
65148,64901,14
65149,64901,14
65150,64903,15
65151,64903,12
65152,64904,15
65153,64904,11
65154,64905,11
65155,64906,15
65156,64906,11
65157,64907,14
65158,64908,12
65159,64909,15
65160,64910,12
65161,64910,11
65162,64911,15
65163,64912,11
65164,64912,12
65165,64913,12
65166,64913,12
65167,64914,13
65168,64914,15
65169,64916,11
65170,64917,15
65171,64918,12
65172,64919,11
65173,64919,13
65174,64920,14
65175,64920,14
65176,64921,15
65177,64922,11
65178,64923,15
65179,64924,11
65180,64924,14
65181,64925,13
65182,64925,12
65183,64926,14
65184,64928,15
65185,64929,11
65186,64930,12
65187,64931,11
65188,64931,15
65189,64932,12
65190,64933,11
65191,64934,14
65192,64934,15
65193,64935,11
65194,64935,12
65195,64936,15
65196,64936,15
65197,64937,15
65198,64938,12
65199,64939,15
65200,64939,11
65201,64941,15
65202,64941,13
65203,64942,12
65204,64943,14
65205,64943,13
65206,64944,14
65207,64944,13
65208,64945,14
65209,64945,14
65210,64946,12
65211,64946,15
65212,64947,12
65213,64947,12
65214,64950,11
65215,64950,12
65216,64952,15
65217,64952,13
65218,64954,14
65219,64955,13
65220,64955,14
65221,64956,11
65222,64957,15
65223,64958,12
65224,64958,14
65225,64960,12
65226,64962,11
65227,64962,12
65228,64964,12
65229,64964,15
65230,64965,13
65231,64965,13
65232,64966,12
65233,64967,14
65234,64968,12
65235,64970,13
65236,64972,11
65237,64972,14
65238,64973,12
65239,64973,14
65240,64975,15
65241,64975,12
65242,64976,15
65243,64978,12
65244,64978,13
65245,64980,11
65246,64981,11
65247,64982,14
65248,64982,14
65249,64985,14
65250,64986,11
65251,64986,11
65252,64987,13
65253,64987,13
65254,64988,13
65255,64990,14
65256,64991,11
65257,64991,13
65258,64993,15
65259,64994,14
65260,64994,13
65261,64995,15
65262,64996,15
65263,64996,11
65264,64997,12
65265,64997,12
65266,64999,13
65267,65001,13
65268,65001,11
65269,65006,15
65270,65006,14
65271,65008,12
65272,65009,12
65273,65010,13
65274,65010,11
65275,65011,11
65276,65011,13
65277,65014,11
65278,65015,12
65279,65017,15
65280,65018,11
65281,65018,15
65282,65019,14
65283,65019,12
65284,65021,13
65285,65021,14
65286,65022,14
65287,65023,11
65288,65024,11
65289,65025,15
65290,65027,15
65291,65027,12
65292,65028,11
65293,65028,13
65294,65031,11
65295,65031,12
65296,65032,13
65297,65033,13
65298,65033,15
65299,65037,15
65300,65038,12
65301,65039,11
65302,65040,15
65303,65040,15
65304,65042,15
65305,65044,15
65306,65045,15
65307,65046,15
65308,65046,14
65309,65047,11
65310,65047,14
65311,65052,13
65312,65052,14
65313,65053,14
65314,65053,15
65315,65055,12
65316,65055,14
65317,65056,15
65318,65057,14
65319,65059,12
65320,65059,11
65321,65060,13
65322,65060,12
65323,65061,12
65324,65061,14
65325,65062,11
65326,65063,15
65327,65065,11
65328,65065,11
65329,65066,15
65330,65067,14
65331,65070,15
65332,65071,14
65333,65072,15
65334,65075,15
65335,65075,13
65336,65076,14
65337,65076,15
65338,65077,14
65339,65078,13
65340,65078,11
65341,65079,14
65342,65081,14
65343,65081,15
65344,65082,15
65345,65083,15
65346,65083,14
65347,65084,13
65348,65085,12
65349,65085,11
65350,65086,12
65351,65089,13
65352,65090,14
65353,65090,15
65354,65091,14
65355,65093,15
65356,65093,15
65357,65094,11
65358,65095,13
65359,65095,12
65360,65097,14
65361,65097,12
65362,65098,12
65363,65098,13
65364,65099,13
65365,65100,13
65366,65100,15
65367,65101,13
65368,65102,12
65369,65102,14
65370,65103,11
65371,65104,15
65372,65105,12
65373,65106,13
65374,65108,12
65375,65108,15
65376,65111,14
65377,65112,12
65378,65114,15
65379,65115,13
65380,65115,11
65381,65117,15
65382,65118,14
65383,65119,13
65384,65120,12
65385,65121,11
65386,65122,15
65387,65128,13
65388,65130,11
65389,65130,11
65390,65132,12
65391,65132,15
65392,65133,15
65393,65133,11
65394,65135,13
65395,65136,15
65396,65138,13
65397,65139,12
65398,65139,12
65399,65140,13
65400,65140,11
65401,65141,11
65402,65141,13
65403,65145,13
65404,65145,12
65405,65146,14
65406,65146,11
65407,65147,15
65408,65148,14
65409,65149,11
65410,65149,12
65411,65151,11
65412,65152,14
65413,65152,13
65414,65154,13
65415,65154,12
65416,65155,14
65417,65155,13
65418,65156,13
65419,65158,12
65420,65158,12
65421,65159,12
65422,65160,13
65423,65162,12
65424,65163,15
65425,65165,13
65426,65165,11
65427,65166,11
65428,65167,12
65429,65168,13
65430,65169,11
65431,65169,14
65432,65171,11
65433,65171,15
65434,65175,12
65435,65176,15
65436,65177,15
65437,65179,11
65438,65179,13
65439,65181,11
65440,65184,11
65441,65186,11
65442,65186,15
65443,65191,14
65444,65192,14
65445,65192,11
65446,65193,12
65447,65194,13
65448,65194,11
65449,65195,11
65450,65195,15
65451,65198,15
65452,65199,15
65453,65199,14
65454,65200,12
65455,65201,15
65456,65202,14
65457,65204,14
65458,65205,13
65459,65205,11
65460,65206,11
65461,65206,15
65462,65207,12
65463,65208,15
65464,65210,12
65465,65211,14
65466,65212,13
65467,65212,14
65468,65214,12
65469,65214,12
65470,65215,11
65471,65216,15
65472,65218,11
65473,65219,11
65474,65220,15
65475,65220,14
65476,65221,14
65477,65223,14
65478,65225,15
65479,65225,13
65480,65227,11
65481,65230,14
65482,65231,11
65483,65233,13
65484,65233,13
65485,65235,14
65486,65235,11
65487,65236,13
65488,65237,12
65489,65237,15
65490,65238,14
65491,65239,11
65492,65240,12
65493,65240,15
65494,65242,11
65495,65242,11
65496,65243,14
65497,65243,13
65498,65245,11
65499,65245,13
65500,65246,12
65501,65247,15
65502,65247,11
65503,65249,14
65504,65249,14
65505,65250,11
65506,65254,14
65507,65254,14
65508,65255,14
65509,65256,12
65510,65256,11
65511,65257,14
65512,65259,12
65513,65260,14
65514,65261,12
65515,65261,11
65516,65262,13
65517,65262,11
65518,65263,13
65519,65266,12
65520,65268,12
65521,65269,14
65522,65269,14
65523,65271,11
65524,65271,13
65525,65272,13
65526,65274,15
65527,65274,15
65528,65275,14
65529,65277,11
65530,65277,12
65531,65280,13
65532,65280,11
65533,65281,15
65534,65282,15
65535,65284,14
65536,65285,13
65537,65285,14
65538,65286,12
65539,65286,14
65540,65287,11
65541,65288,14
65542,65289,13
65543,65291,13
65544,65291,13
65545,65292,12
65546,65293,14
65547,65293,15
65548,65294,12
65549,65294,13
65550,65295,15
65551,65295,13
65552,65299,13
65553,65299,14
65554,65300,12
65555,65301,12
65556,65301,13
65557,65302,12
65558,65302,13
65559,65304,11
65560,65304,14
65561,65305,12
65562,65306,13
65563,65307,11
65564,65309,11
65565,65311,15
65566,65311,12
65567,65312,12
65568,65312,12
65569,65313,15
65570,65313,14
65571,65314,15
65572,65314,14
65573,65317,14
65574,65318,12
65575,65318,12
65576,65319,12
65577,65319,14
65578,65320,12
65579,65321,11
65580,65321,11
65581,65326,11
65582,65327,14
65583,65327,15
65584,65328,15
65585,65328,13
65586,65329,15
65587,65329,15
65588,65330,13
65589,65331,11
65590,65331,12
65591,65332,12
65592,65332,12
65593,65334,11
65594,65335,11
65595,65335,12
65596,65336,11
65597,65336,15
65598,65338,11
65599,65338,13
65600,65339,13
65601,65341,14
65602,65341,12
65603,65342,12
65604,65342,14
65605,65343,11
65606,65346,14
65607,65347,13
65608,65348,11
65609,65350,12
65610,65350,15
65611,65352,11
65612,65352,14
65613,65354,11
65614,65355,12
65615,65356,15
65616,65359,13
65617,65359,12
65618,65360,11
65619,65360,14
65620,65363,11
65621,65363,13
65622,65364,15
65623,65365,13
65624,65366,14
65625,65367,12
65626,65367,11
65627,65368,12
65628,65370,13
65629,65371,11
65630,65371,12
65631,65372,11
65632,65372,12
65633,65373,11
65634,65373,11
65635,65374,12
65636,65375,12
65637,65375,12
65638,65377,11
65639,65377,12
65640,65378,13
65641,65380,15
65642,65381,14
65643,65382,15
65644,65383,12
65645,65384,12
65646,65384,15
65647,65385,13
65648,65387,15
65649,65388,12
65650,65389,13
65651,65391,13
65652,65392,14
65653,65395,11
65654,65395,12
65655,65397,15
65656,65397,12
65657,65398,12
65658,65398,13
65659,65399,11
65660,65400,14
65661,65401,13
65662,65401,14
65663,65403,14
65664,65403,15
65665,65405,13
65666,65406,15
65667,65406,13
65668,65408,12
65669,65408,12
65670,65410,13
65671,65410,13
65672,65411,14
65673,65412,14
65674,65414,13
65675,65415,15
65676,65416,15
65677,65416,11
65678,65417,12
65679,65419,14
65680,65420,11
65681,65420,11
65682,65421,13
65683,65422,13
65684,65422,11
65685,65423,14
65686,65423,14
65687,65425,15
65688,65426,14
65689,65426,11
65690,65428,14
65691,65429,12
65692,65429,12
65693,65430,14
65694,65430,11
65695,65432,15
65696,65432,15
65697,65435,11
65698,65435,14
65699,65436,12
65700,65436,15
65701,65437,14
65702,65438,13
65703,65440,11
65704,65440,13
65705,65441,12
65706,65442,11
65707,65442,11
65708,65443,14
65709,65445,15
65710,65445,11
65711,65450,12
65712,65452,14
65713,65453,12
65714,65453,11
65715,65454,12
65716,65455,11
65717,65457,13
65718,65459,14
65719,65461,12
65720,65461,15
65721,65462,13
65722,65462,13
65723,65464,12
65724,65465,13
65725,65465,11
65726,65467,11
65727,65467,14
65728,65468,11
65729,65469,13
65730,65469,14
65731,65470,14
65732,65470,14
65733,65471,14
65734,65477,11
65735,65477,14
65736,65478,11
65737,65478,15
65738,65481,14
65739,65483,11
65740,65489,12
65741,65489,13
65742,65490,11
65743,65490,14
65744,65491,12
65745,65492,13
65746,65493,13
65747,65493,11
65748,65496,14
65749,65496,14
65750,65497,11
65751,65497,13
65752,65499,15
65753,65499,14
65754,65500,15
65755,65500,14
65756,65501,12
65757,65501,14
65758,65502,11
65759,65503,11
65760,65503,11
65761,65504,14
65762,65504,13
65763,65505,14
65764,65506,15
65765,65506,13
65766,65507,14
65767,65508,14
65768,65509,15
65769,65509,15
65770,65510,15
65771,65510,15
65772,65511,13
65773,65512,14
65774,65512,13
65775,65513,14
65776,65513,15
65777,65514,13
65778,65514,12
65779,65515,14
65780,65516,12
65781,65516,14
65782,65518,15
65783,65519,11
65784,65519,12
65785,65520,14
65786,65520,15
65787,65521,15
65788,65522,11
65789,65524,12
65790,65524,14
65791,65525,11
65792,65528,15
65793,65528,15
65794,65529,14
65795,65532,14
65796,65534,12
65797,65535,13
65798,65536,13
65799,65537,13
65800,65537,11
65801,65538,11
65802,65539,11
65803,65539,13
65804,65540,12
65805,65540,13
65806,65542,13
65807,65542,13
65808,65543,15
65809,65543,11
65810,65546,14
65811,65548,14
65812,65549,15
65813,65552,13
65814,65553,13
65815,65554,11
65816,65554,15
65817,65558,15
65818,65558,13
65819,65559,11
65820,65559,14
65821,65562,11
65822,65562,12
65823,65563,15
65824,65563,12
65825,65566,13
65826,65566,11
65827,65567,12
65828,65568,13
65829,65570,11
65830,65572,12
65831,65572,11
65832,65573,13
65833,65573,13
65834,65574,15
65835,65574,12
65836,65577,15
65837,65577,14
65838,65579,11
65839,65580,15
65840,65580,11
65841,65581,13
65842,65581,13
65843,65584,14
65844,65584,13
65845,65585,11
65846,65586,12
65847,65587,15
65848,65588,15
65849,65590,13
65850,65590,11
65851,65591,13
65852,65591,14
65853,65592,15
65854,65592,11
65855,65593,15
65856,65593,15
65857,65594,11
65858,65594,11
65859,65596,14
65860,65599,12
65861,65601,12
65862,65603,11
65863,65603,13
65864,65605,11
65865,65605,13
65866,65607,11
65867,65610,13
65868,65611,12
65869,65613,13
65870,65615,11
65871,65615,15
65872,65618,13
65873,65619,12
65874,65620,12
65875,65620,13
65876,65621,12
65877,65622,11
65878,65622,15
65879,65623,14
65880,65623,11
65881,65624,15
65882,65627,15
65883,65627,12
65884,65629,15
65885,65629,11
65886,65632,14
65887,65632,12
65888,65634,14
65889,65636,12
65890,65636,11
65891,65637,13
65892,65637,12
65893,65638,12
65894,65639,11
65895,65641,14
65896,65642,15
65897,65642,14
65898,65643,15
65899,65643,13
65900,65645,12
65901,65646,14
65902,65647,14
65903,65647,14
65904,65648,15
65905,65649,15
65906,65650,14
65907,65650,15
65908,65651,12
65909,65651,13
65910,65652,12
65911,65652,12
65912,65653,13
65913,65654,11
65914,65654,14
65915,65655,14
65916,65656,14
65917,65657,14
65918,65657,11
65919,65658,13
65920,65658,12
65921,65659,13
65922,65660,11
65923,65661,14
65924,65663,11
65925,65664,11
65926,65664,12
65927,65666,13
65928,65666,11
65929,65667,11
65930,65667,14
65931,65668,13
65932,65670,13
65933,65670,15
65934,65671,14
65935,65672,11
65936,65673,12
65937,65673,13
65938,65675,13
65939,65677,13
65940,65677,11
65941,65680,11
65942,65681,15
65943,65681,14
65944,65683,15
65945,65683,14
65946,65684,12
65947,65684,13
65948,65685,13
65949,65685,13
65950,65687,14
65951,65688,14
65952,65688,11
65953,65689,12
65954,65689,13
65955,65690,14
65956,65690,13
65957,65691,13
65958,65692,14
65959,65694,13
65960,65694,15
65961,65695,12
65962,65696,13
65963,65699,12
65964,65702,14
65965,65703,15
65966,65704,12
65967,65706,14
65968,65706,11
65969,65707,11
65970,65707,13
65971,65708,11
65972,65708,14
65973,65709,13
65974,65709,14
65975,65710,15
65976,65710,11
65977,65711,12
65978,65711,14
65979,65713,13
65980,65713,12
65981,65714,15
65982,65714,11
65983,65716,12
65984,65718,15
65985,65719,13
65986,65720,13
65987,65721,12
65988,65721,15
65989,65723,15
65990,65726,12
65991,65726,12
65992,65727,13
65993,65727,15
65994,65728,13
65995,65728,13
65996,65729,15
65997,65732,13
65998,65735,11
65999,65736,11
66000,65737,11
66001,65738,15
66002,65738,12
66003,65739,11
66004,65740,11
66005,65741,13
66006,65741,14
66007,65742,12
66008,65745,15
66009,65746,12
66010,65746,13
66011,65747,12
66012,65747,13
66013,65748,14
66014,65752,15
66015,65752,11
66016,65753,12
66017,65755,11
66018,65755,14
66019,65756,11
66020,65756,12
66021,65758,12
66022,65759,13
66023,65762,11
66024,65762,12
66025,65765,15
66026,65767,13
66027,65770,14
66028,65770,12
66029,65771,14
66030,65772,11
66031,65772,15
66032,65773,15
66033,65775,15
66034,65777,12
66035,65778,15
66036,65779,11
66037,65779,11
66038,65781,12
66039,65782,12
66040,65782,13
66041,65783,11
66042,65783,15
66043,65785,15
66044,65785,11
66045,65786,14
66046,65786,13
66047,65787,13
66048,65788,13
66049,65791,15
66050,65792,11
66051,65792,12
66052,65793,11
66053,65795,13
66054,65796,13
66055,65796,15
66056,65800,11
66057,65800,14
66058,65801,13
66059,65801,15
66060,65802,12
66061,65804,15
66062,65805,15
66063,65807,14
66064,65808,11
66065,65809,15
66066,65809,15
66067,65810,11
66068,65812,11
66069,65812,14
66070,65813,12
66071,65814,14
66072,65816,12
66073,65816,14
66074,65817,12
66075,65818,12
66076,65819,13
66077,65819,14
66078,65822,14
66079,65822,14
66080,65825,15
66081,65826,11
66082,65826,13
66083,65828,12
66084,65829,14
66085,65831,13
66086,65831,12
66087,65834,12
66088,65834,11
66089,65835,15
66090,65835,14
66091,65836,14
66092,65837,13
66093,65838,14
66094,65838,12
66095,65839,14
66096,65839,11
66097,65840,11
66098,65841,15
66099,65841,11
66100,65842,11
66101,65849,14
66102,65851,14
66103,65852,13
66104,65852,14
66105,65854,11
66106,65855,12
66107,65855,11
66108,65856,14
66109,65856,13
66110,65857,11
66111,65858,12
66112,65861,15
66113,65861,12
66114,65862,15
66115,65865,14
66116,65865,13
66117,65866,13
66118,65866,11
66119,65867,13
66120,65867,13
66121,65869,13
66122,65869,12
66123,65872,14
66124,65874,12
66125,65874,11
66126,65876,14
66127,65876,14
66128,65877,12
66129,65877,13
66130,65878,15
66131,65879,14
66132,65880,13
66133,65881,14
66134,65882,11
66135,65883,13
66136,65883,12
66137,65885,14
66138,65885,13
66139,65886,14
66140,65888,13
66141,65889,14
66142,65889,15
66143,65891,13
66144,65891,14
66145,65892,12
66146,65896,12
66147,65896,13
66148,65897,11
66149,65900,14
66150,65901,15
66151,65901,15
66152,65903,13
66153,65904,12
66154,65904,14
66155,65905,15
66156,65905,13
66157,65906,11
66158,65907,12
66159,65907,15
66160,65908,13
66161,65909,13
66162,65912,12
66163,65914,15
66164,65915,15
66165,65915,12
66166,65916,11
66167,65917,12
66168,65917,12
66169,65918,11
66170,65918,11
66171,65920,14
66172,65921,12
66173,65921,13
66174,65922,15
66175,65923,15
66176,65923,15
66177,65925,11
66178,65930,14
66179,65930,11
66180,65931,11
66181,65931,12
66182,65932,15
66183,65932,13
66184,65933,13
66185,65933,13
66186,65935,11
66187,65935,15
66188,65936,11
66189,65936,11
66190,65937,11
66191,65938,14
66192,65940,14
66193,65941,13
66194,65942,14
66195,65942,15
66196,65944,12
66197,65944,11
66198,65945,14
66199,65946,12
66200,65946,13
66201,65947,15
66202,65950,14
66203,65950,15
66204,65953,12
66205,65954,15
66206,65955,12
66207,65956,14
66208,65956,13
66209,65957,13
66210,65958,12
66211,65961,12
66212,65961,15
66213,65962,15
66214,65964,14
66215,65966,14
66216,65968,15
66217,65973,11
66218,65974,14
66219,65974,11
66220,65976,14
66221,65976,14
66222,65977,14
66223,65977,11
66224,65978,14
66225,65979,12
66226,65979,11
66227,65982,11
66228,65984,11
66229,65984,13
66230,65987,15
66231,65987,11
66232,65988,12
66233,65988,14
66234,65989,13
66235,65989,11
66236,65990,15
66237,65991,14
66238,65992,12
66239,65993,15
66240,65994,14
66241,65994,14
66242,65996,13
66243,65996,12
66244,65997,13
66245,65998,14
66246,65999,11
66247,65999,11
66248,66000,12
66249,66001,14
66250,66002,13
66251,66004,15
66252,66006,14
66253,66007,14
66254,66008,11
66255,66009,11
66256,66009,15
66257,66010,12
66258,66010,15
66259,66012,11
66260,66012,12
66261,66014,14
66262,66015,14
66263,66015,13
66264,66016,15
66265,66017,15
66266,66017,14
66267,66019,11
66268,66019,15
66269,66020,13
66270,66020,14
66271,66024,15
66272,66024,11
66273,66025,15
66274,66027,11
66275,66027,13
66276,66029,14
66277,66030,15
66278,66030,13
66279,66031,11
66280,66031,14
66281,66032,11
66282,66032,11
66283,66033,11
66284,66033,15
66285,66034,11
66286,66036,15
66287,66036,12
66288,66037,11
66289,66038,15
66290,66039,13
66291,66039,14
66292,66041,12
66293,66041,13
66294,66042,13
66295,66042,11
66296,66043,14
66297,66043,14
66298,66044,13
66299,66044,13
66300,66045,12
66301,66045,12
66302,66046,11
66303,66046,14
66304,66047,11
66305,66048,13
66306,66050,13
66307,66050,13
66308,66054,14
66309,66060,13
66310,66060,12
66311,66061,15
66312,66061,13
66313,66063,14
66314,66063,15
66315,66066,11
66316,66067,13
66317,66067,12
66318,66069,15
66319,66069,14
66320,66070,11
66321,66070,15
66322,66072,13
66323,66075,15
66324,66075,14
66325,66076,12
66326,66076,15
66327,66077,13
66328,66078,13
66329,66079,13
66330,66079,13
66331,66081,13
66332,66082,14
66333,66085,13
66334,66085,13
66335,66086,12
66336,66086,13
66337,66087,12
66338,66088,13
66339,66089,13
66340,66089,13
66341,66090,12
66342,66091,12
66343,66091,13
66344,66093,11
66345,66093,15
66346,66094,12
66347,66096,11
66348,66097,15
66349,66098,15
66350,66098,13
66351,66099,11
66352,66099,13
66353,66100,13
66354,66100,15
66355,66103,14
66356,66103,11
66357,66104,14
66358,66104,13
66359,66106,11
66360,66107,13
66361,66107,15
66362,66108,15
66363,66108,12
66364,66109,13
66365,66109,11
66366,66110,11
66367,66110,15
66368,66111,13
66369,66112,13
66370,66114,11
66371,66115,15
66372,66115,11
66373,66116,12
66374,66117,13
66375,66119,13
66376,66119,11
66377,66121,11
66378,66122,14
66379,66122,15
66380,66123,11
66381,66124,12
66382,66124,13
66383,66129,13
66384,66132,14
66385,66132,15
66386,66133,12
66387,66133,12
66388,66134,14
66389,66134,13
66390,66135,15
66391,66135,15
66392,66136,12
66393,66137,15
66394,66137,11
66395,66138,13
66396,66138,15
66397,66142,14
66398,66142,12
66399,66143,11
66400,66144,15
66401,66144,11
66402,66146,11
66403,66147,14
66404,66149,11
66405,66149,14
66406,66150,12
66407,66153,13
66408,66156,15
66409,66157,11
66410,66161,15
66411,66162,12
66412,66164,14
66413,66165,14
66414,66165,14
66415,66166,12
66416,66168,13
66417,66168,11
66418,66169,13
66419,66170,12
66420,66170,14
66421,66171,13
66422,66172,12
66423,66172,12
66424,66175,11
66425,66176,14
66426,66176,14
66427,66177,15
66428,66179,12
66429,66180,13
66430,66180,13
66431,66184,14
66432,66184,13
66433,66185,14
66434,66186,13
66435,66187,15
66436,66188,13
66437,66189,15
66438,66190,14
66439,66192,12
66440,66192,15
66441,66193,12
66442,66193,15
66443,66194,12
66444,66196,11
66445,66198,15
66446,66199,11
66447,66199,11
66448,66200,12
66449,66202,11
66450,66202,11
66451,66203,11
66452,66203,11
66453,66204,11
66454,66204,13
66455,66208,14
66456,66208,11
66457,66209,14
66458,66209,14
66459,66210,12
66460,66210,12
66461,66211,14
66462,66211,12
66463,66213,11
66464,66214,15
66465,66216,13
66466,66216,14
66467,66217,13
66468,66222,15
66469,66224,14
66470,66224,11
66471,66226,14
66472,66227,12
66473,66228,14
66474,66228,11
66475,66229,13
66476,66229,14
66477,66230,11
66478,66230,14
66479,66231,14
66480,66231,14
66481,66232,12
66482,66232,11
66483,66233,13
66484,66238,11
66485,66238,14
66486,66239,13
66487,66240,15
66488,66241,14
66489,66242,14
66490,66243,13
66491,66244,11
66492,66244,14
66493,66245,12
66494,66246,13
66495,66247,14
66496,66247,11
66497,66248,13
66498,66248,12
66499,66251,11
66500,66251,11
66501,66252,15
66502,66253,12
66503,66253,13
66504,66254,12
66505,66255,13
66506,66255,14
66507,66259,14
66508,66259,11
66509,66260,13
66510,66262,12
66511,66266,14
66512,66266,11
66513,66268,13
66514,66269,14
66515,66269,11
66516,66270,12
66517,66270,11
66518,66272,14
66519,66272,12
66520,66273,12
66521,66273,13
66522,66274,13
66523,66274,14
66524,66275,11
66525,66276,13
66526,66279,11
66527,66280,13
66528,66283,13
66529,66284,11
66530,66284,12
66531,66285,14
66532,66285,12
66533,66286,13
66534,66288,14
66535,66288,15
66536,66289,15
66537,66289,12
66538,66290,15
66539,66291,14
66540,66294,14
66541,66294,15
66542,66296,11
66543,66296,12
66544,66297,14
66545,66298,13
66546,66298,13
66547,66299,15
66548,66300,11
66549,66300,15
66550,66301,13
66551,66301,13
66552,66302,12
66553,66306,12
66554,66307,15
66555,66308,13
66556,66309,12
66557,66310,11
66558,66310,12
66559,66311,13
66560,66312,11
66561,66312,14
66562,66313,14
66563,66313,11
66564,66314,13
66565,66314,14
66566,66315,14
66567,66315,11
66568,66316,14
66569,66316,13
66570,66317,12
66571,66317,13
66572,66318,12
66573,66320,12
66574,66321,13
66575,66322,12
66576,66324,15
66577,66327,13
66578,66328,15
66579,66328,15
66580,66329,11
66581,66329,13
66582,66330,14
66583,66330,12
66584,66331,11
66585,66331,13
66586,66332,12
66587,66332,15
66588,66333,12
66589,66334,11
66590,66335,13
66591,66335,15
66592,66338,15
66593,66339,11
66594,66341,11
66595,66342,15
66596,66342,15
66597,66345,12
66598,66345,13
66599,66346,14
66600,66349,14
66601,66350,13
66602,66352,13
66603,66353,14
66604,66354,14
66605,66357,12
66606,66359,15
66607,66361,14
66608,66361,13
66609,66362,11
66610,66362,15
66611,66363,11
66612,66365,14
66613,66365,14
66614,66366,12
66615,66366,14
66616,66367,12
66617,66369,14
66618,66372,15
66619,66374,15
66620,66374,15
66621,66375,15
66622,66376,13
66623,66379,11
66624,66380,15
66625,66382,12
66626,66383,15
66627,66386,13
66628,66386,12
66629,66391,14
66630,66393,12
66631,66394,14
66632,66395,13
66633,66396,14
66634,66396,13
66635,66397,12
66636,66397,12
66637,66398,13
66638,66400,14
66639,66401,11
66640,66402,15
66641,66402,12
66642,66403,11
66643,66405,13
66644,66405,14
66645,66407,12
66646,66407,15
66647,66408,12
66648,66408,15
66649,66409,12
66650,66409,14
66651,66410,12
66652,66411,11
66653,66411,12
66654,66412,12
66655,66412,12
66656,66413,13
66657,66413,13
66658,66414,15
66659,66415,15
66660,66416,12
66661,66416,13
66662,66418,13
66663,66420,15
66664,66421,11
66665,66421,15
66666,66422,14
66667,66422,15
66668,66423,15
66669,66423,12
66670,66424,15
66671,66429,11
66672,66430,13
66673,66431,15
66674,66431,11
66675,66432,11
66676,66432,13
66677,66433,15
66678,66434,14
66679,66434,12
66680,66435,12
66681,66435,15
66682,66437,13
66683,66440,11
66684,66440,14
66685,66442,13
66686,66442,11
66687,66443,11
66688,66443,14
66689,66445,15
66690,66446,13
66691,66446,14
66692,66447,11
66693,66447,12
66694,66448,15
66695,66450,13
66696,66450,14
66697,66451,13
66698,66451,15
66699,66452,13
66700,66453,14
66701,66453,11
66702,66454,14
66703,66454,13
66704,66455,13
66705,66455,12
66706,66458,11
66707,66458,11
66708,66462,11
66709,66462,11
66710,66465,13
66711,66466,15
66712,66470,11
66713,66471,11
66714,66475,13
66715,66476,15
66716,66476,13
66717,66477,12
66718,66477,13
66719,66479,14
66720,66479,14
66721,66483,14
66722,66484,15
66723,66485,12
66724,66485,15
66725,66486,14
66726,66486,13
66727,66488,11
66728,66489,11
66729,66490,12
66730,66490,14
66731,66491,15
66732,66491,11
66733,66492,12
66734,66495,15
66735,66495,14
66736,66497,12
66737,66498,14
66738,66498,15
66739,66499,13
66740,66499,12
66741,66501,15
66742,66503,11
66743,66504,11
66744,66505,12
66745,66505,14
66746,66507,14
66747,66508,11
66748,66508,13
66749,66509,14
66750,66511,13
66751,66512,15
66752,66514,14
66753,66517,14
66754,66518,12
66755,66519,13
66756,66519,11
66757,66520,11
66758,66521,15
66759,66521,11
66760,66524,13
66761,66524,12
66762,66525,14
66763,66525,15
66764,66526,14
66765,66528,11
66766,66528,13
66767,66529,11
66768,66530,12
66769,66530,11
66770,66531,11
66771,66531,12
66772,66532,14
66773,66532,13
66774,66533,12
66775,66534,15
66776,66534,12
66777,66535,14
66778,66538,14
66779,66538,13
66780,66539,14
66781,66539,15
66782,66540,13
66783,66540,14
66784,66541,14
66785,66541,15
66786,66545,14
66787,66545,15
66788,66546,12
66789,66547,11
66790,66548,12
66791,66548,13
66792,66549,13
66793,66549,13
66794,66550,12
66795,66550,12
66796,66551,13
66797,66552,14
66798,66554,15
66799,66554,15
66800,66556,12
66801,66556,11
66802,66557,15
66803,66557,11
66804,66558,12
66805,66558,15
66806,66559,14
66807,66559,15
66808,66560,12
66809,66560,11
66810,66562,11
66811,66563,11
66812,66563,13
66813,66565,13
66814,66565,14
66815,66567,13
66816,66567,14
66817,66568,11
66818,66568,12
66819,66569,14
66820,66569,11
66821,66570,14
66822,66570,13
66823,66571,12
66824,66572,15
66825,66572,14
66826,66573,14
66827,66573,11
66828,66574,14
66829,66576,11
66830,66580,15
66831,66580,13
66832,66582,13
66833,66583,14
66834,66583,15
66835,66585,13
66836,66585,15
66837,66586,13
66838,66588,11
66839,66588,14
66840,66591,14
66841,66591,15
66842,66592,13
66843,66594,14
66844,66596,15
66845,66596,15
66846,66597,14
66847,66601,15
66848,66601,11
66849,66602,12
66850,66602,12
66851,66603,11
66852,66603,11
66853,66604,12
66854,66606,11
66855,66607,13
66856,66609,15
66857,66609,11
66858,66610,11
66859,66612,13
66860,66614,13
66861,66614,15
66862,66616,14
66863,66618,15
66864,66618,11
66865,66619,14
66866,66620,11
66867,66620,15
66868,66622,12
66869,66622,12
66870,66623,11
66871,66623,13
66872,66624,11
66873,66624,14
66874,66625,14
66875,66625,11
66876,66629,15
66877,66629,11
66878,66632,13
66879,66633,13
66880,66635,15
66881,66635,11
66882,66637,13
66883,66638,12
66884,66638,13
66885,66639,15
66886,66639,14
66887,66643,11
66888,66643,15
66889,66645,14
66890,66645,12
66891,66647,11
66892,66649,15
66893,66649,11
66894,66650,15
66895,66650,11
66896,66651,11
66897,66653,11
66898,66653,12
66899,66654,14
66900,66654,14
66901,66655,12
66902,66655,13
66903,66656,13
66904,66659,11
66905,66659,14
66906,66660,15
66907,66660,13
66908,66661,12
66909,66662,14
66910,66662,15
66911,66663,14
66912,66663,11
66913,66664,11
66914,66665,14
66915,66666,11
66916,66667,14
66917,66667,11
66918,66668,15
66919,66669,12
66920,66670,15
66921,66670,11
66922,66671,13
66923,66671,14
66924,66672,11
66925,66672,11
66926,66673,14
66927,66673,12
66928,66676,13
66929,66677,11
66930,66678,14
66931,66678,12
66932,66679,11
66933,66679,14
66934,66680,14
66935,66681,13
66936,66682,11
66937,66682,12
66938,66686,14
66939,66687,11
66940,66689,13
66941,66690,11
66942,66693,12
66943,66693,14
66944,66694,14
66945,66695,13
66946,66698,14
66947,66699,12
66948,66700,13
66949,66700,13
66950,66701,15
66951,66704,12
66952,66704,11
66953,66705,14
66954,66706,15
66955,66706,15
66956,66710,15
66957,66711,13
66958,66711,12
66959,66714,14
66960,66714,14
66961,66715,12
66962,66715,14
66963,66716,14
66964,66717,14
66965,66718,12
66966,66719,13
66967,66719,15
66968,66722,14
66969,66722,12
66970,66723,12
66971,66724,12
66972,66725,11
66973,66725,11
66974,66727,12
66975,66728,14
66976,66729,15
66977,66731,14
66978,66731,11
66979,66732,14
66980,66733,13
66981,66734,14
66982,66736,14
66983,66736,13
66984,66737,13
66985,66738,15
66986,66738,12
66987,66739,14
66988,66739,13
66989,66740,13
66990,66742,12
66991,66743,13
66992,66744,14
66993,66744,12
66994,66747,15
66995,66747,11
66996,66748,12
66997,66748,12
66998,66749,14
66999,66750,13
67000,66750,11
67001,66751,15
67002,66754,13
67003,66756,15
67004,66758,15
67005,66760,12
67006,66761,13
67007,66762,15
67008,66763,11
67009,66763,13
67010,66765,13
67011,66766,11
67012,66766,11
67013,66767,11
67014,66768,13
67015,66768,11
67016,66772,12
67017,66772,15
67018,66773,11
67019,66773,14
67020,66774,14
67021,66775,14
67022,66776,13
67023,66779,14
67024,66779,11
67025,66782,13
67026,66782,11
67027,66786,13
67028,66786,14
67029,66787,14
67030,66789,15
67031,66790,13
67032,66790,12
67033,66791,14
67034,66792,11
67035,66792,11
67036,66793,14
67037,66793,13
67038,66795,14
67039,66797,11
67040,66797,15
67041,66798,12
67042,66798,11
67043,66799,13
67044,66799,12
67045,66802,11
67046,66802,12
67047,66803,13
67048,66804,12
67049,66804,15
67050,66805,13
67051,66805,15
67052,66806,15
67053,66809,14
67054,66809,13
67055,66810,15
67056,66810,13
67057,66811,13
67058,66811,14
67059,66812,13
67060,66812,12
67061,66815,15
67062,66818,15
67063,66818,12
67064,66819,11
67065,66820,15
67066,66820,11
67067,66824,12
67068,66825,11
67069,66826,14
67070,66827,14
67071,66828,12
67072,66828,11
67073,66829,11
67074,66830,13
67075,66831,15
67076,66832,11
67077,66832,15
67078,66833,13
67079,66834,15
67080,66834,15
67081,66835,15
67082,66836,13
67083,66836,15
67084,66837,12
67085,66837,12
67086,66838,14
67087,66840,14
67088,66841,15
67089,66841,13
67090,66842,13
67091,66843,11
67092,66843,13
67093,66844,15
67094,66844,11
67095,66845,11
67096,66845,14
67097,66846,13
67098,66846,14
67099,66848,14
67100,66850,11
67101,66851,11
67102,66852,15
67103,66853,12
67104,66853,11
67105,66854,12
67106,66854,15
67107,66856,15
67108,66857,13
67109,66859,11
67110,66859,12
67111,66860,12
67112,66860,13
67113,66862,11
67114,66862,14
67115,66863,12
67116,66863,15
67117,66864,15
67118,66864,13
67119,66865,15
67120,66865,11
67121,66866,15
67122,66869,13
67123,66870,12
67124,66871,15
67125,66872,11
67126,66872,12
67127,66873,15
67128,66875,15
67129,66875,11
67130,66876,11
67131,66876,15
67132,66877,13
67133,66877,14
67134,66879,15
67135,66881,11
67136,66881,14
67137,66882,14
67138,66882,13
67139,66883,14
67140,66883,14
67141,66884,13
67142,66884,13
67143,66885,11
67144,66886,11
67145,66886,12
67146,66887,15
67147,66887,12
67148,66888,12
67149,66890,13
67150,66892,11
67151,66892,13
67152,66893,15
67153,66894,15
67154,66895,14
67155,66895,15
67156,66896,14
67157,66899,12
67158,66899,14
67159,66900,13
67160,66900,11
67161,66901,13
67162,66902,13
67163,66903,15
67164,66905,14
67165,66905,13
67166,66906,11
67167,66908,13
67168,66911,12
67169,66912,13
67170,66913,11
67171,66914,12
67172,66914,14
67173,66915,13
67174,66915,15
67175,66916,12
67176,66916,12
67177,66918,12
67178,66920,11
67179,66921,15
67180,66921,14
67181,66922,11
67182,66922,14
67183,66923,15
67184,66924,12
67185,66925,14
67186,66926,15
67187,66927,11
67188,66928,13
67189,66931,12
67190,66931,15
67191,66933,14
67192,66933,11
67193,66934,14
67194,66934,14
67195,66935,11
67196,66935,11
67197,66937,15
67198,66937,14
67199,66938,12
67200,66938,13
67201,66939,12
67202,66939,11
67203,66940,11
67204,66942,11
67205,66942,14
67206,66946,14
67207,66946,13
67208,66947,13
67209,66948,13
67210,66948,15
67211,66950,14
67212,66954,13
67213,66955,12
67214,66955,15
67215,66956,11
67216,66957,13
67217,66958,15
67218,66959,14
67219,66960,14
67220,66961,14
67221,66964,14
67222,66964,14
67223,66966,11
67224,66966,15
67225,66967,15
67226,66968,14
67227,66968,12
67228,66969,14
67229,66969,14
67230,66972,14
67231,66972,11
67232,66974,13
67233,66975,14
67234,66978,14
67235,66978,15
67236,66979,13
67237,66979,14
67238,66980,13
67239,66981,12
67240,66981,14
67241,66983,14
67242,66983,11
67243,66984,14
67244,66985,14
67245,66985,15
67246,66986,12
67247,66990,15
67248,66990,13
67249,66991,13
67250,66992,11
67251,66993,13
67252,66994,13
67253,66995,14
67254,66996,11
67255,66996,12
67256,66997,11
67257,66998,15
67258,66998,13
67259,66999,15
67260,67000,13
67261,67000,15
67262,67001,11
67263,67002,14
67264,67002,13
67265,67005,13
67266,67005,13
67267,67008,13
67268,67008,15
67269,67009,13
67270,67009,14
67271,67010,15
67272,67010,12
67273,67011,15
67274,67011,14
67275,67014,14
67276,67014,12
67277,67017,13
67278,67017,12
67279,67018,15
67280,67018,12
67281,67019,15
67282,67019,13
67283,67022,11
67284,67023,11
67285,67024,15
67286,67024,12
67287,67025,12
67288,67025,15
67289,67026,11
67290,67026,13
67291,67028,13
67292,67028,15
67293,67031,12
67294,67032,12
67295,67035,12
67296,67035,12
67297,67036,15
67298,67036,13
67299,67037,14
67300,67038,15
67301,67039,13
67302,67040,12
67303,67041,13
67304,67042,15
67305,67042,12
67306,67043,15
67307,67043,15
67308,67044,15
67309,67045,11
67310,67045,15
67311,67046,11
67312,67046,14
67313,67047,11
67314,67047,14
67315,67048,13
67316,67048,14
67317,67050,11
67318,67050,14
67319,67052,12
67320,67052,13
67321,67053,11
67322,67053,14
67323,67054,14
67324,67058,15
67325,67058,12
67326,67060,13
67327,67060,14
67328,67061,15
67329,67063,15
67330,67063,12
67331,67064,15
67332,67064,13
67333,67065,12
67334,67065,11
67335,67071,15
67336,67073,14
67337,67073,12
67338,67074,13
67339,67075,11
67340,67080,12
67341,67080,12
67342,67082,11
67343,67083,14
67344,67084,14
67345,67085,13
67346,67085,11
67347,67086,15
67348,67090,13
67349,67090,11
67350,67091,15
67351,67093,11
67352,67094,11
67353,67096,15
67354,67096,13
67355,67097,13
67356,67098,11
67357,67099,11
67358,67099,14
67359,67100,14
67360,67100,13
67361,67101,12
67362,67101,13
67363,67102,15
67364,67102,11
67365,67103,12
67366,67104,15
67367,67105,12
67368,67107,11
67369,67107,11
67370,67108,15
67371,67108,13
67372,67109,14
67373,67109,11
67374,67110,12
67375,67111,11
67376,67111,12
67377,67113,11
67378,67113,13
67379,67115,15
67380,67115,13
67381,67117,12
67382,67120,15
67383,67120,14
67384,67121,14
67385,67123,14
67386,67124,13
67387,67126,14
67388,67127,14
67389,67129,11
67390,67129,14
67391,67131,13
67392,67132,12
67393,67132,12
67394,67133,14
67395,67133,12
67396,67134,15
67397,67134,14
67398,67140,15
67399,67141,15
67400,67142,15
67401,67142,13
67402,67143,13
67403,67143,11
67404,67146,14
67405,67147,11
67406,67147,12
67407,67150,14
67408,67150,13
67409,67153,11
67410,67153,15
67411,67154,15
67412,67155,15
67413,67155,15
67414,67156,14
67415,67156,15
67416,67157,15
67417,67160,11
67418,67161,12
67419,67163,11
67420,67164,13
67421,67165,11
67422,67165,13
67423,67167,14
67424,67167,12
67425,67168,11
67426,67169,11
67427,67169,11
67428,67170,15
67429,67171,13
67430,67173,11
67431,67173,13
67432,67176,14
67433,67178,11
67434,67181,14
67435,67186,12
67436,67186,14
67437,67187,13
67438,67188,13
67439,67189,14
67440,67190,11
67441,67191,13
67442,67191,11
67443,67193,12
67444,67195,11
67445,67199,11
67446,67201,11
67447,67201,14
67448,67206,15
67449,67206,15
67450,67207,14
67451,67208,15
67452,67208,15
67453,67209,11
67454,67209,15
67455,67210,11
67456,67211,14
67457,67211,13
67458,67213,14
67459,67213,11
67460,67214,11
67461,67215,14
67462,67216,15
67463,67217,15
67464,67217,13
67465,67218,11
67466,67218,14
67467,67220,13
67468,67220,13
67469,67221,12
67470,67223,11
67471,67224,15
67472,67224,14
67473,67226,12
67474,67226,11
67475,67227,11
67476,67227,13
67477,67228,12
67478,67230,15
67479,67231,14
67480,67231,14
67481,67233,13
67482,67233,13
67483,67234,12
67484,67234,14
67485,67237,15
67486,67237,12
67487,67238,15
67488,67238,15
67489,67241,13
67490,67241,11
67491,67243,14
67492,67244,12
67493,67246,14
67494,67246,12
67495,67248,12
67496,67251,14
67497,67253,12
67498,67253,15
67499,67254,11
67500,67255,15
67501,67255,13
67502,67256,14
67503,67256,13
67504,67257,15
67505,67257,12
67506,67258,15
67507,67258,14
67508,67259,12
67509,67259,15
67510,67260,14
67511,67260,12
67512,67261,13
67513,67262,13
67514,67262,15
67515,67263,11
67516,67264,14
67517,67264,13
67518,67265,14
67519,67266,12
67520,67266,12
67521,67267,12
67522,67267,14
67523,67271,13
67524,67271,14
67525,67272,12
67526,67272,14
67527,67273,15
67528,67274,13
67529,67275,15
67530,67276,14
67531,67276,11
67532,67277,13
67533,67277,15
67534,67278,11
67535,67279,15
67536,67282,14
67537,67284,11
67538,67284,12
67539,67285,11
67540,67285,14
67541,67287,12
67542,67287,13
67543,67288,11
67544,67290,12
67545,67291,13
67546,67292,12
67547,67293,12
67548,67293,15
67549,67294,11
67550,67295,15
67551,67296,15
67552,67297,11
67553,67297,15
67554,67298,13
67555,67299,15
67556,67300,12
67557,67300,12
67558,67301,11
67559,67303,14
67560,67305,13
67561,67308,11
67562,67308,11
67563,67309,14
67564,67309,14
67565,67310,11
67566,67311,12
67567,67312,13
67568,67312,15
67569,67313,12
67570,67314,13
67571,67315,11
67572,67315,13
67573,67318,15
67574,67318,13
67575,67319,15
67576,67319,15
67577,67320,13
67578,67321,15
67579,67322,12
67580,67323,15
67581,67324,15
67582,67326,15
67583,67326,15
67584,67327,11
67585,67327,14
67586,67328,11
67587,67329,13
67588,67335,13
67589,67335,15
67590,67336,14
67591,67339,15
67592,67339,14
67593,67342,11
67594,67344,13
67595,67347,12
67596,67349,11
67597,67349,15
67598,67351,15
67599,67351,15
67600,67353,11
67601,67353,13
67602,67354,11
67603,67355,11
67604,67355,12
67605,67356,15
67606,67357,12
67607,67358,14
67608,67358,12
67609,67359,14
67610,67359,14
67611,67360,14
67612,67360,13
67613,67361,15
67614,67362,13
67615,67362,15
67616,67363,13
67617,67363,11
67618,67366,14
67619,67367,15
67620,67367,12
67621,67368,13
67622,67368,12
67623,67371,11
67624,67371,13
67625,67372,11
67626,67373,13
67627,67373,14
67628,67374,12
67629,67374,11
67630,67375,15
67631,67375,12
67632,67378,15
67633,67380,11
67634,67381,13
67635,67381,15
67636,67382,14
67637,67382,13
67638,67383,14
67639,67384,14
67640,67384,11
67641,67387,11
67642,67387,12
67643,67388,14
67644,67389,11
67645,67389,12
67646,67390,12
67647,67391,12
67648,67392,11
67649,67395,14
67650,67395,14
67651,67397,12
67652,67399,13
67653,67400,15
67654,67401,11
67655,67402,13
67656,67402,12
67657,67403,12
67658,67405,15
67659,67406,13
67660,67406,11
67661,67408,11
67662,67408,15
67663,67410,11
67664,67411,12
67665,67412,12
67666,67412,12
67667,67414,11
67668,67416,15
67669,67417,13
67670,67418,14
67671,67418,14
67672,67419,14
67673,67420,11
67674,67421,15
67675,67421,15
67676,67422,11
67677,67423,12
67678,67423,11
67679,67425,13
67680,67427,14
67681,67429,11
67682,67429,12
67683,67431,13
67684,67432,15
67685,67432,13
67686,67433,14
67687,67433,15
67688,67437,11
67689,67437,14
67690,67438,14
67691,67438,12
67692,67439,14
67693,67440,15
67694,67440,15
67695,67441,13
67696,67441,11
67697,67442,15
67698,67445,13
67699,67445,11
67700,67446,15
67701,67447,12
67702,67447,12
67703,67448,11
67704,67449,12
67705,67450,11
67706,67451,11
67707,67451,13
67708,67455,12
67709,67455,12
67710,67458,12
67711,67459,14
67712,67460,15
67713,67465,15
67714,67465,13
67715,67466,11
67716,67466,11
67717,67469,12
67718,67470,13
67719,67470,15
67720,67472,11
67721,67472,15
67722,67474,13
67723,67475,12
67724,67476,15
67725,67476,11
67726,67478,15
67727,67480,11
67728,67480,11
67729,67481,11
67730,67483,13
67731,67485,14
67732,67487,14
67733,67487,14
67734,67488,14
67735,67489,14
67736,67491,12
67737,67494,11
67738,67494,15
67739,67495,12
67740,67496,11
67741,67496,14
67742,67498,14
67743,67498,11
67744,67499,15
67745,67499,11
67746,67501,14
67747,67501,15
67748,67502,11
67749,67502,14
67750,67503,15
67751,67504,11
67752,67505,13
67753,67506,13
67754,67507,13
67755,67508,15
67756,67509,12
67757,67510,14
67758,67511,15
67759,67511,13
67760,67513,15
67761,67514,12
67762,67514,11
67763,67515,11
67764,67515,15
67765,67516,13
67766,67518,13
67767,67519,13
67768,67519,15
67769,67520,14
67770,67521,12
67771,67521,14
67772,67522,13
67773,67522,15
67774,67524,15
67775,67525,15
67776,67525,13
67777,67526,14
67778,67526,14
67779,67529,15
67780,67529,15
67781,67532,11
67782,67532,14
67783,67534,11
67784,67536,12
67785,67536,13
67786,67537,15
67787,67538,15
67788,67538,14
67789,67539,13
67790,67539,14
67791,67541,12
67792,67541,13
67793,67543,11
67794,67543,11
67795,67544,12
67796,67544,15
67797,67545,12
67798,67548,14
67799,67549,12
67800,67551,11
67801,67553,12
67802,67553,15
67803,67556,12
67804,67557,15
67805,67558,14
67806,67558,15
67807,67560,13
67808,67562,13
67809,67562,12
67810,67563,13
67811,67563,13
67812,67566,15
67813,67566,11
67814,67567,12
67815,67567,11
67816,67568,14
67817,67568,12
67818,67569,14
67819,67569,12
67820,67570,11
67821,67570,12
67822,67571,15
67823,67571,11
67824,67572,15
67825,67572,11
67826,67573,15
67827,67573,14
67828,67575,13
67829,67576,15
67830,67576,12
67831,67578,11
67832,67578,11
67833,67579,11
67834,67579,11
67835,67584,13
67836,67585,13
67837,67585,15
67838,67586,12
67839,67586,13
67840,67588,15
67841,67588,15
67842,67589,12
67843,67591,13
67844,67591,12
67845,67593,11
67846,67595,11
67847,67595,11
67848,67596,14
67849,67596,11
67850,67599,15
67851,67599,15
67852,67601,15
67853,67601,12
67854,67602,13
67855,67602,13
67856,67606,12
67857,67607,12
67858,67609,15
67859,67609,15
67860,67612,12
67861,67612,15
67862,67617,14
67863,67617,11
67864,67622,15
67865,67624,11
67866,67629,15
67867,67629,13
67868,67631,13
67869,67632,11
67870,67633,15
67871,67634,15
67872,67635,11
67873,67638,14
67874,67638,12
67875,67639,12
67876,67640,14
67877,67640,14
67878,67641,15
67879,67641,14
67880,67645,14
67881,67645,14
67882,67646,15
67883,67646,12
67884,67647,11
67885,67647,12
67886,67649,13
67887,67649,11
67888,67650,11
67889,67652,12
67890,67653,14
67891,67656,11
67892,67657,14
67893,67657,12
67894,67659,13
67895,67660,14
67896,67660,11
67897,67664,11
67898,67667,15
67899,67668,12
67900,67668,11
67901,67669,14
67902,67671,13
67903,67673,14
67904,67673,12
67905,67674,11
67906,67674,14
67907,67675,11
67908,67675,11
67909,67677,13
67910,67678,15
67911,67678,11
67912,67680,12
67913,67681,12
67914,67681,15
67915,67682,14
67916,67682,12
67917,67683,11
67918,67684,12
67919,67684,15
67920,67685,14
67921,67685,13
67922,67686,11
67923,67686,14
67924,67688,12
67925,67691,12
67926,67693,15
67927,67693,13
67928,67694,12
67929,67695,15
67930,67695,14
67931,67699,13
67932,67701,15
67933,67701,15
67934,67702,13
67935,67703,14
67936,67706,14
67937,67708,13
67938,67708,12
67939,67710,14
67940,67711,11
67941,67712,13
67942,67712,13
67943,67713,15
67944,67714,15
67945,67717,13
67946,67718,11
67947,67720,12
67948,67720,11
67949,67721,11
67950,67722,12
67951,67722,14
67952,67723,13
67953,67723,15
67954,67724,15
67955,67725,13
67956,67725,15
67957,67726,11
67958,67726,15
67959,67727,12
67960,67727,14
67961,67728,13
67962,67728,15
67963,67729,14
67964,67730,12
67965,67731,14
67966,67731,15
67967,67734,12
67968,67734,15
67969,67737,15
67970,67737,14
67971,67738,11
67972,67738,13
67973,67740,11
67974,67740,12
67975,67743,11
67976,67743,12
67977,67744,13
67978,67746,12
67979,67750,15
67980,67751,11
67981,67751,12
67982,67752,15
67983,67752,13
67984,67753,13
67985,67756,13
67986,67757,13
67987,67758,13
67988,67758,15
67989,67759,14
67990,67762,15
67991,67762,13
67992,67763,11
67993,67764,14
67994,67767,14
67995,67767,14
67996,67768,15
67997,67768,12
67998,67769,15
67999,67769,14
68000,67770,15
68001,67770,11
68002,67771,11
68003,67771,11
68004,67772,14
68005,67773,15
68006,67774,13
68007,67774,13
68008,67775,11
68009,67775,12
68010,67776,15
68011,67776,15
68012,67777,14
68013,67777,13
68014,67778,14
68015,67778,14
68016,67780,15
68017,67781,12
68018,67783,13
68019,67788,14
68020,67789,12
68021,67790,11
68022,67790,14
68023,67791,15
68024,67791,13
68025,67792,13
68026,67794,12
68027,67794,14
68028,67795,13
68029,67795,13
68030,67797,15
68031,67797,13
68032,67798,13
68033,67798,15
68034,67800,14
68035,67801,15
68036,67802,14
68037,67803,13
68038,67804,13
68039,67806,13
68040,67807,13
68041,67809,11
68042,67809,13
68043,67810,11
68044,67810,12
68045,67812,13
68046,67812,15
68047,67813,12
68048,67814,12
68049,67814,12
68050,67815,12
68051,67815,11
68052,67816,12
68053,67816,11
68054,67817,15
68055,67817,11
68056,67823,15
68057,67825,13
68058,67826,12
68059,67827,15
68060,67827,15
68061,67832,11
68062,67838,15
68063,67838,14
68064,67839,12
68065,67839,13
68066,67840,11
68067,67841,15
68068,67843,15
68069,67845,11
68070,67845,13
68071,67846,14
68072,67846,15
68073,67847,14
68074,67848,12
68075,67848,12
68076,67849,12
68077,67849,12
68078,67851,14
68079,67854,13
68080,67855,13
68081,67855,13
68082,67856,11
68083,67856,11
68084,67857,14
68085,67859,12
68086,67861,15
68087,67863,11
68088,67865,11
68089,67866,13
68090,67867,13
68091,67867,12
68092,67868,11
68093,67869,12
68094,67872,11
68095,67873,12
68096,67874,14
68097,67875,14
68098,67875,13
68099,67878,11
68100,67879,11
68101,67879,14
68102,67881,15
68103,67881,13
68104,67883,11
68105,67884,13
68106,67884,12
68107,67886,13
68108,67886,14
68109,67887,13
68110,67889,12
68111,67890,14
68112,67890,15
68113,67893,11
68114,67897,14
68115,67899,14
68116,67900,15
68117,67900,11
68118,67901,15
68119,67901,15
68120,67902,15
68121,67902,14
68122,67903,14
68123,67903,15
68124,67907,14
68125,67908,14
68126,67909,14
68127,67910,11
68128,67910,14
68129,67911,13
68130,67911,15
68131,67912,14
68132,67912,12
68133,67913,14
68134,67913,15
68135,67915,15
68136,67916,14
68137,67918,15
68138,67918,13
68139,67919,11
68140,67919,14
68141,67921,11
68142,67921,15
68143,67922,13
68144,67924,11
68145,67925,15
68146,67925,11
68147,67927,13
68148,67928,12
68149,67930,15
68150,67931,11
68151,67932,12
68152,67932,14
68153,67933,12
68154,67934,12
68155,67935,13
68156,67938,12
68157,67938,13
68158,67941,14
68159,67941,13
68160,67944,14
68161,67944,13
68162,67947,11
68163,67947,12
68164,67948,11
68165,67949,15
68166,67950,13
68167,67950,15
68168,67951,12
68169,67951,13
68170,67953,15
68171,67954,13
68172,67954,14
68173,67955,15
68174,67956,12
68175,67957,12
68176,67957,15
68177,67959,11
68178,67961,14
68179,67961,14
68180,67963,14
68181,67963,11
68182,67964,15
68183,67966,12
68184,67967,15
68185,67968,11
68186,67971,11
68187,67971,13
68188,67972,14
68189,67972,14
68190,67974,14
68191,67974,14
68192,67975,12
68193,67976,15
68194,67977,11
68195,67978,11
68196,67979,11
68197,67980,15
68198,67981,13
68199,67981,12
68200,67982,11
68201,67983,15
68202,67984,15
68203,67985,11
68204,67985,11
68205,67986,15
68206,67986,12
68207,67988,14
68208,67988,13
68209,67989,12
68210,67990,13
68211,67990,12
68212,67991,11
68213,67991,13
68214,67992,11
68215,67993,14
68216,67993,11
68217,67995,12
68218,67996,12
68219,67998,15
68220,67998,13
68221,67999,14
68222,68000,14
68223,68001,14
68224,68001,15
68225,68002,13
68226,68003,12
68227,68004,15
68228,68004,15
68229,68006,11
68230,68006,14
68231,68007,11
68232,68008,12
68233,68011,11
68234,68012,11
68235,68013,11
68236,68014,13
68237,68015,11
68238,68017,12
68239,68020,11
68240,68020,13
68241,68021,12
68242,68022,13
68243,68023,15
68244,68025,12
68245,68027,11
68246,68027,12
68247,68028,13
68248,68028,15
68249,68029,14
68250,68030,11
68251,68031,13
68252,68032,12
68253,68033,11
68254,68036,15
68255,68037,12
68256,68037,13
68257,68038,13
68258,68038,12
68259,68039,15
68260,68039,15
68261,68041,14
68262,68042,14
68263,68045,12
68264,68046,12
68265,68047,14
68266,68047,12
68267,68050,13
68268,68050,14
68269,68051,15
68270,68051,14
68271,68052,12
68272,68052,15
68273,68053,12
68274,68058,12
68275,68058,13
68276,68059,14
68277,68062,15
68278,68062,15
68279,68063,12
68280,68064,11
68281,68064,15
68282,68065,11
68283,68065,14
68284,68067,12
68285,68067,15
68286,68068,12
68287,68068,15
68288,68069,15
68289,68070,11
68290,68070,13
68291,68071,15
68292,68072,14
68293,68072,13
68294,68074,14
68295,68078,11
68296,68079,14
68297,68079,11
68298,68080,11
68299,68080,12
68300,68081,15
68301,68084,14
68302,68084,15
68303,68085,15
68304,68085,13
68305,68086,12
68306,68086,13
68307,68088,15
68308,68089,11
68309,68089,13
68310,68090,14
68311,68090,14
68312,68091,12
68313,68092,15
68314,68093,15
68315,68093,14
68316,68095,11
68317,68096,12
68318,68097,11
68319,68097,11
68320,68099,13
68321,68099,15
68322,68100,12
68323,68100,12
68324,68101,13
68325,68102,15
68326,68103,15
68327,68103,12
68328,68105,12
68329,68105,11
68330,68107,12
68331,68107,15
68332,68108,14
68333,68109,11
68334,68109,11
68335,68110,13
68336,68110,11
68337,68111,14
68338,68112,12
68339,68113,15
68340,68113,15
68341,68114,14
68342,68114,14
68343,68115,13
68344,68116,12
68345,68116,14
68346,68117,13
68347,68117,13
68348,68118,12
68349,68118,14
68350,68119,14
68351,68122,11
68352,68122,11
68353,68123,11
68354,68123,15
68355,68124,14
68356,68125,14
68357,68126,13
68358,68126,13
68359,68128,14
68360,68128,15
68361,68129,11
68362,68131,11
68363,68133,12
68364,68134,13
68365,68134,14
68366,68135,12
68367,68135,13
68368,68136,13
68369,68136,13
68370,68138,12
68371,68139,11
68372,68142,13
68373,68142,11
68374,68143,14
68375,68143,15
68376,68144,12
68377,68144,12
68378,68145,15
68379,68146,12
68380,68147,14
68381,68147,13
68382,68149,14
68383,68149,15
68384,68151,14
68385,68152,14
68386,68152,11
68387,68153,14
68388,68153,12
68389,68154,11
68390,68154,15
68391,68155,11
68392,68156,12
68393,68157,14
68394,68159,15
68395,68159,14
68396,68161,14
68397,68161,14
68398,68162,12
68399,68162,15
68400,68165,11
68401,68166,12
68402,68166,13
68403,68167,13
68404,68167,11
68405,68169,13
68406,68169,15
68407,68171,14
68408,68171,12
68409,68172,11
68410,68173,11
68411,68173,11
68412,68176,15
68413,68177,14
68414,68177,13
68415,68178,11
68416,68178,14
68417,68179,14
68418,68179,15
68419,68180,13
68420,68181,13
68421,68182,11
68422,68183,13
68423,68184,11
68424,68184,11
68425,68186,11
68426,68187,12
68427,68187,14
68428,68191,11
68429,68194,14
68430,68194,12
68431,68195,14
68432,68199,13
68433,68200,13
68434,68201,14
68435,68203,13
68436,68205,12
68437,68207,13
68438,68209,11
68439,68211,15
68440,68214,13
68441,68215,13
68442,68216,11
68443,68217,14
68444,68217,15
68445,68220,11
68446,68220,11
68447,68221,14
68448,68222,14
68449,68223,11
68450,68224,13
68451,68224,15
68452,68226,12
68453,68226,14
68454,68228,15
68455,68231,13
68456,68232,13
68457,68232,11
68458,68234,15
68459,68234,12
68460,68235,13
68461,68236,15
68462,68236,13
68463,68237,12
68464,68237,14
68465,68238,13
68466,68239,13
68467,68242,13
68468,68242,11
68469,68243,12
68470,68244,12
68471,68244,14
68472,68246,12
68473,68246,14
68474,68247,14
68475,68248,12
68476,68251,13
68477,68252,14
68478,68252,13
68479,68253,12
68480,68255,11
68481,68256,12
68482,68256,11
68483,68257,12
68484,68257,14
68485,68258,14
68486,68259,11
68487,68263,15
68488,68263,12
68489,68265,15
68490,68265,14
68491,68266,11
68492,68267,11
68493,68267,14
68494,68272,11
68495,68274,15
68496,68275,11
68497,68275,12
68498,68277,15
68499,68277,12
68500,68278,14
68501,68278,11
68502,68283,13
68503,68284,15
68504,68284,12
68505,68285,11
68506,68286,13
68507,68287,14
68508,68288,11
68509,68289,11
68510,68289,14
68511,68291,13
68512,68291,11
68513,68292,14
68514,68292,15
68515,68293,11
68516,68294,12
68517,68297,11
68518,68298,14
68519,68298,13
68520,68299,11
68521,68300,13
68522,68300,14
68523,68301,11
68524,68302,14
68525,68303,15
68526,68303,12
68527,68305,13
68528,68305,15
68529,68308,14
68530,68311,15
68531,68312,11
68532,68312,14
68533,68313,15
68534,68313,15
68535,68314,14
68536,68315,14
68537,68317,14
68538,68320,13
68539,68323,12
68540,68324,11
68541,68325,15
68542,68325,14
68543,68326,11
68544,68326,15
68545,68327,11
68546,68328,14
68547,68328,15
68548,68331,13
68549,68333,14
68550,68334,11
68551,68335,11
68552,68336,12
68553,68339,12
68554,68340,14
68555,68345,15
68556,68346,12
68557,68349,12
68558,68352,15
68559,68352,15
68560,68355,12
68561,68355,15
68562,68358,14
68563,68359,12
68564,68360,15
68565,68360,13
68566,68363,15
68567,68365,13
68568,68365,12
68569,68370,14
68570,68371,14
68571,68372,15
68572,68373,12
68573,68374,15
68574,68374,13
68575,68375,14
68576,68375,11
68577,68376,12
68578,68376,14
68579,68377,14
68580,68379,11
68581,68380,12
68582,68380,11
68583,68381,13
68584,68384,13
68585,68384,13
68586,68385,12
68587,68385,15
68588,68388,12
68589,68388,13
68590,68390,13
68591,68391,13
68592,68392,11
68593,68393,11
68594,68393,15
68595,68395,13
68596,68397,11
68597,68397,12
68598,68398,13
68599,68399,11
68600,68400,13
68601,68401,14
68602,68403,11
68603,68404,13
68604,68409,13
68605,68409,12
68606,68410,14
68607,68410,14
68608,68411,12
68609,68413,12
68610,68413,15
68611,68415,14
68612,68415,15
68613,68416,11
68614,68417,15
68615,68417,14
68616,68418,12
68617,68419,15
68618,68419,13
68619,68420,12
68620,68421,15
68621,68421,14
68622,68422,15
68623,68424,15
68624,68425,15
68625,68426,15
68626,68426,11
68627,68427,14
68628,68427,13
68629,68429,13
68630,68430,13
68631,68430,13
68632,68431,11
68633,68432,14
68634,68434,11
68635,68435,13
68636,68436,14
68637,68436,14
68638,68439,12
68639,68441,13
68640,68441,14
68641,68444,14
68642,68446,13
68643,68447,15
68644,68447,14
68645,68448,14
68646,68450,15
68647,68450,15
68648,68453,11
68649,68453,12
68650,68454,14
68651,68454,13
68652,68455,11
68653,68456,14
68654,68456,12
68655,68457,11
68656,68459,11
68657,68459,13
68658,68460,11
68659,68460,15
68660,68461,14
68661,68462,15
68662,68463,14
68663,68465,15
68664,68468,11
68665,68468,11
68666,68469,13
68667,68470,15
68668,68470,15
68669,68471,12
68670,68473,15
68671,68474,13
68672,68476,13
68673,68477,13
68674,68478,12
68675,68479,11
68676,68481,12
68677,68481,12
68678,68482,12
68679,68483,15
68680,68485,15
68681,68487,14
68682,68488,11
68683,68488,14
68684,68489,12
68685,68489,12
68686,68490,11
68687,68491,11
68688,68491,13
68689,68492,14
68690,68492,13
68691,68493,13
68692,68493,14
68693,68494,15
68694,68495,15
68695,68495,12
68696,68499,15
68697,68500,13
68698,68501,14
68699,68502,11
68700,68505,11
68701,68505,11
68702,68507,15
68703,68508,11
68704,68510,14
68705,68510,14
68706,68511,14
68707,68511,11
68708,68512,14
68709,68512,12
68710,68514,13
68711,68515,14
68712,68515,11
68713,68516,13
68714,68519,13
68715,68519,12
68716,68521,14
68717,68521,12
68718,68522,15
68719,68523,13
68720,68523,13
68721,68524,13
68722,68524,15
68723,68525,11
68724,68526,13
68725,68526,14
68726,68527,13
68727,68528,14
68728,68528,11
68729,68530,13
68730,68530,15
68731,68531,13
68732,68533,12
68733,68534,13
68734,68535,15
68735,68536,12
68736,68536,12
68737,68538,14
68738,68540,13
68739,68541,14
68740,68543,14
68741,68543,13
68742,68544,13
68743,68544,15
68744,68549,14
68745,68550,14
68746,68550,15
68747,68554,12
68748,68554,13
68749,68555,11
68750,68556,13
68751,68556,11
68752,68557,14
68753,68558,15
68754,68558,12
68755,68559,13
68756,68559,12
68757,68561,12
68758,68561,12
68759,68563,12
68760,68563,13
68761,68564,14
68762,68564,14
68763,68565,12
68764,68566,11
68765,68567,11
68766,68567,13
68767,68568,11
68768,68570,14
68769,68570,11
68770,68572,12
68771,68572,11
68772,68573,14
68773,68576,11
68774,68578,12
68775,68578,12
68776,68580,13
68777,68581,15
68778,68582,15
68779,68582,11
68780,68583,11
68781,68583,13
68782,68584,12
68783,68584,13
68784,68585,11
68785,68587,11
68786,68590,14
68787,68590,14
68788,68591,11
68789,68593,13
68790,68594,12
68791,68595,13
68792,68595,12
68793,68597,15
68794,68597,13
68795,68599,15
68796,68600,12
68797,68601,14
68798,68603,13
68799,68603,15
68800,68604,15
68801,68604,14
68802,68609,11
68803,68610,12
68804,68610,11
68805,68612,14
68806,68612,14
68807,68613,13
68808,68614,15
68809,68616,12
68810,68617,15
68811,68617,12
68812,68618,15
68813,68618,12
68814,68619,14
68815,68620,12
68816,68620,13
68817,68621,15
68818,68622,12
68819,68623,15
68820,68624,11
68821,68624,15
68822,68625,15
68823,68626,14
68824,68626,12
68825,68627,14
68826,68628,15
68827,68629,11
68828,68629,13
68829,68630,12
68830,68631,15
68831,68631,15
68832,68634,11
68833,68635,15
68834,68635,15
68835,68637,12
68836,68637,15
68837,68638,13
68838,68639,12
68839,68639,12
68840,68641,11
68841,68643,13
68842,68645,14
68843,68646,12
68844,68646,14
68845,68647,12
68846,68649,12
68847,68649,15
68848,68651,13
68849,68651,12
68850,68652,14
68851,68652,14
68852,68653,12
68853,68654,11
68854,68654,14
68855,68655,14
68856,68655,15
68857,68657,13
68858,68657,13
68859,68658,12
68860,68658,14
68861,68659,12
68862,68659,13
68863,68660,12
68864,68662,14
68865,68663,12
68866,68664,13
68867,68664,15
68868,68665,15
68869,68667,15
68870,68668,14
68871,68668,14
68872,68670,13
68873,68670,11
68874,68671,15
68875,68673,14
68876,68674,12
68877,68674,13
68878,68675,14
68879,68676,15
68880,68676,11
68881,68677,15
68882,68679,12
68883,68679,11
68884,68680,12
68885,68681,15
68886,68681,12
68887,68682,14
68888,68682,15
68889,68685,14
68890,68686,12
68891,68686,13
68892,68687,15
68893,68687,13
68894,68688,15
68895,68692,13
68896,68693,15
68897,68693,13
68898,68695,15
68899,68696,11
68900,68698,14
68901,68699,15
68902,68703,13
68903,68703,12
68904,68704,15
68905,68705,11
68906,68705,15
68907,68707,14
68908,68708,12
68909,68708,15
68910,68711,11
68911,68711,14
68912,68713,13
68913,68715,12
68914,68717,14
68915,68717,14
68916,68718,11
68917,68718,15
68918,68719,12
68919,68719,11
68920,68720,13
68921,68720,12
68922,68721,15
68923,68723,12
68924,68723,13
68925,68724,13
68926,68727,12
68927,68729,15
68928,68730,12
68929,68730,11
68930,68731,13
68931,68732,11
68932,68732,11
68933,68734,11
68934,68734,13
68935,68737,11
68936,68737,12
68937,68738,15
68938,68739,13
68939,68739,15
68940,68741,11
68941,68741,15
68942,68746,12
68943,68749,12
68944,68749,14
68945,68750,12
68946,68750,13
68947,68752,11
68948,68752,15
68949,68753,14
68950,68753,14
68951,68755,11
68952,68756,15
68953,68758,15
68954,68759,15
68955,68759,14
68956,68760,14
68957,68761,13
68958,68762,13
68959,68763,14
68960,68764,12
68961,68764,15
68962,68765,13
68963,68767,13
68964,68768,15
68965,68768,14
68966,68769,14
68967,68772,12
68968,68775,13
68969,68775,13
68970,68776,14
68971,68776,12
68972,68777,13
68973,68778,11
68974,68779,12
68975,68779,14
68976,68780,14
68977,68780,13
68978,68781,14
68979,68782,14
68980,68782,11
68981,68783,15
68982,68783,14
68983,68785,11
68984,68786,13
68985,68787,13
68986,68787,12
68987,68789,15
68988,68791,11
68989,68791,15
68990,68793,12
68991,68793,15
68992,68794,15
68993,68796,14
68994,68797,11
68995,68797,13
68996,68799,13
68997,68799,14
68998,68802,13
68999,68802,14
69000,68803,14
69001,68804,13
69002,68804,13
69003,68805,13
69004,68808,14
69005,68810,12
69006,68813,14
69007,68813,14
69008,68814,15
69009,68814,11
69010,68816,11
69011,68817,11
69012,68818,12
69013,68820,12
69014,68820,11
69015,68821,15
69016,68821,12
69017,68822,13
69018,68823,13
69019,68824,15
69020,68827,14
69021,68828,14
69022,68829,13
69023,68829,11
69024,68830,15
69025,68830,15
69026,68831,15
69027,68831,14
69028,68832,12
69029,68832,13
69030,68834,11
69031,68834,13
69032,68835,11
69033,68835,11
69034,68836,15
69035,68836,15
69036,68837,12
69037,68838,15
69038,68840,12
69039,68843,12
69040,68843,13
69041,68845,13
69042,68845,13
69043,68846,13
69044,68847,13
69045,68847,11
69046,68850,15
69047,68851,15
69048,68851,13
69049,68853,14
69050,68855,11
69051,68856,13
69052,68857,15
69053,68858,12
69054,68858,13
69055,68859,12
69056,68859,11
69057,68860,13
69058,68860,11
69059,68862,13
69060,68862,11
69061,68867,14
69062,68868,13
69063,68868,15
69064,68870,15
69065,68870,14
69066,68871,11
69067,68871,11
69068,68873,13
69069,68873,13
69070,68874,15
69071,68876,14
69072,68876,13
69073,68877,15
69074,68880,15
69075,68881,13
69076,68882,14
69077,68882,11
69078,68883,13
69079,68883,14
69080,68884,13
69081,68887,14
69082,68887,15
69083,68888,15
69084,68891,13
69085,68891,12
69086,68892,15
69087,68893,11
69088,68896,11
69089,68897,13
69090,68897,15
69091,68898,13
69092,68900,15
69093,68901,14
69094,68901,15
69095,68902,12
69096,68902,13
69097,68904,12
69098,68905,12
69099,68906,11
69100,68907,13
69101,68908,13
69102,68908,15
69103,68909,13
69104,68909,11
69105,68910,15
69106,68910,11
69107,68912,15
69108,68915,12
69109,68915,14
69110,68917,12
69111,68917,12
69112,68918,11
69113,68919,12
69114,68921,14
69115,68922,14
69116,68922,15
69117,68923,12
69118,68923,11
69119,68924,11
69120,68927,14
69121,68927,13
69122,68928,15
69123,68928,15
69124,68929,15
69125,68929,12
69126,68930,11
69127,68930,11
69128,68931,15
69129,68932,14
69130,68932,13
69131,68933,13
69132,68934,12
69133,68935,11
69134,68936,13
69135,68936,12
69136,68938,13
69137,68939,14
69138,68940,14
69139,68941,15
69140,68941,11
69141,68942,13
69142,68942,12
69143,68943,13
69144,68944,15
69145,68945,14
69146,68946,12
69147,68946,11
69148,68947,11
69149,68947,11
69150,68949,15
69151,68952,14
69152,68952,12
69153,68953,11
69154,68954,11
69155,68954,12
69156,68956,13
69157,68956,14
69158,68957,14
69159,68957,13
69160,68959,12
69161,68959,11
69162,68960,15
69163,68960,12
69164,68961,13
69165,68961,11
69166,68962,12
69167,68962,14
69168,68965,11
69169,68965,14
69170,68967,14
69171,68967,15
69172,68968,14
69173,68968,13
69174,68969,14
69175,68969,12
69176,68972,14
69177,68972,12
69178,68975,13
69179,68975,14
69180,68976,15
69181,68977,14
69182,68977,15
69183,68978,12
69184,68978,11
69185,68981,13
69186,68983,14
69187,68983,15
69188,68984,12
69189,68985,13
69190,68985,11
69191,68986,12
69192,68986,15
69193,68987,14
69194,68987,14
69195,68988,11
69196,68988,12
69197,68989,12
69198,68990,11
69199,68990,13
69200,68993,15
69201,68993,15
69202,68995,12
69203,68996,13
69204,68996,15
69205,68997,11
69206,68998,14
69207,69001,11
69208,69004,11
69209,69004,12
69210,69006,11
69211,69006,15
69212,69007,14
69213,69008,12
69214,69008,12
69215,69009,13
69216,69009,11
69217,69010,13
69218,69010,11
69219,69012,13
69220,69014,15
69221,69015,14
69222,69015,14
69223,69016,15
69224,69017,15
69225,69018,11
69226,69018,14
69227,69021,15
69228,69021,13
69229,69022,15
69230,69023,11
69231,69023,15
69232,69024,14
69233,69026,11
69234,69027,15
69235,69027,12
69236,69028,14
69237,69032,11
69238,69034,11
69239,69034,15
69240,69035,11
69241,69036,12
69242,69036,11
69243,69037,12
69244,69038,12
69245,69038,12
69246,69039,15
69247,69040,12
69248,69041,12
69249,69042,11
69250,69042,15
69251,69044,14
69252,69044,13
69253,69045,12
69254,69047,13
69255,69048,14
69256,69048,14
69257,69049,14
69258,69049,11
69259,69050,12
69260,69050,12
69261,69051,15
69262,69055,12
69263,69055,13
69264,69056,11
69265,69058,13
69266,69059,15
69267,69059,11
69268,69060,11
69269,69060,13
69270,69062,14
69271,69064,11
69272,69065,12
69273,69065,11
69274,69066,14
69275,69066,14
69276,69067,12
69277,69067,13
69278,69069,12
69279,69071,13
69280,69071,15
69281,69072,15
69282,69074,11
69283,69076,14
69284,69077,12
69285,69077,14
69286,69078,15
69287,69078,15
69288,69079,15
69289,69081,15
69290,69081,13
69291,69082,11
69292,69082,13
69293,69083,13
69294,69084,12
69295,69084,12
69296,69085,14
69297,69087,11
69298,69088,13
69299,69089,13
69300,69091,15
69301,69092,14
69302,69096,15
69303,69096,13
69304,69097,11
69305,69098,11
69306,69098,11
69307,69102,11
69308,69102,15
69309,69103,14
69310,69103,11
69311,69104,13
69312,69104,15
69313,69105,14
69314,69105,12
69315,69106,11
69316,69107,12
69317,69107,14
69318,69108,15
69319,69108,14
69320,69109,13
69321,69112,13
69322,69113,14
69323,69114,11
69324,69114,14
69325,69115,13
69326,69117,14
69327,69117,12
69328,69118,14
69329,69118,15
69330,69120,12
69331,69120,15
69332,69122,14
69333,69122,13
69334,69123,15
69335,69125,12
69336,69125,11
69337,69126,11
69338,69128,11
69339,69129,14
69340,69129,14
69341,69131,11
69342,69132,12
69343,69133,14
69344,69134,14
69345,69136,14
69346,69137,11
69347,69137,13
69348,69138,13
69349,69141,12
69350,69142,14
69351,69143,12
69352,69143,13
69353,69144,14
69354,69144,12
69355,69145,15
69356,69145,12
69357,69148,11
69358,69148,11
69359,69151,11
69360,69151,12
69361,69152,14
69362,69152,15
69363,69159,11
69364,69160,13
69365,69160,13
69366,69161,11
69367,69161,12
69368,69163,12
69369,69165,11
69370,69166,13
69371,69166,15
69372,69167,14
69373,69168,15
69374,69168,12
69375,69169,15
69376,69170,13
69377,69171,11
69378,69171,14
69379,69175,11
69380,69175,14
69381,69176,13
69382,69176,11
69383,69177,12
69384,69178,12
69385,69178,11
69386,69179,13
69387,69179,13
69388,69180,14
69389,69182,12
69390,69183,13
69391,69183,15
69392,69184,14
69393,69186,12
69394,69188,13
69395,69188,12
69396,69189,13
69397,69189,14
69398,69191,11
69399,69192,12
69400,69193,12
69401,69194,14
69402,69194,11
69403,69195,15
69404,69196,13
69405,69198,14
69406,69198,15
69407,69199,14
69408,69200,14
69409,69200,13
69410,69201,11
69411,69201,13
69412,69202,11
69413,69203,11
69414,69204,15
69415,69204,14
69416,69205,12
69417,69207,15
69418,69207,12
69419,69209,12
69420,69209,13
69421,69211,11
69422,69212,14
69423,69213,15
69424,69215,15
69425,69217,13
69426,69218,15
69427,69218,11
69428,69219,15
69429,69219,15
69430,69220,11
69431,69220,14
69432,69222,13
69433,69223,15
69434,69223,15
69435,69224,13
69436,69224,12
69437,69225,13
69438,69227,12
69439,69227,13
69440,69229,15
69441,69232,15
69442,69232,13
69443,69233,15
69444,69234,13
69445,69235,11
69446,69236,15
69447,69236,14
69448,69237,11
69449,69237,12
69450,69238,12
69451,69238,11
69452,69239,11
69453,69239,11
69454,69241,13
69455,69243,13
69456,69243,14
69457,69245,11
69458,69246,11
69459,69246,14
69460,69248,11
69461,69250,15
69462,69253,12
69463,69253,14
69464,69256,14
69465,69256,15
69466,69257,13
69467,69257,11
69468,69258,12
69469,69264,15
69470,69264,13
69471,69265,15
69472,69266,14
69473,69268,13
69474,69268,11
69475,69270,12
69476,69271,13
69477,69272,12
69478,69273,14
69479,69273,12
69480,69275,12
69481,69278,12
69482,69278,11
69483,69280,12
69484,69280,12
69485,69281,12
69486,69281,14
69487,69282,13
69488,69282,12
69489,69283,14
69490,69285,14
69491,69288,13
69492,69289,15
69493,69289,15
69494,69291,15
69495,69291,12
69496,69292,15
69497,69293,11
69498,69293,11
69499,69294,11
69500,69294,14
69501,69295,11
69502,69296,14
69503,69298,14
69504,69298,13
69505,69299,14
69506,69299,12
69507,69300,13
69508,69300,12
69509,69302,14
69510,69302,11
69511,69303,13
69512,69304,13
69513,69304,11
69514,69305,11
69515,69307,14
69516,69310,15
69517,69311,12
69518,69312,13
69519,69313,13
69520,69313,14
69521,69316,15
69522,69316,14
69523,69317,11
69524,69318,13
69525,69318,15
69526,69319,11
69527,69320,14
69528,69320,14
69529,69321,14
69530,69326,11
69531,69327,15
69532,69329,11
69533,69329,13
69534,69330,12
69535,69331,11
69536,69333,13
69537,69335,14
69538,69335,11
69539,69336,13
69540,69337,14
69541,69338,11
69542,69338,15
69543,69339,12
69544,69340,11
69545,69342,14
69546,69342,15
69547,69343,14
69548,69343,15
69549,69344,13
69550,69344,13
69551,69346,15
69552,69346,15
69553,69347,12
69554,69348,15
69555,69350,14
69556,69351,15
69557,69351,12
69558,69354,15
69559,69355,15
69560,69355,15
69561,69356,14
69562,69356,14
69563,69357,11
69564,69357,15
69565,69360,13
69566,69360,15
69567,69362,15
69568,69362,13
69569,69363,13
69570,69363,15
69571,69364,15
69572,69364,11
69573,69367,13
69574,69371,14
69575,69371,12
69576,69372,15
69577,69375,13
69578,69375,14
69579,69379,11
69580,69379,13
69581,69380,14
69582,69381,14
69583,69381,15
69584,69384,11
69585,69384,15
69586,69387,13
69587,69388,11
69588,69389,12
69589,69389,15
69590,69390,13
69591,69391,15
69592,69391,11
69593,69392,12
69594,69392,15
69595,69393,14
69596,69398,14
69597,69399,13
69598,69401,14
69599,69402,15
69600,69402,11
69601,69403,11
69602,69404,15
69603,69404,14
69604,69406,14
69605,69407,13
69606,69407,11
69607,69408,15
69608,69409,11
69609,69409,12
69610,69410,11
69611,69410,15
69612,69411,14
69613,69414,13
69614,69414,12
69615,69415,14
69616,69417,13
69617,69418,12
69618,69420,11
69619,69423,11
69620,69423,15
69621,69425,15
69622,69425,13
69623,69426,15
69624,69426,15
69625,69431,13
69626,69432,11
69627,69433,12
69628,69434,13
69629,69435,15
69630,69435,11
69631,69440,13
69632,69441,15
69633,69442,11
69634,69444,11
69635,69444,13
69636,69446,11
69637,69447,13
69638,69447,15
69639,69448,15
69640,69448,11
69641,69449,15
69642,69449,13
69643,69451,14
69644,69451,15
69645,69452,11
69646,69455,12
69647,69456,12
69648,69456,11
69649,69457,13
69650,69458,14
69651,69458,13
69652,69460,14
69653,69461,11
69654,69462,11
69655,69463,15
69656,69463,14
69657,69465,11
69658,69465,14
69659,69466,14
69660,69466,11
69661,69467,12
69662,69468,14
69663,69470,11
69664,69472,11
69665,69472,15
69666,69474,13
69667,69475,13
69668,69475,11
69669,69476,13
69670,69476,11
69671,69477,12
69672,69478,13
69673,69479,12
69674,69479,12
69675,69480,14
69676,69481,15
69677,69481,15
69678,69482,13
69679,69482,13
69680,69483,13
69681,69483,11
69682,69485,11
69683,69486,13
69684,69489,11
69685,69489,14
69686,69491,11
69687,69492,15
69688,69492,12
69689,69494,14
69690,69495,12
69691,69498,15
69692,69498,12
69693,69499,11
69694,69499,12
69695,69500,11
69696,69500,14
69697,69501,14
69698,69501,11
69699,69502,12
69700,69502,11
69701,69504,14
69702,69504,12
69703,69505,11
69704,69505,14
69705,69507,11
69706,69509,12
69707,69510,12
69708,69510,12
69709,69512,14
69710,69512,13
69711,69514,14
69712,69514,14
69713,69516,14
69714,69517,15
69715,69517,15
69716,69518,12
69717,69518,14
69718,69519,13
69719,69523,13
69720,69523,13
69721,69524,14
69722,69524,14
69723,69525,13
69724,69528,15
69725,69529,15
69726,69530,15
69727,69530,13
69728,69535,11
69729,69535,12
69730,69537,14
69731,69537,15
69732,69538,11
69733,69538,15
69734,69541,11
69735,69542,12
69736,69543,15
69737,69543,13
69738,69544,13
69739,69545,12
69740,69546,12
69741,69546,15
69742,69547,13
69743,69548,11
69744,69548,15
69745,69549,15
69746,69549,15
69747,69550,14
69748,69551,11
69749,69552,14
69750,69553,13
69751,69553,12
69752,69554,13
69753,69554,15
69754,69555,11
69755,69555,11
69756,69557,11
69757,69558,15
69758,69560,11
69759,69560,13
69760,69561,13
69761,69563,13
69762,69563,15
69763,69566,11
69764,69566,13
69765,69567,13
69766,69569,11
69767,69572,11
69768,69572,13
69769,69573,14
69770,69574,13
69771,69575,13
69772,69576,11
69773,69576,13
69774,69578,11
69775,69578,12
69776,69579,13
69777,69580,14
69778,69582,15
69779,69583,13
69780,69583,15
69781,69584,12
69782,69587,11
69783,69587,15
69784,69588,12
69785,69588,15
69786,69591,11
69787,69591,11
69788,69592,12
69789,69594,13
69790,69595,11
69791,69596,13
69792,69596,12
69793,69598,15
69794,69599,14
69795,69599,12
69796,69600,13
69797,69604,14
69798,69606,15
69799,69606,12
69800,69608,14
69801,69610,14
69802,69610,12
69803,69612,12
69804,69613,11
69805,69617,11
69806,69618,13
69807,69622,12
69808,69624,14
69809,69625,15
69810,69625,15
69811,69626,12
69812,69627,12
69813,69627,12
69814,69628,15
69815,69632,15
69816,69633,15
69817,69633,11
69818,69634,15
69819,69635,14
69820,69636,13
69821,69636,11
69822,69638,11
69823,69640,13
69824,69640,12
69825,69641,13
69826,69642,12
69827,69642,11
69828,69643,13
69829,69643,11
69830,69644,14
69831,69644,11
69832,69646,14
69833,69647,13
69834,69648,11
69835,69649,14
69836,69650,14
69837,69650,13
69838,69651,15
69839,69654,13
69840,69654,11
69841,69656,11
69842,69657,12
69843,69660,11
69844,69660,12
69845,69661,12
69846,69661,12
69847,69662,12
69848,69662,14
69849,69663,12
69850,69665,11
69851,69668,13
69852,69668,12
69853,69669,15
69854,69669,14
69855,69672,11
69856,69675,12
69857,69675,14
69858,69676,15
69859,69677,12
69860,69678,13
69861,69678,12
69862,69679,13
69863,69681,11
69864,69682,15
69865,69683,14
69866,69683,12
69867,69684,15
69868,69684,14
69869,69686,13
69870,69688,13
69871,69689,15
69872,69690,11
69873,69691,14
69874,69691,14
69875,69692,13
69876,69693,14
69877,69693,15
69878,69694,14
69879,69695,12
69880,69696,14
69881,69697,13
69882,69697,14
69883,69699,14
69884,69699,15
69885,69700,12
69886,69701,13
69887,69701,13
69888,69702,12
69889,69702,14
69890,69704,13
69891,69704,12
69892,69705,12
69893,69706,14
69894,69706,11
69895,69707,14
69896,69707,14
69897,69708,13
69898,69709,15
69899,69710,12
69900,69713,14
69901,69714,11
69902,69715,12
69903,69716,15
69904,69717,11
69905,69718,13
69906,69720,14
69907,69721,14
69908,69721,14
69909,69723,12
69910,69724,15
69911,69724,15
69912,69727,13
69913,69727,14
69914,69729,11
69915,69729,12
69916,69732,12
69917,69733,11
69918,69734,14
69919,69735,13
69920,69735,13
69921,69736,12
69922,69737,11
69923,69738,15
69924,69739,12
69925,69740,11
69926,69741,15
69927,69741,12
69928,69742,11
69929,69742,12
69930,69743,14
69931,69744,14
69932,69746,13
69933,69746,15
69934,69748,12
69935,69752,13
69936,69752,15
69937,69753,11
69938,69753,13
69939,69754,15
69940,69755,15
69941,69755,13
69942,69756,15
69943,69756,12
69944,69758,11
69945,69758,12
69946,69759,12
69947,69763,15
69948,69764,11
69949,69764,15
69950,69766,13
69951,69767,13
69952,69769,14
69953,69769,11
69954,69772,11
69955,69773,11
69956,69773,15
69957,69774,15
69958,69775,15
69959,69775,12
69960,69776,11
69961,69778,12
69962,69780,12
69963,69782,14
69964,69783,13
69965,69785,14
69966,69785,12
69967,69786,14
69968,69786,14
69969,69787,15
69970,69787,13
69971,69788,14
69972,69789,12
69973,69792,14
69974,69794,11
69975,69795,11
69976,69795,11
69977,69796,12
69978,69797,11
69979,69797,11
69980,69798,11
69981,69798,13
69982,69802,15
69983,69805,14
69984,69806,14
69985,69807,13
69986,69807,13
69987,69809,15
69988,69809,11
69989,69810,12
69990,69810,12
69991,69811,13
69992,69811,14
69993,69812,13
69994,69812,12
69995,69813,15
69996,69813,15
69997,69815,14
69998,69815,12
69999,69816,15
70000,69818,13
70001,69818,13
70002,69819,11
70003,69821,15
70004,69823,15
70005,69824,13
70006,69824,12
70007,69825,13
70008,69825,12
70009,69828,13
70010,69828,12
70011,69829,14
70012,69830,12
70013,69832,15
70014,69832,14
70015,69833,12
70016,69833,11
70017,69834,15
70018,69834,14
70019,69835,14
70020,69835,15
70021,69836,13
70022,69836,13
70023,69838,15
70024,69839,15
70025,69839,15
70026,69840,14
70027,69841,14
70028,69841,12
70029,69842,15
70030,69842,13
70031,69844,11
70032,69845,13
70033,69845,11
70034,69846,12
70035,69846,12
70036,69851,13
70037,69851,12
70038,69852,11
70039,69852,15
70040,69853,11
70041,69854,11
70042,69854,11
70043,69857,15
70044,69857,12
70045,69858,15
70046,69858,15
70047,69859,11
70048,69859,11
70049,69861,15
70050,69861,14
70051,69862,14
70052,69862,14
70053,69865,12
70054,69866,13
70055,69866,14
70056,69867,15
70057,69867,15
70058,69869,13
70059,69870,11
70060,69873,13
70061,69873,14
70062,69875,13
70063,69875,12
70064,69877,13
70065,69877,15
70066,69878,11
70067,69881,11
70068,69881,11
70069,69882,15
70070,69882,14
70071,69883,14
70072,69884,12
70073,69884,12
70074,69885,11
70075,69885,11
70076,69886,13
70077,69886,14
70078,69887,11
70079,69887,15
70080,69888,11
70081,69889,15
70082,69889,11
70083,69890,11
70084,69890,13
70085,69892,12
70086,69894,12
70087,69894,13
70088,69895,11
70089,69896,15
70090,69896,11
70091,69899,14
70092,69899,12
70093,69900,15
70094,69904,14
70095,69906,15
70096,69907,14
70097,69910,14
70098,69911,11
70099,69911,12
70100,69916,14
70101,69917,14
70102,69917,15
70103,69919,14
70104,69919,13
70105,69920,12
70106,69921,11
70107,69921,15
70108,69922,15
70109,69922,15
70110,69925,14
70111,69926,11
70112,69928,13
70113,69928,15
70114,69932,14
70115,69932,12
70116,69933,12
70117,69934,11
70118,69934,14
70119,69937,12
70120,69937,14
70121,69939,15
70122,69941,13
70123,69941,14
70124,69942,12
70125,69942,14
70126,69944,15
70127,69944,11
70128,69945,14
70129,69945,14
70130,69946,13
70131,69947,13
70132,69948,11
70133,69948,13
70134,69951,15
70135,69951,12
70136,69955,14
70137,69956,15
70138,69956,12
70139,69957,13
70140,69957,14
70141,69959,11
70142,69959,11
70143,69960,13
70144,69960,14
70145,69961,14
70146,69961,15
70147,69964,11
70148,69964,11
70149,69965,15
70150,69965,11
70151,69966,13
70152,69966,14
70153,69967,14
70154,69967,13
70155,69968,13
70156,69969,11
70157,69969,13
70158,69970,14
70159,69971,12
70160,69973,11
70161,69974,11
70162,69974,15
70163,69976,15
70164,69977,14
70165,69977,12
70166,69978,15
70167,69981,11
70168,69981,15
70169,69982,11
70170,69983,12
70171,69984,12
70172,69984,15
70173,69985,14
70174,69986,12
70175,69986,13
70176,69990,13
70177,69990,14
70178,69992,14
70179,69992,15
70180,69993,12
70181,69994,12
70182,69995,11
70183,69997,14
70184,69997,12
70185,69999,11
70186,70000,13
70187,70001,15
70188,70001,13
70189,70002,13
70190,70002,15
70191,70003,13
70192,70004,14
70193,70005,14
70194,70006,12
70195,70006,11
70196,70012,15
70197,70013,11
70198,70013,11
70199,70014,15
70200,70014,14
70201,70017,13
70202,70018,13
70203,70018,14
70204,70020,13
70205,70020,15
70206,70021,14
70207,70021,15
70208,70022,15
70209,70022,11
70210,70023,11
70211,70023,15
70212,70024,12
70213,70024,11
70214,70025,11
70215,70025,15
70216,70026,15
70217,70026,15
70218,70028,14
70219,70028,15
70220,70029,12
70221,70030,13
70222,70030,11
70223,70032,14
70224,70033,12
70225,70034,11
70226,70034,11
70227,70037,13
70228,70037,12
70229,70039,12
70230,70040,12
70231,70042,13
70232,70042,15
70233,70045,13
70234,70047,11
70235,70047,15
70236,70048,12
70237,70049,12
70238,70049,13
70239,70052,13
70240,70052,15
70241,70054,13
70242,70057,14
70243,70058,14
70244,70059,11
70245,70059,15
70246,70061,15
70247,70061,12
70248,70062,11
70249,70064,14
70250,70064,13
70251,70065,15
70252,70065,11
70253,70066,12
70254,70068,15
70255,70068,15
70256,70069,14
70257,70070,14
70258,70071,11
70259,70071,15
70260,70073,12
70261,70073,11
70262,70074,14
70263,70075,14
70264,70075,12
70265,70076,12
70266,70076,13
70267,70079,11
70268,70079,12
70269,70081,11
70270,70082,15
70271,70083,11
70272,70083,11
70273,70084,13
70274,70084,13
70275,70085,14
70276,70085,14
70277,70087,13
70278,70087,12
70279,70089,11
70280,70089,11
70281,70091,15
70282,70093,11
70283,70093,11
70284,70094,15
70285,70095,13
70286,70095,12
70287,70098,14
70288,70102,12
70289,70102,14
70290,70103,15
70291,70106,11
70292,70106,14
70293,70107,12
70294,70107,13
70295,70108,14
70296,70111,15
70297,70111,15
70298,70112,12
70299,70112,14
70300,70113,13
70301,70115,12
70302,70115,14
70303,70116,15
70304,70117,11
70305,70117,14
70306,70118,11
70307,70119,11
70308,70120,11
70309,70120,11
70310,70121,13
70311,70121,15
70312,70122,13
70313,70122,13
70314,70123,13
70315,70123,15
70316,70124,15
70317,70127,13
70318,70129,13
70319,70130,11
70320,70130,13
70321,70131,14
70322,70131,11
70323,70132,12
70324,70132,14
70325,70136,15
70326,70136,13
70327,70140,15
70328,70141,14
70329,70142,12
70330,70147,12
70331,70147,12
70332,70149,14
70333,70149,14
70334,70150,11
70335,70151,11
70336,70153,13
70337,70153,14
70338,70154,14
70339,70159,14
70340,70160,11
70341,70163,11
70342,70163,11
70343,70164,12
70344,70164,15
70345,70165,11
70346,70166,13
70347,70167,15
70348,70167,12
70349,70169,15
70350,70170,15
70351,70170,15
70352,70171,14
70353,70172,15
70354,70172,12
70355,70174,15
70356,70174,14
70357,70177,14
70358,70178,13
70359,70179,13
70360,70179,15
70361,70183,11
70362,70184,11
70363,70184,13
70364,70185,14
70365,70187,15
70366,70188,15
70367,70189,11
70368,70189,15
70369,70190,12
70370,70190,15
70371,70191,12
70372,70193,12
70373,70193,11
70374,70194,15
70375,70196,14
70376,70197,14
70377,70197,15
70378,70200,14
70379,70200,13
70380,70202,12
70381,70202,14
70382,70203,13
70383,70204,13
70384,70205,13
70385,70206,11
70386,70206,13
70387,70207,15
70388,70207,14
70389,70210,11
70390,70215,13
70391,70216,13
70392,70216,11
70393,70217,13
70394,70217,13
70395,70219,14
70396,70222,15
70397,70223,12
70398,70223,12
70399,70227,15
70400,70229,14
70401,70229,11
70402,70230,12
70403,70232,14
70404,70232,12
70405,70234,14
70406,70238,13
70407,70238,15
70408,70239,15
70409,70240,15
70410,70240,14
70411,70243,11
70412,70246,12
70413,70247,13
70414,70248,12
70415,70248,11
70416,70250,15
70417,70250,12
70418,70251,15
70419,70251,11
70420,70252,15
70421,70252,12
70422,70253,12
70423,70255,11
70424,70256,11
70425,70256,12
70426,70257,13
70427,70257,15
70428,70259,12
70429,70259,11
70430,70260,13
70431,70261,14
70432,70263,14
70433,70263,13
70434,70264,14
70435,70264,15
70436,70266,13
70437,70266,11
70438,70268,15
70439,70268,12
70440,70270,15
70441,70270,15
70442,70271,11
70443,70271,15
70444,70272,14
70445,70272,11
70446,70274,14
70447,70274,13
70448,70276,13
70449,70278,11
70450,70279,13
70451,70279,13
70452,70280,12
70453,70280,13
70454,70282,12
70455,70282,15
70456,70288,14
70457,70290,11
70458,70290,11
70459,70294,13
70460,70296,13
70461,70296,15
70462,70297,15
70463,70299,12
70464,70299,13
70465,70300,13
70466,70301,13
70467,70302,14
70468,70303,15
70469,70303,11
70470,70304,11
70471,70305,13
70472,70305,15
70473,70306,12
70474,70306,13
70475,70307,13
70476,70307,14
70477,70309,11
70478,70309,12
70479,70310,13
70480,70311,15
70481,70312,13
70482,70312,15
70483,70313,11
70484,70315,11
70485,70316,15
70486,70318,15
70487,70318,12
70488,70319,12
70489,70320,12
70490,70322,15
70491,70324,15
70492,70324,14
70493,70326,11
70494,70329,12
70495,70330,11
70496,70331,11
70497,70331,15
70498,70334,12
70499,70338,11
70500,70340,14
70501,70340,13
70502,70342,12
70503,70342,12
70504,70344,11
70505,70344,11
70506,70346,15
70507,70347,15
70508,70347,11
70509,70348,13
70510,70348,12
70511,70350,14
70512,70351,15
70513,70351,12
70514,70352,13
70515,70352,15
70516,70353,12
70517,70354,13
70518,70357,14
70519,70357,14
70520,70360,15
70521,70360,15
70522,70361,13
70523,70361,11
70524,70363,11
70525,70364,13
70526,70365,11
70527,70367,11
70528,70367,11
70529,70370,14
70530,70372,11
70531,70372,12
70532,70374,14
70533,70374,13
70534,70375,11
70535,70375,13
70536,70376,14
70537,70376,14
70538,70377,12
70539,70378,13
70540,70378,12
70541,70380,11
70542,70380,11
70543,70381,13
70544,70382,11
70545,70382,14
70546,70384,12
70547,70385,15
70548,70385,11
70549,70386,13
70550,70386,15
70551,70387,14
70552,70388,12
70553,70392,12
70554,70393,13
70555,70395,13
70556,70395,11
70557,70396,11
70558,70396,14
70559,70398,11
70560,70398,14
70561,70399,14
70562,70400,12
70563,70400,12
70564,70404,13
70565,70404,13
70566,70406,12
70567,70406,13
70568,70408,11
70569,70409,15
70570,70410,13
70571,70410,14
70572,70412,11
70573,70413,11
70574,70415,13
70575,70416,13
70576,70417,12
70577,70417,14
70578,70422,11
70579,70422,12
70580,70424,11
70581,70424,14
70582,70427,12
70583,70427,13
70584,70428,11
70585,70428,13
70586,70429,13
70587,70429,15
70588,70430,12
70589,70430,14
70590,70431,12
70591,70431,15
70592,70433,15
70593,70433,13
70594,70434,12
70595,70435,11
70596,70437,12
70597,70437,11
70598,70442,14
70599,70442,15
70600,70443,14
70601,70443,14
70602,70448,14
70603,70448,11
70604,70450,13
70605,70453,11
70606,70453,15
70607,70454,12
70608,70455,12
70609,70456,15
70610,70457,11
70611,70457,12
70612,70459,14
70613,70461,15
70614,70461,13
70615,70463,11
70616,70464,11
70617,70465,13
70618,70465,15
70619,70466,12
70620,70467,14
70621,70468,13
70622,70469,15
70623,70469,12
70624,70474,12
70625,70475,11
70626,70477,13
70627,70477,11
70628,70478,13
70629,70479,15
70630,70480,15
70631,70481,14
70632,70482,13
70633,70483,14
70634,70483,15
70635,70484,13
70636,70485,15
70637,70485,13
70638,70486,14
70639,70486,15
70640,70487,14
70641,70488,12
70642,70489,11
70643,70489,12
70644,70491,12
70645,70491,13
70646,70492,14
70647,70492,15
70648,70493,13
70649,70493,13
70650,70494,14
70651,70494,13
70652,70496,15
70653,70497,13
70654,70497,12
70655,70498,14
70656,70500,13
70657,70500,13
70658,70501,12
70659,70501,12
70660,70502,15
70661,70504,14
70662,70506,13
70663,70507,12
70664,70507,15
70665,70508,13
70666,70508,15
70667,70510,14
70668,70510,12
70669,70511,15
70670,70511,11
70671,70514,15
70672,70514,13
70673,70517,12
70674,70519,12
70675,70519,15
70676,70520,15
70677,70520,11
70678,70521,12
70679,70522,11
70680,70523,11
70681,70523,11
70682,70524,13
70683,70526,12
70684,70527,12
70685,70527,12
70686,70530,14
70687,70530,11
70688,70531,12
70689,70531,12
70690,70533,14
70691,70533,12
70692,70535,15
70693,70535,11
70694,70537,12
70695,70540,11
70696,70540,13
70697,70544,14
70698,70545,12
70699,70545,14
70700,70546,12
70701,70546,14
70702,70547,12
70703,70548,15
70704,70549,15
70705,70549,13
70706,70550,11
70707,70551,14
70708,70552,12
70709,70552,12
70710,70553,11
70711,70556,12
70712,70557,12
70713,70557,11
70714,70558,11
70715,70559,13
70716,70559,15
70717,70560,13
70718,70560,13
70719,70562,13
70720,70565,13
70721,70566,14
70722,70567,12
70723,70568,12
70724,70568,15
70725,70569,15
70726,70570,12
70727,70570,11
70728,70571,13
70729,70572,11
70730,70572,15
70731,70573,15
70732,70573,12
70733,70574,12
70734,70574,13
70735,70575,12
70736,70576,13
70737,70577,11
70738,70577,14
70739,70578,14
70740,70579,11
70741,70579,13
70742,70580,12
70743,70583,11
70744,70583,15
70745,70584,12
70746,70584,15
70747,70585,13
70748,70585,11
70749,70586,12
70750,70588,13
70751,70589,14
70752,70591,14
70753,70591,11
70754,70593,11
70755,70593,11
70756,70594,15
70757,70595,14
70758,70595,12
70759,70596,12
70760,70597,13
70761,70597,12
70762,70598,13
70763,70600,13
70764,70600,13
70765,70601,13
70766,70602,12
70767,70603,11
70768,70603,11
70769,70604,11
70770,70604,11
70771,70605,11
70772,70605,14
70773,70606,15
70774,70608,11
70775,70608,12
70776,70610,15
70777,70610,14
70778,70611,12
70779,70613,11
70780,70613,12
70781,70614,13
70782,70614,15
70783,70616,11
70784,70616,15
70785,70617,12
70786,70617,11
70787,70618,11
70788,70620,12
70789,70620,11
70790,70621,11
70791,70622,12
70792,70622,11
70793,70623,12
70794,70624,15
70795,70624,13
70796,70627,11
70797,70627,12
70798,70628,12
70799,70629,12
70800,70629,11
70801,70630,15
70802,70634,15
70803,70634,13
70804,70635,14
70805,70635,13
70806,70636,11
70807,70637,14
70808,70637,11
70809,70638,11
70810,70638,15
70811,70643,12
70812,70644,15
70813,70645,13
70814,70645,14
70815,70646,13
70816,70646,13
70817,70647,12
70818,70648,15
70819,70648,15
70820,70649,12
70821,70649,13
70822,70650,14
70823,70650,14
70824,70652,12
70825,70652,14
70826,70654,14
70827,70655,14
70828,70656,14
70829,70657,13
70830,70657,11
70831,70659,11
70832,70659,12
70833,70660,12
70834,70660,11
70835,70661,13
70836,70661,14
70837,70662,12
70838,70662,12
70839,70664,15
70840,70664,11
70841,70666,12
70842,70666,14
70843,70667,13
70844,70668,14
70845,70668,13
70846,70671,13
70847,70672,11
70848,70673,15
70849,70674,12
70850,70676,13
70851,70678,14
70852,70678,12
70853,70680,15
70854,70680,14
70855,70681,14
70856,70682,12
70857,70683,13
70858,70685,12
70859,70686,12
70860,70686,12
70861,70687,15
70862,70688,14
70863,70690,15
70864,70691,14
70865,70692,12
70866,70692,12
70867,70693,15
70868,70695,11
70869,70697,14
70870,70698,15
70871,70700,15
70872,70702,15
70873,70703,11
70874,70707,11
70875,70707,12
70876,70710,15
70877,70712,15
70878,70713,14
70879,70713,15
70880,70714,14
70881,70716,13
70882,70716,13
70883,70718,11
70884,70718,15
70885,70720,11
70886,70722,12
70887,70723,13
70888,70724,12
70889,70724,13
70890,70725,12
70891,70725,13
70892,70727,13
70893,70728,12
70894,70728,12
70895,70729,15
70896,70729,11
70897,70734,15
70898,70736,14
70899,70736,11
70900,70739,11
70901,70739,14
70902,70742,14
70903,70742,15
70904,70743,14
70905,70744,15
70906,70744,13
70907,70745,11
70908,70747,12
70909,70748,13
70910,70749,15
70911,70749,13
70912,70750,15
70913,70750,13
70914,70751,15
70915,70752,14
70916,70752,14
70917,70754,14
70918,70754,11
70919,70755,14
70920,70756,13
70921,70757,14
70922,70758,13
70923,70761,13
70924,70762,11
70925,70764,14
70926,70764,15
70927,70765,12
70928,70767,12
70929,70767,13
70930,70768,14
70931,70768,12
70932,70771,12
70933,70772,15
70934,70772,14
70935,70773,12
70936,70773,13
70937,70774,15
70938,70776,11
70939,70779,15
70940,70780,11
70941,70781,15
70942,70781,11
70943,70782,11
70944,70782,11
70945,70783,15
70946,70784,14
70947,70785,13
70948,70785,15
70949,70786,14
70950,70789,13
70951,70790,12
70952,70790,13
70953,70791,13
70954,70794,15
70955,70794,14
70956,70798,14
70957,70798,15
70958,70802,11
70959,70803,15
70960,70806,12
70961,70806,11
70962,70807,15
70963,70808,11
70964,70811,11
70965,70811,13
70966,70813,14
70967,70814,15
70968,70816,12
70969,70816,13
70970,70817,15
70971,70818,13
70972,70818,15
70973,70819,14
70974,70820,11
70975,70820,14
70976,70825,12
70977,70827,15
70978,70827,12
70979,70828,14
70980,70829,15
70981,70829,15
70982,70830,11
70983,70830,12
70984,70831,11
70985,70832,14
70986,70832,15
70987,70833,11
70988,70833,11
70989,70835,12
70990,70835,14
70991,70840,11
70992,70841,15
70993,70842,15
70994,70843,13
70995,70844,13
70996,70845,15
70997,70849,13
70998,70850,13
70999,70850,15
71000,70851,12
71001,70852,11
71002,70853,15
71003,70855,11
71004,70857,12
71005,70857,11
71006,70858,11
71007,70858,13
71008,70859,11
71009,70861,13
71010,70861,15
71011,70862,15
71012,70862,14
71013,70864,13
71014,70864,13
71015,70865,13
71016,70865,14
71017,70868,11
71018,70869,14
71019,70869,11
71020,70870,13
71021,70871,15
71022,70873,12
71023,70874,15
71024,70875,11
71025,70875,13
71026,70876,11
71027,70877,11
71028,70877,14
71029,70878,12
71030,70878,11
71031,70879,13
71032,70879,14
71033,70880,12
71034,70882,15
71035,70884,11
71036,70885,14
71037,70885,12
71038,70887,15
71039,70887,14
71040,70888,15
71041,70889,12
71042,70889,12
71043,70890,11
71044,70890,15
71045,70892,13
71046,70892,11
71047,70894,13
71048,70894,13
71049,70895,13
71050,70895,12
71051,70896,13
71052,70896,12
71053,70897,12
71054,70897,12
71055,70899,13
71056,70903,11
71057,70903,14
71058,70904,11
71059,70905,14
71060,70905,11
71061,70906,15
71062,70907,12
71063,70908,13
71064,70908,14
71065,70909,14
71066,70909,13
71067,70910,15
71068,70910,14
71069,70912,15
71070,70912,12
71071,70913,11
71072,70913,15
71073,70915,13
71074,70915,13
71075,70916,11
71076,70916,13
71077,70918,14
71078,70918,11
71079,70919,12
71080,70922,14
71081,70922,14
71082,70923,14
71083,70923,15
71084,70926,15
71085,70926,13
71086,70927,12
71087,70927,15
71088,70928,15
71089,70928,14
71090,70929,11
71091,70932,15
71092,70933,15
71093,70933,11
71094,70934,11
71095,70935,14
71096,70939,12
71097,70939,13
71098,70940,12
71099,70940,14
71100,70941,12
71101,70941,15
71102,70942,12
71103,70942,15
71104,70944,12
71105,70944,15
71106,70945,13
71107,70948,13
71108,70949,14
71109,70949,15
71110,70950,15
71111,70950,11
71112,70952,11
71113,70952,11
71114,70953,15
71115,70953,11
71116,70957,11
71117,70957,15
71118,70959,13
71119,70959,11
71120,70960,15
71121,70960,14
71122,70961,14
71123,70963,15
71124,70963,11
71125,70965,13
71126,70966,14
71127,70967,12
71128,70970,13
71129,70970,14
71130,70971,15
71131,70972,15
71132,70973,11
71133,70973,12
71134,70978,13
71135,70978,12
71136,70979,14
71137,70980,12
71138,70981,13
71139,70983,12
71140,70984,15
71141,70986,13
71142,70986,12
71143,70988,12
71144,70989,11
71145,70989,15
71146,70990,14
71147,70990,13
71148,70993,12
71149,70993,14
71150,70996,11
71151,70998,12
71152,71000,14
71153,71000,11
71154,71001,15
71155,71001,15
71156,71003,12
71157,71003,13
71158,71004,14
71159,71004,14
71160,71007,12
71161,71008,12
71162,71008,14
71163,71010,13
71164,71010,13
71165,71011,11
71166,71011,12
71167,71012,13
71168,71013,12
71169,71014,15
71170,71014,12
71171,71015,12
71172,71016,13
71173,71016,14
71174,71018,15
71175,71018,13
71176,71020,12
71177,71021,12
71178,71021,15
71179,71023,14
71180,71024,13
71181,71025,14
71182,71027,14
71183,71028,14
71184,71029,13
71185,71030,13
71186,71030,15
71187,71031,11
71188,71031,11
71189,71032,14
71190,71035,14
71191,71035,14
71192,71038,15
71193,71041,15
71194,71042,14
71195,71043,12
71196,71043,12
71197,71044,15
71198,71044,14
71199,71045,14
71200,71046,12
71201,71047,13
71202,71048,15
71203,71048,12
71204,71049,15
71205,71049,12
71206,71051,13
71207,71054,15
71208,71054,15
71209,71055,11
71210,71055,14
71211,71056,14
71212,71058,12
71213,71058,11
71214,71059,15
71215,71059,14
71216,71060,11
71217,71062,13
71218,71062,14
71219,71063,14
71220,71063,14
71221,71066,12
71222,71066,11
71223,71067,14
71224,71067,13
71225,71068,14
71226,71069,15
71227,71069,12
71228,71070,13
71229,71071,15
71230,71074,14
71231,71074,12
71232,71076,11
71233,71077,12
71234,71077,11
71235,71078,15
71236,71079,12
71237,71080,15
71238,71080,11
71239,71083,11
71240,71084,11
71241,71084,11
71242,71086,12
71243,71086,11
71244,71087,15
71245,71088,13
71246,71088,12
71247,71090,12
71248,71091,12
71249,71092,11
71250,71092,15
71251,71093,14
71252,71093,14
71253,71095,12
71254,71095,14
71255,71099,15
71256,71099,15
71257,71100,11
71258,71103,14
71259,71105,13
71260,71106,13
71261,71108,15
71262,71109,11
71263,71110,14
71264,71111,13
71265,71111,13
71266,71112,15
71267,71114,14
71268,71114,11
71269,71116,11
71270,71117,13
71271,71120,14
71272,71121,15
71273,71122,15
71274,71122,13
71275,71123,13
71276,71125,14
71277,71125,15
71278,71128,11
71279,71128,13
71280,71130,15
71281,71131,14
71282,71131,11
71283,71132,15
71284,71132,14
71285,71133,14
71286,71135,13
71287,71136,15
71288,71137,12
71289,71138,15
71290,71139,12
71291,71140,12
71292,71140,13
71293,71141,14
71294,71142,14
71295,71142,15
71296,71144,11
71297,71146,14
71298,71146,15
71299,71149,12
71300,71149,15
71301,71150,12
71302,71150,12
71303,71152,12
71304,71152,15
71305,71153,12
71306,71154,15
71307,71156,14
71308,71157,12
71309,71157,13
71310,71158,14
71311,71159,11
71312,71162,11
71313,71162,13
71314,71164,13
71315,71164,14
71316,71165,13
71317,71166,11
71318,71167,11
71319,71168,11
71320,71169,12
71321,71170,15
71322,71171,15
71323,71172,14
71324,71172,14
71325,71173,15
71326,71175,15
71327,71176,13
71328,71178,13
71329,71178,15
71330,71180,15
71331,71182,11
71332,71182,14
71333,71183,11
71334,71183,13
71335,71184,13
71336,71184,11
71337,71185,11
71338,71186,11
71339,71186,11
71340,71188,11
71341,71189,15
71342,71191,12
71343,71193,11
71344,71193,11
71345,71194,14
71346,71194,12
71347,71197,12
71348,71199,14
71349,71200,13
71350,71201,15
71351,71201,15
71352,71202,12
71353,71202,15
71354,71203,15
71355,71203,13
71356,71207,15
71357,71208,14
71358,71208,13
71359,71210,11
71360,71211,11
71361,71212,11
71362,71213,11
71363,71213,14
71364,71215,13
71365,71217,11
71366,71217,14
71367,71220,15
71368,71220,13
71369,71224,12
71370,71225,15
71371,71225,14
71372,71227,12
71373,71227,14
71374,71228,12
71375,71234,13
71376,71234,12
71377,71235,12
71378,71235,11
71379,71236,14
71380,71238,11
71381,71240,15
71382,71241,12
71383,71241,13
71384,71242,12
71385,71244,13
71386,71244,11
71387,71245,13
71388,71245,11
71389,71247,15
71390,71250,14
71391,71251,13
71392,71251,15
71393,71255,13
71394,71256,12
71395,71256,13
71396,71259,15
71397,71260,12
71398,71260,13
71399,71261,15
71400,71261,13
71401,71262,12
71402,71262,15
71403,71263,12
71404,71264,12
71405,71266,15
71406,71266,11
71407,71267,15
71408,71267,15
71409,71268,13
71410,71269,14
71411,71270,14
71412,71270,11
71413,71271,13
71414,71272,14
71415,71272,11
71416,71273,13
71417,71273,13
71418,71274,14
71419,71275,13
71420,71275,12
71421,71276,14
71422,71276,14
71423,71279,11
71424,71280,12
71425,71280,11
71426,71281,14
71427,71281,15
71428,71283,15
71429,71283,13
71430,71284,14
71431,71284,15
71432,71285,13
71433,71287,12
71434,71287,12
71435,71288,13
71436,71289,11
71437,71289,13
71438,71291,15
71439,71291,15
71440,71292,14
71441,71294,15
71442,71295,12
71443,71295,13
71444,71296,13
71445,71296,11
71446,71299,11
71447,71301,14
71448,71301,13
71449,71303,12
71450,71304,12
71451,71304,12
71452,71306,12
71453,71306,12
71454,71307,15
71455,71307,15
71456,71308,15
71457,71308,14
71458,71309,13
71459,71310,12
71460,71310,14
71461,71311,15
71462,71311,15
71463,71312,11
71464,71312,11
71465,71313,12
71466,71313,15
71467,71314,11
71468,71316,11
71469,71316,11
71470,71318,11
71471,71318,14
71472,71319,13
71473,71319,14
71474,71320,14
71475,71324,14
71476,71324,14
71477,71325,14
71478,71327,14
71479,71327,11
71480,71329,12
71481,71329,14
71482,71332,11
71483,71334,15
71484,71334,15
71485,71335,15
71486,71337,11
71487,71339,14
71488,71344,14
71489,71346,11
71490,71346,14
71491,71347,11
71492,71349,11
71493,71349,14
71494,71350,12
71495,71350,11
71496,71351,14
71497,71351,12
71498,71352,14
71499,71356,13
71500,71358,14
71501,71359,15
71502,71359,13
71503,71360,15
71504,71362,11
71505,71362,13
71506,71363,13
71507,71363,12
71508,71364,14
71509,71364,14
71510,71365,12
71511,71365,11
71512,71366,11
71513,71368,11
71514,71368,13
71515,71369,15
71516,71370,13
71517,71370,15
71518,71372,12
71519,71372,13
71520,71373,12
71521,71376,11
71522,71377,15
71523,71377,12
71524,71380,13
71525,71380,11
71526,71382,14
71527,71382,13
71528,71383,12
71529,71384,14
71530,71385,14
71531,71387,13
71532,71388,12
71533,71389,15
71534,71390,13
71535,71390,11
71536,71391,14
71537,71392,13
71538,71392,13
71539,71394,11
71540,71394,12
71541,71395,13
71542,71395,13
71543,71396,15
71544,71397,15
71545,71397,12
71546,71398,15
71547,71398,14
71548,71399,12
71549,71401,12
71550,71402,15
71551,71406,13
71552,71406,11
71553,71409,12
71554,71409,11
71555,71411,13
71556,71412,15
71557,71413,14
71558,71416,12
71559,71417,12
71560,71418,13
71561,71419,13
71562,71424,13
71563,71424,14
71564,71425,11
71565,71425,11
71566,71426,14
71567,71426,13
71568,71427,14
71569,71427,15
71570,71431,15
71571,71432,12
71572,71432,13
71573,71433,11
71574,71434,12
71575,71434,11
71576,71435,11
71577,71435,15
71578,71436,15
71579,71439,13
71580,71440,13
71581,71440,14
71582,71441,13
71583,71441,15
71584,71443,12
71585,71443,12
71586,71444,15
71587,71445,11
71588,71446,11
71589,71446,13
71590,71447,14
71591,71447,14
71592,71448,13
71593,71449,14
71594,71452,13
71595,71452,13
71596,71453,12
71597,71455,11
71598,71455,14
71599,71457,12
71600,71457,13
71601,71459,13
71602,71460,12
71603,71460,12
71604,71461,12
71605,71461,14
71606,71462,15
71607,71462,12
71608,71463,11
71609,71464,12
71610,71464,11
71611,71465,15
71612,71465,13
71613,71467,13
71614,71467,12
71615,71468,14
71616,71469,14
71617,71473,15
71618,71473,15
71619,71474,13
71620,71474,13
71621,71475,11
71622,71475,13
71623,71476,15
71624,71478,14
71625,71479,11
71626,71479,12
71627,71481,11
71628,71481,11
71629,71482,15
71630,71483,13
71631,71483,15
71632,71484,12
71633,71486,11
71634,71486,12
71635,71487,13
71636,71488,15
71637,71489,11
71638,71490,14
71639,71490,11
71640,71491,12
71641,71493,11
71642,71496,15
71643,71497,15
71644,71500,11
71645,71501,13
71646,71501,11
71647,71503,11
71648,71504,13
71649,71504,11
71650,71506,15
71651,71506,14
71652,71507,14
71653,71507,14
71654,71508,14
71655,71509,13
71656,71509,15
71657,71510,14
71658,71511,14
71659,71513,15
71660,71513,15
71661,71514,11
71662,71514,12
71663,71516,12
71664,71516,13
71665,71518,13
71666,71518,11
71667,71523,14
71668,71525,15
71669,71525,14
71670,71530,11
71671,71531,13
71672,71533,15
71673,71534,13
71674,71534,13
71675,71535,13
71676,71535,12
71677,71536,13
71678,71537,13
71679,71537,14
71680,71538,14
71681,71538,14
71682,71540,15
71683,71540,15
71684,71541,12
71685,71541,11
71686,71542,13
71687,71543,12
71688,71544,11
71689,71544,13
71690,71545,11
71691,71547,12
71692,71548,11
71693,71549,14
71694,71551,14
71695,71551,15
71696,71552,13
71697,71552,12
71698,71553,15
71699,71553,13
71700,71554,12
71701,71554,11
71702,71555,13
71703,71556,12
71704,71556,12
71705,71560,13
71706,71562,13
71707,71562,12
71708,71563,14
71709,71564,13
71710,71564,14
71711,71565,13
71712,71565,11
71713,71566,13
71714,71566,13
71715,71567,15
71716,71567,12
71717,71568,11
71718,71568,12
71719,71570,11
71720,71571,14
71721,71571,13
71722,71573,13
71723,71574,11
71724,71574,15
71725,71575,13
71726,71575,13
71727,71577,13
71728,71579,13
71729,71580,13
71730,71581,11
71731,71581,13
71732,71582,11
71733,71583,13
71734,71584,15
71735,71584,15
71736,71585,15
71737,71585,14
71738,71587,12
71739,71588,15
71740,71588,13
71741,71589,11
71742,71589,11
71743,71590,15
71744,71590,12
71745,71591,12
71746,71592,11
71747,71592,15
71748,71594,14
71749,71595,14
71750,71595,14
71751,71596,15
71752,71597,11
71753,71597,15
71754,71599,14
71755,71599,13
71756,71601,11
71757,71601,14
71758,71602,13
71759,71604,11
71760,71605,15
71761,71606,14
71762,71606,15
71763,71607,15
71764,71608,12
71765,71609,11
71766,71609,12
71767,71610,13
71768,71611,15
71769,71612,13
71770,71612,11
71771,71613,14
71772,71613,15
71773,71614,14
71774,71616,15
71775,71616,11
71776,71620,12
71777,71620,14
71778,71622,12
71779,71622,11
71780,71625,14
71781,71626,11
71782,71627,12
71783,71627,14
71784,71628,12
71785,71628,15
71786,71630,11
71787,71631,11
71788,71632,13
71789,71632,11
71790,71633,14
71791,71633,13
71792,71636,13
71793,71636,11
71794,71637,15
71795,71639,12
71796,71639,11
71797,71640,15
71798,71640,12
71799,71641,15
71800,71642,11
71801,71642,12
71802,71644,11
71803,71646,13
71804,71648,11
71805,71649,15
71806,71649,12
71807,71650,13
71808,71651,13
71809,71652,11
71810,71652,15
71811,71653,13
71812,71653,15
71813,71655,13
71814,71655,15
71815,71658,11
71816,71658,13
71817,71659,13
71818,71660,13
71819,71660,13
71820,71661,13
71821,71663,15
71822,71663,13
71823,71666,13
71824,71666,15
71825,71670,13
71826,71671,12
71827,71672,13
71828,71673,14
71829,71674,11
71830,71674,14
71831,71675,14
71832,71675,15
71833,71676,15
71834,71677,13
71835,71677,14
71836,71678,14
71837,71679,14
71838,71680,15
71839,71680,11
71840,71681,13
71841,71681,11
71842,71682,12
71843,71682,13
71844,71684,13
71845,71685,14
71846,71685,15
71847,71686,12
71848,71686,14
71849,71687,14
71850,71688,14
71851,71688,12
71852,71689,14
71853,71689,15
71854,71690,11
71855,71691,13
71856,71692,15
71857,71692,13
71858,71693,12
71859,71694,13
71860,71695,13
71861,71696,12
71862,71696,13
71863,71697,15
71864,71697,11
71865,71698,12
71866,71698,11
71867,71699,15
71868,71699,13
71869,71700,15
71870,71700,11
71871,71701,14
71872,71702,13
71873,71704,11
71874,71705,13
71875,71705,12
71876,71706,13
71877,71707,12
71878,71709,13
71879,71710,15
71880,71714,11
71881,71719,12
71882,71720,13
71883,71722,14
71884,71722,15
71885,71723,15
71886,71723,13
71887,71724,13
71888,71724,11
71889,71726,11
71890,71726,11
71891,71727,11
71892,71728,11
71893,71728,13
71894,71730,14
71895,71730,12
71896,71731,14
71897,71732,14
71898,71734,15
71899,71734,15
71900,71735,11
71901,71736,15
71902,71736,12
71903,71737,12
71904,71737,15
71905,71738,14
71906,71738,11
71907,71740,11
71908,71740,14
71909,71746,15
71910,71750,15
71911,71752,13
71912,71753,13
71913,71754,13
71914,71756,12
71915,71757,15
71916,71757,12
71917,71758,11
71918,71759,13
71919,71759,13
71920,71760,13
71921,71760,14
71922,71764,14
71923,71764,14
71924,71765,12
71925,71765,12
71926,71766,12
71927,71767,12
71928,71768,13
71929,71768,11
71930,71769,12
71931,71770,11
71932,71770,15
71933,71771,11
71934,71771,14
71935,71772,13
71936,71774,15
71937,71774,12
71938,71775,11
71939,71776,12
71940,71776,11
71941,71777,14
71942,71778,11
71943,71778,13
71944,71780,11
71945,71781,12
71946,71783,11
71947,71784,13
71948,71784,15
71949,71787,15
71950,71787,14
71951,71788,13
71952,71788,11
71953,71790,15
71954,71790,13
71955,71792,14
71956,71792,12
71957,71793,12
71958,71794,11
71959,71794,12
71960,71795,13
71961,71795,14
71962,71796,15
71963,71796,11
71964,71797,13
71965,71797,14
71966,71798,15
71967,71798,12
71968,71800,15
71969,71800,11
71970,71801,15
71971,71801,13
71972,71802,15
71973,71804,14
71974,71805,15
71975,71805,13
71976,71808,14
71977,71809,14
71978,71809,15
71979,71810,13
71980,71810,11
71981,71811,12
71982,71812,15
71983,71812,13
71984,71813,13
71985,71815,12
71986,71815,14
71987,71816,12
71988,71817,12
71989,71817,15
71990,71818,12
71991,71818,15
71992,71820,11
71993,71820,15
71994,71821,13
71995,71822,13
71996,71827,14
71997,71827,12
71998,71829,11
71999,71829,12
72000,71830,13
72001,71830,14
72002,71831,12
72003,71831,15
72004,71833,15
72005,71833,15
72006,71835,11
72007,71837,11
72008,71838,13
72009,71838,13
72010,71839,14
72011,71839,11
72012,71842,14
72013,71842,15
72014,71843,15
72015,71843,11
72016,71844,14
72017,71845,15
72018,71846,11
72019,71848,12
72020,71848,11
72021,71849,14
72022,71849,14
72023,71851,11
72024,71853,14
72025,71854,13
72026,71857,14
72027,71858,13
72028,71859,12
72029,71861,11
72030,71864,11
72031,71864,14
72032,71868,13
72033,71868,14
72034,71870,14
72035,71871,15
72036,71871,14
72037,71874,11
72038,71875,13
72039,71876,13
72040,71877,13
72041,71877,15
72042,71878,14
72043,71881,13
72044,71882,15
72045,71882,11
72046,71886,13
72047,71888,12
72048,71888,14
72049,71889,13
72050,71889,12
72051,71890,12
72052,71891,12
72053,71892,12
72054,71895,14
72055,71896,13
72056,71896,15
72057,71899,14
72058,71899,15
72059,71900,13
72060,71900,12
72061,71901,15
72062,71902,13
72063,71903,12
72064,71903,12
72065,71905,14
72066,71905,15
72067,71906,15
72068,71910,11
72069,71910,13
72070,71912,13
72071,71914,15
72072,71914,11
72073,71915,15
72074,71916,12
72075,71916,15
72076,71917,12
72077,71917,14
72078,71918,15
72079,71920,15
72080,71924,15
72081,71924,15
72082,71925,12
72083,71926,12
72084,71927,11
72085,71929,11
72086,71931,15
72087,71931,14
72088,71933,13
72089,71935,15
72090,71936,13
72091,71937,11
72092,71937,12
72093,71938,13
72094,71938,13
72095,71944,15
72096,71944,13
72097,71945,13
72098,71946,14
72099,71946,13
72100,71947,14
72101,71947,14
72102,71949,11
72103,71950,13
72104,71950,13
72105,71953,13
72106,71953,14
72107,71955,14
72108,71955,11
72109,71956,11
72110,71959,13
72111,71959,13
72112,71961,12
72113,71961,14
72114,71962,15
72115,71962,11
72116,71963,14
72117,71964,11
72118,71965,15
72119,71965,14
72120,71966,11
72121,71967,12
72122,71967,13
72123,71971,14
72124,71972,11
72125,71973,12
72126,71974,12
72127,71974,14
72128,71976,13
72129,71976,11
72130,71977,13
72131,71977,15
72132,71978,14
72133,71979,13
72134,71980,12
72135,71980,12
72136,71981,12
72137,71981,11
72138,71982,15
72139,71982,14
72140,71985,12
72141,71985,15
72142,71986,11
72143,71986,15
72144,71989,15
72145,71990,15
72146,71993,14
72147,71994,13
72148,71994,11
72149,71995,11
72150,71995,13
72151,71997,11
72152,71998,12
72153,71999,13
72154,71999,11
72155,72002,11
72156,72002,14
72157,72003,11
72158,72003,12
72159,72004,12
72160,72006,12
72161,72008,11
72162,72009,15
72163,72010,13
72164,72012,13
72165,72012,14
72166,72013,12
72167,72016,12
72168,72016,11
72169,72018,15
72170,72018,12
72171,72019,15
72172,72020,13
72173,72020,14
72174,72023,13
72175,72023,12
72176,72025,11
72177,72025,11
72178,72026,11
72179,72028,14
72180,72028,12
72181,72029,15
72182,72030,14
72183,72032,13
72184,72033,13
72185,72034,14
72186,72035,15
72187,72036,11
72188,72036,13
72189,72037,12
72190,72037,15
72191,72038,12
72192,72039,15
72193,72039,14
72194,72040,12
72195,72040,14
72196,72042,13
72197,72046,15
72198,72047,14
72199,72047,15
72200,72048,13
72201,72049,13
72202,72049,15
72203,72051,14
72204,72051,12
72205,72052,13
72206,72055,14
72207,72055,13
72208,72056,15
72209,72058,13
72210,72058,14
72211,72059,14
72212,72061,13
72213,72062,13
72214,72062,11
72215,72063,14
72216,72064,13
72217,72066,11
72218,72066,11
72219,72067,11
72220,72068,12
72221,72069,13
72222,72069,15
72223,72070,14
72224,72070,12
72225,72071,11
72226,72071,11
72227,72072,12
72228,72072,12
72229,72073,11
72230,72073,12
72231,72075,11
72232,72075,13
72233,72076,12
72234,72077,11
72235,72077,11
72236,72078,14
72237,72079,13
72238,72080,12
72239,72081,12
72240,72081,12
72241,72082,11
72242,72086,11
72243,72086,14
72244,72087,11
72245,72087,12
72246,72088,13
72247,72088,11
72248,72090,13
72249,72091,12
72250,72092,12
72251,72092,13
72252,72093,12
72253,72093,12
72254,72094,14
72255,72095,11
72256,72095,12
72257,72096,12
72258,72096,12
72259,72097,14
72260,72098,12
72261,72099,13
72262,72101,14
72263,72101,11
72264,72103,11
72265,72103,14
72266,72104,12
72267,72104,13
72268,72105,12
72269,72105,14
72270,72106,14
72271,72107,14
72272,72109,11
72273,72110,15
72274,72111,11
72275,72111,15
72276,72113,15
72277,72115,13
72278,72117,12
72279,72119,12
72280,72119,15
72281,72121,13
72282,72122,11
72283,72122,11
72284,72123,11
72285,72125,13
72286,72125,13
72287,72127,13
72288,72128,14
72289,72129,13
72290,72129,11
72291,72131,12
72292,72132,15
72293,72132,11
72294,72135,13
72295,72136,13
72296,72138,14
72297,72138,13
72298,72139,15
72299,72141,15
72300,72143,14
72301,72144,11
72302,72145,15
72303,72148,12
72304,72150,15
72305,72150,12
72306,72152,13
72307,72152,11
72308,72154,13
72309,72154,11
72310,72156,15
72311,72156,12
72312,72157,15
72313,72157,14
72314,72159,15
72315,72159,11
72316,72160,14
72317,72163,13
72318,72164,15
72319,72164,11
72320,72166,12
72321,72166,11
72322,72167,13
72323,72169,11
72324,72172,11
72325,72172,14
72326,72174,12
72327,72175,13
72328,72175,12
72329,72176,14
72330,72176,12
72331,72177,12
72332,72178,11
72333,72178,12
72334,72179,14
72335,72179,14
72336,72180,15
72337,72180,14
72338,72181,14
72339,72182,12
72340,72182,15
72341,72183,14
72342,72184,15
72343,72185,12
72344,72186,11
72345,72187,14
72346,72187,12
72347,72189,13
72348,72189,14
72349,72190,13
72350,72191,14
72351,72191,13
72352,72194,15
72353,72194,12
72354,72195,12
72355,72198,13
72356,72198,15
72357,72200,14
72358,72200,14
72359,72203,12
72360,72203,11
72361,72205,14
72362,72206,12
72363,72207,15
72364,72207,13
72365,72208,13
72366,72208,14
72367,72209,13
72368,72209,15
72369,72210,13
72370,72211,15
72371,72212,14
72372,72212,11
72373,72213,11
72374,72215,11
72375,72217,11
72376,72217,13
72377,72218,13
72378,72218,14
72379,72219,11
72380,72219,12
72381,72220,11
72382,72221,13
72383,72221,14
72384,72224,14
72385,72224,13
72386,72225,11
72387,72226,11
72388,72226,13
72389,72227,15
72390,72227,15
72391,72228,12
72392,72230,14
72393,72231,13
72394,72231,12
72395,72232,12
72396,72232,11
72397,72234,14
72398,72234,14
72399,72235,12
72400,72237,13
72401,72237,11
72402,72239,15
72403,72239,12
72404,72240,13
72405,72244,15
72406,72245,11
72407,72247,11
72408,72247,12
72409,72248,15
72410,72255,14
72411,72256,13
72412,72258,13
72413,72259,11
72414,72259,11
72415,72260,15
72416,72260,14
72417,72262,12
72418,72263,15
72419,72263,12
72420,72264,15
72421,72264,13
72422,72265,13
72423,72266,13
72424,72267,14
72425,72268,15
72426,72269,11
72427,72270,13
72428,72270,11
72429,72272,14
72430,72272,12
72431,72278,15
72432,72279,11
72433,72281,11
72434,72283,14
72435,72283,13
72436,72285,13
72437,72285,14
72438,72286,13
72439,72286,15
72440,72287,12
72441,72289,15
72442,72289,12
72443,72291,15
72444,72291,11
72445,72293,11
72446,72294,15
72447,72294,11
72448,72297,11
72449,72297,11
72450,72299,13
72451,72301,13
72452,72301,13
72453,72303,13
72454,72305,11
72455,72305,15
72456,72306,11
72457,72310,13
72458,72311,12
72459,72312,15
72460,72312,14
72461,72313,12
72462,72313,12
72463,72314,13
72464,72316,14
72465,72316,15
72466,72318,11
72467,72318,11
72468,72319,13
72469,72319,11
72470,72321,12
72471,72321,15
72472,72322,12
72473,72322,12
72474,72324,14
72475,72324,12
72476,72325,12
72477,72326,11
72478,72326,14
72479,72327,12
72480,72328,11
72481,72328,14
72482,72329,12
72483,72329,11
72484,72330,15
72485,72332,12
72486,72332,11
72487,72333,11
72488,72333,14
72489,72335,15
72490,72336,13
72491,72336,12
72492,72337,12
72493,72337,11
72494,72338,11
72495,72338,12
72496,72339,11
72497,72340,14
72498,72342,13
72499,72343,15
72500,72343,13
72501,72345,12
72502,72346,13
72503,72346,12
72504,72347,14
72505,72347,11
72506,72349,15
72507,72351,14
72508,72352,15
72509,72353,11
72510,72353,11
72511,72354,11
72512,72355,11
72513,72356,14
72514,72356,11
72515,72357,15
72516,72357,15
72517,72358,11
72518,72359,12
72519,72359,13
72520,72360,14
72521,72360,15
72522,72361,12
72523,72363,11
72524,72365,14
72525,72366,15
72526,72366,11
72527,72368,14
72528,72368,14
72529,72369,11
72530,72369,14
72531,72370,15
72532,72370,11
72533,72371,12
72534,72371,12
72535,72373,14
72536,72375,15
72537,72375,15
72538,72376,14
72539,72377,13
72540,72377,13
72541,72379,12
72542,72379,13
72543,72382,14
72544,72384,15
72545,72386,11
72546,72386,15
72547,72387,14
72548,72387,12
72549,72388,13
72550,72388,11
72551,72390,11
72552,72390,12
72553,72391,11
72554,72391,14
72555,72392,14
72556,72393,15
72557,72395,14
72558,72395,13
72559,72397,13
72560,72397,13
72561,72400,11
72562,72402,11
72563,72403,15
72564,72403,11
72565,72404,15
72566,72404,12
72567,72405,14
72568,72407,11
72569,72408,12
72570,72409,11
72571,72409,14
72572,72410,15
72573,72410,15
72574,72411,14
72575,72413,15
72576,72413,14
72577,72415,14
72578,72415,14
72579,72416,13
72580,72416,15
72581,72418,12
72582,72419,11
72583,72419,12
72584,72420,12
72585,72422,12
72586,72423,12
72587,72423,11
72588,72424,11
72589,72426,11
72590,72426,14
72591,72427,14
72592,72428,12
72593,72429,14
72594,72429,14
72595,72430,11
72596,72430,15
72597,72431,13
72598,72432,12
72599,72434,15
72600,72436,14
72601,72438,12
72602,72441,11
72603,72443,13
72604,72444,12
72605,72445,15
72606,72446,13
72607,72447,11
72608,72450,13
72609,72453,11
72610,72454,14
72611,72454,15
72612,72456,13
72613,72458,14
72614,72458,15
72615,72460,15
72616,72461,11
72617,72462,13
72618,72463,13
72619,72463,15
72620,72465,13
72621,72466,12
72622,72467,11
72623,72467,14
72624,72468,14
72625,72468,14
72626,72469,14
72627,72469,11
72628,72470,11
72629,72470,12
72630,72471,15
72631,72471,15
72632,72472,11
72633,72473,13
72634,72473,12
72635,72474,12
72636,72475,11
72637,72476,14
72638,72477,14
72639,72478,13
72640,72478,14
72641,72479,11
72642,72479,12
72643,72480,14
72644,72481,15
72645,72481,14
72646,72483,11
72647,72483,14
72648,72485,15
72649,72485,11
72650,72486,12
72651,72487,13
72652,72489,11
72653,72489,15
72654,72491,14
72655,72492,14
72656,72492,15
72657,72494,12
72658,72496,13
72659,72498,13
72660,72499,12
72661,72499,15
72662,72501,11
72663,72502,14
72664,72502,12
72665,72504,15
72666,72505,13
72667,72505,14
72668,72506,11
72669,72507,15
72670,72507,13
72671,72509,12
72672,72509,11
72673,72512,14
72674,72514,11
72675,72515,14
72676,72515,13
72677,72516,15
72678,72517,13
72679,72518,15
72680,72518,15
72681,72519,11
72682,72520,13
72683,72520,11
72684,72521,12
72685,72522,12
72686,72523,11
72687,72524,12
72688,72525,11
72689,72525,13
72690,72528,11
72691,72529,15
72692,72530,14
72693,72530,14
72694,72533,14
72695,72533,12
72696,72534,15
72697,72535,15
72698,72536,12
72699,72536,14
72700,72537,15
72701,72538,13
72702,72538,12
72703,72539,13
72704,72540,15
72705,72542,12
72706,72542,11
72707,72544,14
72708,72545,13
72709,72545,11
72710,72546,13
72711,72546,14
72712,72547,13
72713,72547,11
72714,72549,14
72715,72549,12
72716,72550,11
72717,72550,11
72718,72551,11
72719,72552,12
72720,72552,15
72721,72553,15
72722,72553,14
72723,72554,15
72724,72557,15
72725,72558,12
72726,72559,12
72727,72559,12
72728,72562,11
72729,72562,11
72730,72563,15
72731,72563,11
72732,72566,14
72733,72567,12
72734,72568,13
72735,72569,11
72736,72570,14
72737,72570,15
72738,72571,14
72739,72572,15
72740,72573,11
72741,72576,15
72742,72576,11
72743,72577,13
72744,72577,15
72745,72578,14
72746,72578,11
72747,72581,11
72748,72582,14
72749,72583,13
72750,72584,13
72751,72586,12
72752,72587,11
72753,72588,12
72754,72589,12
72755,72589,15
72756,72591,14
72757,72594,12
72758,72595,13
72759,72598,14
72760,72600,12
72761,72600,13
72762,72603,15
72763,72605,14
72764,72607,11
72765,72607,11
72766,72608,13
72767,72608,14
72768,72609,12
72769,72609,12
72770,72611,11
72771,72611,13
72772,72613,14
72773,72613,15
72774,72615,15
72775,72615,14
72776,72616,13
72777,72616,13
72778,72617,14
72779,72617,15
72780,72618,13
72781,72620,13
72782,72620,14
72783,72622,12
72784,72622,12
72785,72623,15
72786,72623,14
72787,72624,12
72788,72625,15
72789,72625,13
72790,72626,12
72791,72627,13
72792,72628,11
72793,72628,11
72794,72629,11
72795,72630,13
72796,72630,15
72797,72631,13
72798,72632,11
72799,72634,14
72800,72637,11
72801,72638,13
72802,72638,15
72803,72639,15
72804,72640,15
72805,72640,14
72806,72641,12
72807,72641,12
72808,72644,12
72809,72644,15
72810,72645,15
72811,72645,12
72812,72647,12
72813,72647,15
72814,72649,15
72815,72649,11
72816,72650,13
72817,72652,11
72818,72653,12
72819,72653,11
72820,72654,15
72821,72655,13
72822,72659,11
72823,72661,15
72824,72661,15
72825,72663,12
72826,72663,11
72827,72666,14
72828,72668,15
72829,72668,11
72830,72669,12
72831,72669,14
72832,72671,12
72833,72671,13
72834,72673,11
72835,72674,15
72836,72674,14
72837,72675,11
72838,72675,11
72839,72677,15
72840,72679,13
72841,72679,14
72842,72681,13
72843,72682,13
72844,72682,14
72845,72683,14
72846,72684,14
72847,72684,13
72848,72685,12
72849,72686,14
72850,72686,11
72851,72688,13
72852,72689,11
72853,72690,13
72854,72691,12
72855,72692,14
72856,72692,13
72857,72693,14
72858,72694,14
72859,72695,14
72860,72695,12
72861,72696,14
72862,72696,13
72863,72697,11
72864,72697,12
72865,72699,12
72866,72699,13
72867,72700,12
72868,72701,13
72869,72705,13
72870,72705,12
72871,72707,12
72872,72710,13
72873,72711,12
72874,72712,12
72875,72713,13
72876,72713,13
72877,72714,11
72878,72716,13
72879,72717,13
72880,72718,15
72881,72718,11
72882,72719,11
72883,72719,14
72884,72720,14
72885,72722,14
72886,72723,11
72887,72723,11
72888,72724,13
72889,72725,12
72890,72727,11
72891,72727,11
72892,72728,13
72893,72729,15
72894,72729,14
72895,72730,14
72896,72732,11
72897,72733,12
72898,72733,14
72899,72734,12
72900,72734,13
72901,72735,12
72902,72736,14
72903,72736,11
72904,72739,15
72905,72740,12
72906,72740,11
72907,72744,14
72908,72744,11
72909,72745,12
72910,72746,13
72911,72747,12
72912,72748,14
72913,72748,12
72914,72750,15
72915,72750,15
72916,72752,11
72917,72755,13
72918,72756,11
72919,72757,15
72920,72757,12
72921,72758,15
72922,72759,11
72923,72760,11
72924,72762,11
72925,72762,14
72926,72765,14
72927,72765,14
72928,72768,12
72929,72768,15
72930,72775,12
72931,72775,12
72932,72776,14
72933,72777,13
72934,72777,15
72935,72778,11
72936,72778,13
72937,72779,15
72938,72780,15
72939,72781,11
72940,72781,15
72941,72782,14
72942,72783,12
72943,72788,11
72944,72789,11
72945,72789,15
72946,72790,15
72947,72790,13
72948,72793,11
72949,72796,12
72950,72796,13
72951,72797,11
72952,72797,11
72953,72801,11
72954,72801,14
72955,72802,12
72956,72804,13
72957,72805,14
72958,72806,14
72959,72806,14
72960,72808,12
72961,72808,13
72962,72809,11
72963,72809,11
72964,72810,13
72965,72810,13
72966,72812,11
72967,72812,13
72968,72813,13
72969,72815,15
72970,72816,15
72971,72816,11
72972,72819,12
72973,72820,13
72974,72820,15
72975,72821,13
72976,72821,11
72977,72822,15
72978,72822,13
72979,72823,14
72980,72824,15
72981,72824,14
72982,72826,13
72983,72827,13
72984,72827,15
72985,72828,15
72986,72829,11
72987,72829,11
72988,72831,15
72989,72831,11
72990,72832,14
72991,72832,11
72992,72833,14
72993,72834,15
72994,72834,12
72995,72836,14
72996,72836,14
72997,72838,15
72998,72840,15
72999,72841,11
73000,72842,13
73001,72842,15
73002,72845,15
73003,72847,13
73004,72847,11
73005,72849,12
73006,72850,13
73007,72852,14
73008,72853,11
73009,72855,14
73010,72856,13
73011,72856,13
73012,72857,14
73013,72857,11
73014,72859,12
73015,72860,13
73016,72860,14
73017,72861,11
73018,72862,15
73019,72862,12
73020,72863,15
73021,72864,13
73022,72867,15
73023,72867,14
73024,72868,12
73025,72868,15
73026,72869,14
73027,72869,14
73028,72870,15
73029,72872,12
73030,72872,13
73031,72874,11
73032,72875,14
73033,72876,13
73034,72876,15
73035,72877,12
73036,72878,15
73037,72879,14
73038,72880,14
73039,72881,14
73040,72882,14
73041,72883,12
73042,72883,11
73043,72884,14
73044,72884,11
73045,72886,13
73046,72889,15
73047,72889,14
73048,72892,14
73049,72892,15
73050,72893,15
73051,72893,11
73052,72895,11
73053,72895,15
73054,72898,11
73055,72898,13
73056,72899,11
73057,72900,13
73058,72900,15
73059,72901,13
73060,72901,13
73061,72902,15
73062,72903,11
73063,72904,12
73064,72906,15
73065,72906,12
73066,72908,14
73067,72909,12
73068,72910,11
73069,72910,12
73070,72916,11
73071,72917,12
73072,72917,13
73073,72922,12
73074,72924,14
73075,72926,12
73076,72926,11
73077,72929,14
73078,72930,13
73079,72931,15
73080,72932,15
73081,72933,15
73082,72933,15
73083,72934,15
73084,72936,15
73085,72936,15
73086,72938,15
73087,72941,11
73088,72941,15
73089,72942,15
73090,72942,11
73091,72943,14
73092,72947,13
73093,72947,14
73094,72948,11
73095,72950,14
73096,72950,14
73097,72953,12
73098,72953,15
73099,72955,13
73100,72955,11
73101,72956,15
73102,72958,13
73103,72960,13
73104,72961,15
73105,72962,12
73106,72962,11
73107,72963,13
73108,72964,11
73109,72967,13
73110,72968,12
73111,72968,13
73112,72972,13
73113,72973,15
73114,72973,15
73115,72974,11
73116,72974,12
73117,72975,15
73118,72975,14
73119,72976,13
73120,72977,14
73121,72980,13
73122,72981,13
73123,72983,14
73124,72983,14
73125,72984,13
73126,72985,14
73127,72985,11
73128,72986,13
73129,72989,12
73130,72990,15
73131,72990,13
73132,72991,15
73133,72991,15
73134,72992,12
73135,72992,14
73136,72993,15
73137,72994,12
73138,72995,14
73139,72995,12
73140,72996,11
73141,72998,13
73142,72998,13
73143,72999,13
73144,72999,11
73145,73001,13
73146,73001,11
73147,73002,13
73148,73003,15
73149,73003,12
73150,73006,15
73151,73006,13
73152,73007,12
73153,73008,11
73154,73008,12
73155,73010,12
73156,73011,15
73157,73013,12
73158,73013,11
73159,73014,11
73160,73014,12
73161,73018,12
73162,73018,12
73163,73020,14
73164,73022,12
73165,73022,11
73166,73024,12
73167,73025,12
73168,73025,12
73169,73027,14
73170,73030,15
73171,73031,15
73172,73034,14
73173,73035,12
73174,73035,12
73175,73036,15
73176,73037,13
73177,73039,13
73178,73039,11
73179,73040,13
73180,73041,11
73181,73041,12
73182,73042,11
73183,73044,13
73184,73044,13
73185,73046,14
73186,73046,12
73187,73047,12
73188,73049,11
73189,73049,13
73190,73050,12
73191,73050,14
73192,73052,15
73193,73052,15
73194,73053,14
73195,73053,14
73196,73054,14
73197,73056,14
73198,73057,12
73199,73057,15
73200,73058,11
73201,73058,15
73202,73059,12
73203,73060,14
73204,73061,11
73205,73061,15
73206,73063,15
73207,73064,11
73208,73069,15
73209,73069,12
73210,73072,14
73211,73072,11
73212,73073,15
73213,73073,11
73214,73074,13
73215,73074,12
73216,73076,15
73217,73077,13
73218,73077,14
73219,73078,15
73220,73079,11
73221,73079,13
73222,73086,12
73223,73086,14
73224,73088,14
73225,73088,12
73226,73090,14
73227,73091,12
73228,73091,14
73229,73093,12
73230,73097,12
73231,73098,13
73232,73098,12
73233,73100,13
73234,73100,14
73235,73101,14
73236,73102,12
73237,73102,13
73238,73104,15
73239,73106,14
73240,73106,15
73241,73108,11
73242,73109,15
73243,73109,11
73244,73110,14
73245,73110,12
73246,73112,15
73247,73112,11
73248,73113,15
73249,73113,11
73250,73114,11
73251,73114,11
73252,73116,13
73253,73116,11
73254,73118,14
73255,73119,14
73256,73120,13
73257,73120,11
73258,73122,13
73259,73122,14
73260,73123,11
73261,73125,12
73262,73125,15
73263,73128,14
73264,73129,15
73265,73132,15
73266,73134,13
73267,73134,13
73268,73135,13
73269,73135,13
73270,73136,11
73271,73137,11
73272,73138,15
73273,73138,13
73274,73139,15
73275,73140,15
73276,73140,14
73277,73141,14
73278,73142,15
73279,73142,14
73280,73143,11
73281,73144,15
73282,73144,12
73283,73145,13
73284,73146,15
73285,73146,15
73286,73148,15
73287,73148,11
73288,73149,14
73289,73149,13
73290,73150,15
73291,73150,14
73292,73151,11
73293,73153,12
73294,73154,13
73295,73155,14
73296,73157,15
73297,73157,13
73298,73158,15
73299,73158,12
73300,73160,15
73301,73160,11
73302,73161,11
73303,73162,11
73304,73162,15
73305,73165,14
73306,73165,14
73307,73166,12
73308,73166,15
73309,73167,11
73310,73168,13
73311,73169,14
73312,73169,12
73313,73170,12
73314,73171,15
73315,73171,13
73316,73173,14
73317,73173,12
73318,73176,15
73319,73178,13
73320,73178,15
73321,73179,12
73322,73180,11
73323,73180,12
73324,73181,12
73325,73181,11
73326,73183,11
73327,73188,12
73328,73188,14
73329,73189,11
73330,73190,12
73331,73190,13
73332,73191,15
73333,73191,15
73334,73192,11
73335,73194,15
73336,73196,12
73337,73196,14
73338,73197,14
73339,73198,13
73340,73198,12
73341,73199,15
73342,73199,12
73343,73200,14
73344,73200,13
73345,73201,15
73346,73202,11
73347,73202,15
73348,73206,14
73349,73206,15
73350,73207,14
73351,73207,14
73352,73209,13
73353,73211,15
73354,73211,12
73355,73212,11
73356,73212,12
73357,73213,15
73358,73213,11
73359,73214,11
73360,73214,11
73361,73215,13
73362,73215,11
73363,73216,11
73364,73218,14
73365,73219,15
73366,73220,13
73367,73220,14
73368,73221,14
73369,73222,11
73370,73222,13
73371,73223,14
73372,73224,12
73373,73225,12
73374,73226,14
73375,73227,13
73376,73229,13
73377,73230,15
73378,73232,12
73379,73232,15
73380,73233,11
73381,73233,14
73382,73235,15
73383,73238,12
73384,73239,11
73385,73239,12
73386,73242,14
73387,73242,12
73388,73243,14
73389,73243,14
73390,73244,14
73391,73244,13
73392,73245,14
73393,73248,11
73394,73249,13
73395,73250,13
73396,73252,12
73397,73252,15
73398,73254,13
73399,73255,13
73400,73255,14
73401,73256,14
73402,73258,14
73403,73258,13
73404,73260,11
73405,73260,14
73406,73261,11
73407,73261,14
73408,73262,13
73409,73263,13
73410,73263,12
73411,73264,13
73412,73265,14
73413,73266,13
73414,73267,14
73415,73268,15
73416,73270,13
73417,73271,11
73418,73272,11
73419,73272,14
73420,73273,13
73421,73273,13
73422,73274,11
73423,73275,15
73424,73275,12
73425,73276,13
73426,73281,14
73427,73281,14
73428,73282,14
73429,73283,11
73430,73283,13
73431,73285,11
73432,73285,14
73433,73289,13
73434,73290,12
73435,73291,15
73436,73291,15
73437,73292,11
73438,73292,13
73439,73293,15
73440,73294,15
73441,73295,11
73442,73296,13
73443,73296,13
73444,73297,13
73445,73298,15
73446,73298,14
73447,73299,11
73448,73299,12
73449,73301,12
73450,73302,13
73451,73303,14
73452,73304,15
73453,73304,15
73454,73308,12
73455,73308,14
73456,73309,12
73457,73310,15
73458,73310,14
73459,73311,14
73460,73312,13
73461,73312,11
73462,73315,11
73463,73315,13
73464,73317,11
73465,73317,12
73466,73319,15
73467,73321,15
73468,73322,14
73469,73322,14
73470,73324,12
73471,73324,12
73472,73327,12
73473,73327,11
73474,73328,11
73475,73332,13
73476,73333,15
73477,73333,11
73478,73334,12
73479,73334,11
73480,73335,12
73481,73336,12
73482,73337,12
73483,73338,14
73484,73339,14
73485,73339,15
73486,73340,11
73487,73340,12
73488,73341,14
73489,73342,14
73490,73342,12
73491,73343,11
73492,73344,15
73493,73347,15
73494,73347,15
73495,73348,11
73496,73348,15
73497,73349,14
73498,73350,13
73499,73351,11
73500,73351,11
73501,73352,13
73502,73352,15
73503,73353,14
73504,73353,13
73505,73355,14
73506,73355,14
73507,73356,14
73508,73356,14
73509,73357,12
73510,73360,12
73511,73360,14
73512,73361,11
73513,73362,15
73514,73363,14
73515,73364,15
73516,73365,11
73517,73366,14
73518,73366,14
73519,73368,15
73520,73370,13
73521,73371,12
73522,73372,15
73523,73374,15
73524,73375,11
73525,73376,13
73526,73377,12
73527,73378,15
73528,73381,11
73529,73381,12
73530,73382,14
73531,73383,15
73532,73383,13
73533,73385,12
73534,73386,15
73535,73386,12
73536,73387,12
73537,73387,13
73538,73390,14
73539,73391,11
73540,73393,15
73541,73394,12
73542,73394,15
73543,73395,14
73544,73396,15
73545,73396,13
73546,73397,12
73547,73397,11
73548,73398,15
73549,73398,15
73550,73399,15
73551,73402,13
73552,73403,11
73553,73404,11
73554,73405,13
73555,73406,11
73556,73406,11
73557,73407,14
73558,73408,11
73559,73409,15
73560,73411,12
73561,73411,11
73562,73412,13
73563,73412,12
73564,73413,12
73565,73414,13
73566,73414,11
73567,73415,15
73568,73415,11
73569,73416,11
73570,73416,14
73571,73417,11
73572,73417,11
73573,73418,12
73574,73418,14
73575,73419,14
73576,73419,14
73577,73421,15
73578,73422,14
73579,73422,13
73580,73423,15
73581,73424,15
73582,73424,15
73583,73426,12
73584,73426,15
73585,73427,12
73586,73428,11
73587,73429,14
73588,73429,15
73589,73431,15
73590,73431,12
73591,73432,14
73592,73435,15
73593,73435,14
73594,73436,15
73595,73436,11
73596,73437,13
73597,73438,13
73598,73438,14
73599,73439,13
73600,73440,12
73601,73440,15
73602,73443,14
73603,73443,14
73604,73444,13
73605,73446,13
73606,73447,14
73607,73448,11
73608,73449,13
73609,73449,15
73610,73450,15
73611,73452,11
73612,73452,13
73613,73455,15
73614,73455,15
73615,73457,11
73616,73458,11
73617,73458,15
73618,73460,11
73619,73462,13
73620,73463,12
73621,73463,14
73622,73465,11
73623,73465,11
73624,73466,13
73625,73468,15
73626,73468,13
73627,73470,11
73628,73470,12
73629,73471,14
73630,73472,14
73631,73472,13
73632,73473,14
73633,73473,11
73634,73475,14
73635,73475,15
73636,73477,12
73637,73479,11
73638,73479,15
73639,73480,11
73640,73482,12
73641,73482,11
73642,73484,15
73643,73484,11
73644,73486,11
73645,73490,15
73646,73491,14
73647,73492,13
73648,73495,11
73649,73495,14
73650,73496,12
73651,73496,11
73652,73497,12
73653,73498,14
73654,73498,14
73655,73499,11
73656,73499,12
73657,73500,12
73658,73500,14
73659,73501,11
73660,73501,15
73661,73503,14
73662,73505,12
73663,73508,15
73664,73508,11
73665,73509,14
73666,73509,12
73667,73510,15
73668,73510,14
73669,73513,11
73670,73516,12
73671,73516,12
73672,73518,15
73673,73518,14
73674,73519,14
73675,73519,14
73676,73521,13
73677,73522,14
73678,73524,11
73679,73524,14
73680,73525,11
73681,73525,15
73682,73526,13
73683,73526,12
73684,73527,13
73685,73527,13
73686,73529,11
73687,73529,15
73688,73531,15
73689,73532,13
73690,73535,12
73691,73537,15
73692,73537,14
73693,73538,13
73694,73538,12
73695,73540,12
73696,73542,13
73697,73544,11
73698,73545,14
73699,73545,13
73700,73546,12
73701,73546,15
73702,73547,14
73703,73547,14
73704,73548,12
73705,73548,12
73706,73549,14
73707,73550,13
73708,73550,14
73709,73551,15
73710,73551,14
73711,73553,14
73712,73555,12
73713,73555,14
73714,73556,11
73715,73557,13
73716,73557,15
73717,73559,15
73718,73559,13
73719,73560,11
73720,73561,15
73721,73561,12
73722,73562,13
73723,73563,12
73724,73563,12
73725,73564,11
73726,73565,15
73727,73571,14
73728,73571,14
73729,73573,13
73730,73573,15
73731,73574,15
73732,73574,15
73733,73576,11
73734,73576,12
73735,73577,12
73736,73583,15
73737,73585,13
73738,73585,11
73739,73586,13
73740,73587,14
73741,73587,15
73742,73588,14
73743,73588,12
73744,73592,12
73745,73593,12
73746,73593,14
73747,73594,11
73748,73594,13
73749,73596,12
73750,73600,13
73751,73601,13
73752,73601,14
73753,73602,11
73754,73602,13
73755,73603,15
73756,73604,14
73757,73604,11
73758,73606,14
73759,73609,11
73760,73610,14
73761,73610,12
73762,73613,15
73763,73613,14
73764,73617,15
73765,73619,13
73766,73619,11
73767,73620,14
73768,73620,11
73769,73624,14
73770,73625,12
73771,73626,13
73772,73626,12
73773,73627,15
73774,73627,11
73775,73628,13
73776,73630,11
73777,73630,11
73778,73631,12
73779,73634,15
73780,73635,13
73781,73638,11
73782,73638,14
73783,73639,12
73784,73640,15
73785,73640,11
73786,73643,14
73787,73643,13
73788,73644,12
73789,73645,15
73790,73646,15
73791,73646,12
73792,73647,11
73793,73648,13
73794,73648,14
73795,73651,13
73796,73651,14
73797,73652,15
73798,73654,13
73799,73655,14
73800,73656,12
73801,73657,15
73802,73658,15
73803,73658,14
73804,73659,11
73805,73659,14
73806,73660,12
73807,73661,12
73808,73661,15
73809,73662,15
73810,73663,15
73811,73663,14
73812,73664,11
73813,73664,11
73814,73665,14
73815,73666,12
73816,73667,15
73817,73669,13
73818,73670,12
73819,73670,11
73820,73671,15
73821,73673,11
73822,73674,11
73823,73675,11
73824,73675,11
73825,73676,11
73826,73678,15
73827,73679,13
73828,73679,15
73829,73680,12
73830,73680,12
73831,73681,15
73832,73681,11
73833,73682,12
73834,73682,14
73835,73684,14
73836,73684,11
73837,73685,11
73838,73686,15
73839,73686,15
73840,73687,11
73841,73688,14
73842,73690,14
73843,73691,15
73844,73691,15
73845,73692,11
73846,73692,11
73847,73693,12
73848,73693,13
73849,73694,15
73850,73697,11
73851,73697,14
73852,73699,13
73853,73701,12
73854,73704,14
73855,73704,15
73856,73705,12
73857,73705,12
73858,73706,13
73859,73706,11
73860,73707,13
73861,73709,11
73862,73711,15
73863,73711,14
73864,73712,14
73865,73713,15
73866,73714,15
73867,73717,11
73868,73717,14
73869,73718,13
73870,73718,15
73871,73721,11
73872,73721,13
73873,73722,14
73874,73723,12
73875,73723,12
73876,73724,15
73877,73724,11
73878,73725,13
73879,73726,12
73880,73726,11
73881,73728,14
73882,73729,11
73883,73729,13
73884,73731,12
73885,73733,15
73886,73733,13
73887,73735,15
73888,73735,13
73889,73736,15
73890,73736,11
73891,73737,11
73892,73737,13
73893,73739,13
73894,73739,14
73895,73741,12
73896,73744,14
73897,73744,12
73898,73748,13
73899,73748,12
73900,73749,15
73901,73750,14
73902,73750,13
73903,73751,15
73904,73751,12
73905,73753,14
73906,73753,14
73907,73754,15
73908,73755,13
73909,73755,14
73910,73756,13
73911,73756,12
73912,73757,12
73913,73757,11
73914,73758,15
73915,73759,13
73916,73760,14
73917,73760,11
73918,73761,13
73919,73763,13
73920,73764,11
73921,73764,15
73922,73765,11
73923,73765,12
73924,73769,11
73925,73769,15
73926,73771,14
73927,73772,13
73928,73772,12
73929,73773,13
73930,73773,15
73931,73774,14
73932,73776,13
73933,73777,13
73934,73779,11
73935,73780,12
73936,73780,12
73937,73781,14
73938,73783,11
73939,73783,14
73940,73784,12
73941,73784,14
73942,73785,12
73943,73786,13
73944,73787,15
73945,73787,12
73946,73789,13
73947,73791,15
73948,73791,13
73949,73793,13
73950,73793,14
73951,73796,12
73952,73796,12
73953,73797,14
73954,73797,14
73955,73798,11
73956,73798,14
73957,73799,15
73958,73799,14
73959,73802,14
73960,73802,15
73961,73803,13
73962,73803,15
73963,73804,14
73964,73805,14
73965,73805,15
73966,73806,11
73967,73807,11
73968,73808,11
73969,73808,11
73970,73809,12
73971,73810,11
73972,73810,14
73973,73812,14
73974,73813,14
73975,73813,11
73976,73814,15
73977,73814,12
73978,73815,15
73979,73816,15
73980,73819,15
73981,73820,11
73982,73822,15
73983,73822,14
73984,73823,14
73985,73823,15
73986,73824,13
73987,73827,13
73988,73827,15
73989,73828,14
73990,73829,11
73991,73829,11
73992,73830,15
73993,73830,14
73994,73831,11
73995,73831,11
73996,73832,11
73997,73833,13
73998,73833,11
73999,73834,13
74000,73837,12
74001,73837,14
74002,73838,15
74003,73838,14
74004,73839,14
74005,73840,15
74006,73841,14
74007,73842,15
74008,73842,13
74009,73844,15
74010,73846,11
74011,73849,11
74012,73851,15
74013,73853,11
74014,73853,14
74015,73854,14
74016,73854,11
74017,73857,13
74018,73857,12
74019,73858,14
74020,73859,11
74021,73861,14
74022,73861,15
74023,73862,12
74024,73862,15
74025,73863,13
74026,73863,13
74027,73864,13
74028,73865,14
74029,73866,11
74030,73867,15
74031,73868,12
74032,73868,12
74033,73869,15
74034,73869,15
74035,73870,11
74036,73870,12
74037,73871,11
74038,73871,13
74039,73874,14
74040,73875,13
74041,73875,11
74042,73876,15
74043,73876,11
74044,73877,11
74045,73879,14
74046,73879,15
74047,73880,15
74048,73881,12
74049,73882,11
74050,73882,15
74051,73883,15
74052,73884,15
74053,73884,11
74054,73885,11
74055,73886,14
74056,73888,13
74057,73888,15
74058,73889,15
74059,73889,11
74060,73890,15
74061,73891,11
74062,73892,14
74063,73892,11
74064,73893,12
74065,73894,14
74066,73894,12
74067,73895,12
74068,73896,15
74069,73897,12
74070,73899,14
74071,73899,12
74072,73900,13
74073,73901,13
74074,73902,14
74075,73906,13
74076,73906,12
74077,73907,11
74078,73907,14
74079,73909,12
74080,73911,13
74081,73911,11
74082,73912,15
74083,73913,14
74084,73913,13
74085,73914,11
74086,73915,11
74087,73915,13
74088,73917,15
74089,73917,13
74090,73918,12
74091,73918,11
74092,73919,12
74093,73920,12
74094,73925,13
74095,73925,12
74096,73926,12
74097,73926,14
74098,73929,13
74099,73929,15
74100,73930,15
74101,73930,14
74102,73932,12
74103,73932,15
74104,73933,15
74105,73933,11
74106,73936,11
74107,73937,14
74108,73938,12
74109,73941,12
74110,73943,14
74111,73945,12
74112,73947,12
74113,73947,14
74114,73949,12
74115,73949,11
74116,73951,15
74117,73952,12
74118,73952,11
74119,73953,13
74120,73956,12
74121,73958,12
74122,73958,12
74123,73960,13
74124,73961,15
74125,73962,15
74126,73963,15
74127,73963,12
74128,73964,13
74129,73967,15
74130,73968,12
74131,73968,15
74132,73973,12
74133,73973,13
74134,73974,13
74135,73975,14
74136,73975,15
74137,73976,15
74138,73976,13
74139,73977,15
74140,73978,15
74141,73980,11
74142,73980,13
74143,73982,13
74144,73983,11
74145,73983,13
74146,73985,12
74147,73986,13
74148,73988,12
74149,73989,15
74150,73989,13
74151,73990,13
74152,73990,11
74153,73991,14
74154,73991,13
74155,73992,13
74156,73992,14
74157,73993,14
74158,73994,11
74159,73995,13
74160,73995,11
74161,73997,14
74162,73999,12
74163,74004,13
74164,74005,13
74165,74005,15
74166,74007,11
74167,74008,14
74168,74009,14
74169,74010,14
74170,74010,11
74171,74011,12
74172,74014,15
74173,74014,14
74174,74015,13
74175,74017,14
74176,74017,14
74177,74018,11
74178,74020,11
74179,74020,12
74180,74025,12
74181,74026,15
74182,74028,12
74183,74030,11
74184,74031,11
74185,74033,12
74186,74034,14
74187,74034,14
74188,74035,11
74189,74037,11
74190,74038,12
74191,74040,14
74192,74040,15
74193,74041,11
74194,74041,11
74195,74042,13
74196,74042,13
74197,74044,14
74198,74044,15
74199,74045,12
74200,74049,15
74201,74050,14
74202,74050,11
74203,74051,15
74204,74055,13
74205,74055,12
74206,74056,13
74207,74056,15
74208,74057,12
74209,74057,12
74210,74058,14
74211,74058,13
74212,74060,12
74213,74061,14
74214,74061,14
74215,74065,12
74216,74066,11
74217,74066,12
74218,74067,15
74219,74068,13
74220,74068,12
74221,74070,12
74222,74071,15
74223,74071,13
74224,74072,15
74225,74074,14
74226,74074,11
74227,74075,13
74228,74075,15
74229,74076,15
74230,74078,13
74231,74080,11
74232,74080,11
74233,74081,11
74234,74081,15
74235,74082,14
74236,74082,15
74237,74083,13
74238,74083,11
74239,74084,11
74240,74085,14
74241,74085,11
74242,74086,15
74243,74086,11
74244,74087,12
74245,74087,11
74246,74088,12
74247,74088,11
74248,74091,12
74249,74091,13
74250,74092,11
74251,74092,13
74252,74093,11
74253,74093,14
74254,74094,13
74255,74096,11
74256,74097,15
74257,74098,12
74258,74098,13
74259,74100,11
74260,74100,11
74261,74101,15
74262,74101,15
74263,74103,15
74264,74104,14
74265,74104,11
74266,74105,11
74267,74106,13
74268,74107,12
74269,74109,11
74270,74110,12
74271,74111,11
74272,74112,14
74273,74112,11
74274,74113,11
74275,74113,12
74276,74114,11
74277,74116,15
74278,74118,12
74279,74120,12
74280,74121,13
74281,74122,12
74282,74123,13
74283,74123,15
74284,74124,13
74285,74125,14
74286,74125,13
74287,74127,11
74288,74127,15
74289,74128,13
74290,74130,13
74291,74130,14
74292,74131,15
74293,74132,11
74294,74133,14
74295,74133,12
74296,74134,13
74297,74135,14
74298,74136,13
74299,74140,14
74300,74140,15
74301,74141,12
74302,74142,12
74303,74143,15
74304,74146,14
74305,74147,13
74306,74150,12
74307,74150,13
74308,74152,15
74309,74152,11
74310,74153,12
74311,74153,12
74312,74154,12
74313,74155,11
74314,74155,12
74315,74156,11
74316,74157,13
74317,74157,15
74318,74158,13
74319,74159,11
74320,74160,15
74321,74163,13
74322,74163,12
74323,74164,13
74324,74164,11
74325,74166,15
74326,74166,15
74327,74167,15
74328,74167,14
74329,74168,12
74330,74169,11
74331,74169,12
74332,74171,11
74333,74172,11
74334,74173,13
74335,74173,11
74336,74174,15
74337,74176,13
74338,74177,13
74339,74177,13
74340,74178,15
74341,74178,14
74342,74180,15
74343,74181,11
74344,74182,14
74345,74184,13
74346,74184,12
74347,74186,13
74348,74188,11
74349,74188,11
74350,74190,11
74351,74191,11
74352,74192,14
74353,74193,13
74354,74194,12
74355,74194,14
74356,74196,14
74357,74196,12
74358,74198,15
74359,74199,15
74360,74200,11
74361,74202,11
74362,74202,13
74363,74203,12
74364,74204,14
74365,74204,11
74366,74205,12
74367,74207,15
74368,74208,12
74369,74209,13
74370,74209,13
74371,74210,13
74372,74210,11
74373,74211,15
74374,74212,13
74375,74212,13
74376,74213,13
74377,74216,12
74378,74218,13
74379,74219,11
74380,74221,11
74381,74221,15
74382,74223,11
74383,74224,13
74384,74224,15
74385,74225,14
74386,74225,11
74387,74227,11
74388,74228,14
74389,74228,15
74390,74229,11
74391,74230,11
74392,74230,12
74393,74232,14
74394,74232,15
74395,74233,13
74396,74234,15
74397,74235,14
74398,74235,12
74399,74237,14
74400,74238,13
74401,74239,13
74402,74240,14
74403,74240,12
74404,74242,15
74405,74242,15
74406,74243,15
74407,74243,12
74408,74245,13
74409,74245,15
74410,74246,14
74411,74246,14
74412,74247,14
74413,74249,15
74414,74249,11
74415,74250,12
74416,74251,12
74417,74253,11
74418,74253,13
74419,74254,15
74420,74254,12
74421,74255,11
74422,74255,14
74423,74256,11
74424,74256,15
74425,74257,13
74426,74258,15
74427,74258,15
74428,74259,15
74429,74260,13
74430,74260,11
74431,74262,11
74432,74263,13
74433,74264,12
74434,74266,14
74435,74266,11
74436,74268,12
74437,74269,15
74438,74270,14
74439,74271,13
74440,74273,13
74441,74274,14
74442,74275,15
74443,74275,14
74444,74276,15
74445,74279,14
74446,74279,14
74447,74280,11
74448,74280,12
74449,74281,11
74450,74282,12
74451,74283,12
74452,74284,13
74453,74287,13
74454,74290,11
74455,74290,15
74456,74292,14
74457,74292,12
74458,74293,11
74459,74293,14
74460,74294,15
74461,74294,14
74462,74298,12
74463,74299,12
74464,74299,11
74465,74300,11
74466,74301,12
74467,74301,14
74468,74302,11
74469,74302,12
74470,74305,12
74471,74305,15
74472,74306,12
74473,74306,12
74474,74310,15
74475,74310,15
74476,74311,11
74477,74311,13
74478,74312,13
74479,74312,12
74480,74314,14
74481,74316,12
74482,74316,14
74483,74317,11
74484,74317,15
74485,74318,11
74486,74318,12
74487,74320,12
74488,74321,15
74489,74321,12
74490,74323,14
74491,74323,13
74492,74324,15
74493,74324,13
74494,74325,11
74495,74325,12
74496,74326,13
74497,74326,12
74498,74327,14
74499,74327,11
74500,74328,13
74501,74328,14
74502,74329,13
74503,74330,15
74504,74330,11
74505,74333,11
74506,74333,12
74507,74334,13
74508,74335,15
74509,74337,15
74510,74338,11
74511,74339,11
74512,74340,15
74513,74342,13
74514,74346,15
74515,74346,13
74516,74347,15
74517,74348,12
74518,74348,11
74519,74349,12
74520,74349,15
74521,74350,11
74522,74351,11
74523,74351,15
74524,74353,13
74525,74354,15
74526,74354,13
74527,74356,11
74528,74357,15
74529,74357,14
74530,74358,11
74531,74358,13
74532,74361,15
74533,74361,12
74534,74362,11
74535,74363,11
74536,74365,13
74537,74367,13
74538,74367,11
74539,74368,12
74540,74369,12
74541,74370,14
74542,74373,13
74543,74373,12
74544,74374,15
74545,74374,15
74546,74376,11
74547,74379,15
74548,74379,12
74549,74380,15
74550,74380,11
74551,74383,11
74552,74384,14
74553,74386,15
74554,74386,15
74555,74387,11
74556,74388,13
74557,74388,14
74558,74389,12
74559,74391,12
74560,74391,15
74561,74392,15
74562,74393,15
74563,74393,11
74564,74394,13
74565,74394,12
74566,74395,11
74567,74395,11
74568,74397,14
74569,74398,12
74570,74399,11
74571,74399,12
74572,74401,12
74573,74403,15
74574,74404,11
74575,74404,14
74576,74406,11
74577,74408,12
74578,74408,14
74579,74409,12
74580,74410,12
74581,74413,12
74582,74413,14
74583,74414,15
74584,74414,12
74585,74415,15
74586,74415,11
74587,74416,14
74588,74418,15
74589,74419,11
74590,74419,11
74591,74420,15
74592,74420,15
74593,74421,11
74594,74422,14
74595,74422,14
74596,74423,12
74597,74423,13
74598,74424,12
74599,74425,14
74600,74425,11
74601,74428,14
74602,74429,13
74603,74430,14
74604,74430,12
74605,74431,12
74606,74431,15
74607,74433,12
74608,74433,14
74609,74434,12
74610,74434,15
74611,74435,15
74612,74435,13
74613,74437,15
74614,74438,12
74615,74438,12
74616,74440,14
74617,74441,15
74618,74442,13
74619,74443,15
74620,74444,14
74621,74444,13
74622,74445,11
74623,74445,15
74624,74446,11
74625,74446,14
74626,74447,14
74627,74448,15
74628,74449,14
74629,74449,14
74630,74451,14
74631,74452,15
74632,74452,11
74633,74453,12
74634,74456,12
74635,74457,15
74636,74458,12
74637,74458,15
74638,74461,15
74639,74462,14
74640,74463,12
74641,74464,15
74642,74466,14
74643,74471,13
74644,74471,11
74645,74472,14
74646,74472,15
74647,74473,14
74648,74473,14
74649,74475,14
74650,74476,13
74651,74478,14
74652,74481,14
74653,74481,13
74654,74483,15
74655,74485,12
74656,74486,14
74657,74487,12
74658,74487,12
74659,74488,11
74660,74489,12
74661,74489,11
74662,74491,13
74663,74492,12
74664,74493,13
74665,74496,13
74666,74496,13
74667,74497,14
74668,74497,15
74669,74498,15
74670,74498,15
74671,74500,11
74672,74500,14
74673,74501,15
74674,74501,11
74675,74503,13
74676,74507,14
74677,74507,15
74678,74508,14
74679,74509,12
74680,74510,11
74681,74511,12
74682,74511,12
74683,74512,14
74684,74513,12
74685,74513,14
74686,74515,13
74687,74515,15
74688,74516,12
74689,74516,12
74690,74518,12
74691,74519,12
74692,74519,11
74693,74520,15
74694,74520,12
74695,74521,14
74696,74521,11
74697,74523,12
74698,74524,15
74699,74525,15
74700,74529,13
74701,74529,11
74702,74530,15
74703,74530,12
74704,74532,11
74705,74533,13
74706,74533,12
74707,74534,11
74708,74535,12
74709,74536,13
74710,74539,13
74711,74539,15
74712,74540,15
74713,74540,12
74714,74541,11
74715,74541,12
74716,74542,14
74717,74542,12
74718,74544,15
74719,74544,12
74720,74545,15
74721,74546,14
74722,74547,11
74723,74547,11
74724,74548,12
74725,74548,12
74726,74550,13
74727,74551,15
74728,74551,14
74729,74553,12
74730,74553,13
74731,74554,13
74732,74555,12
74733,74555,13
74734,74556,12
74735,74556,11
74736,74558,11
74737,74558,11
74738,74562,15
74739,74562,14
74740,74564,14
74741,74565,12
74742,74566,13
74743,74566,12
74744,74567,15
74745,74568,12
74746,74568,11
74747,74570,13
74748,74571,12
74749,74571,14
74750,74572,15
74751,74572,13
74752,74574,13
74753,74577,14
74754,74577,11
74755,74578,15
74756,74578,15
74757,74581,14
74758,74585,12
74759,74587,11
74760,74590,11
74761,74592,12
74762,74593,13
74763,74596,13
74764,74596,11
74765,74597,13
74766,74597,12
74767,74599,12
74768,74600,13
74769,74600,11
74770,74601,13
74771,74603,12
74772,74609,13
74773,74610,15
74774,74613,15
74775,74613,11
74776,74615,13
74777,74616,14
74778,74616,15
74779,74617,11
74780,74618,15
74781,74619,14
74782,74621,14
74783,74622,15
74784,74623,11
74785,74623,12
74786,74626,11
74787,74627,12
74788,74630,12
74789,74633,14
74790,74633,15
74791,74634,12
74792,74634,15
74793,74635,13
74794,74635,12
74795,74636,12
74796,74636,13
74797,74638,13
74798,74638,11
74799,74640,15
74800,74641,12
74801,74642,12
74802,74642,15
74803,74643,15
74804,74643,15
74805,74647,15
74806,74647,12
74807,74649,13
74808,74651,14
74809,74652,13
74810,74652,13
74811,74654,15
74812,74655,14
74813,74655,11
74814,74656,13
74815,74657,12
74816,74657,15
74817,74658,15
74818,74659,12
74819,74659,11
74820,74660,11
74821,74660,11
74822,74661,12
74823,74661,13
74824,74663,15
74825,74665,14
74826,74665,15
74827,74667,14
74828,74669,12
74829,74670,13
74830,74672,14
74831,74672,12
74832,74673,11
74833,74673,13
74834,74674,15
74835,74676,12
74836,74676,14
74837,74677,15
74838,74677,12
74839,74678,11
74840,74678,11
74841,74679,11
74842,74683,15
74843,74686,12
74844,74687,12
74845,74687,13
74846,74689,15
74847,74689,15
74848,74690,12
74849,74693,15
74850,74693,15
74851,74695,15
74852,74696,11
74853,74696,11
74854,74700,13
74855,74701,11
74856,74702,15
74857,74703,11
74858,74703,14
74859,74704,12
74860,74704,12
74861,74706,12
74862,74706,15
74863,74707,11
74864,74708,14
74865,74709,12
74866,74710,13
74867,74710,15
74868,74711,11
74869,74711,13
74870,74712,15
74871,74713,11
74872,74713,11
74873,74714,12
74874,74714,13
74875,74715,12
74876,74716,14
74877,74717,13
74878,74718,11
74879,74718,13
74880,74723,13
74881,74724,11
74882,74724,12
74883,74725,15
74884,74726,14
74885,74726,15
74886,74732,13
74887,74733,11
74888,74734,12
74889,74736,12
74890,74737,14
74891,74738,13
74892,74738,13
74893,74739,13
74894,74739,15
74895,74740,13
74896,74740,15
74897,74742,13
74898,74744,13
74899,74745,15
74900,74745,12
74901,74746,14
74902,74746,14
74903,74747,14
74904,74747,14
74905,74750,11
74906,74750,14
74907,74751,14
74908,74753,14
74909,74755,12
74910,74755,14
74911,74756,12
74912,74756,11
74913,74757,15
74914,74757,14
74915,74758,13
74916,74758,12
74917,74759,13
74918,74760,13
74919,74762,13
74920,74763,15
74921,74763,11
74922,74764,14
74923,74765,14
74924,74766,14
74925,74767,12
74926,74768,12
74927,74768,11
74928,74769,15
74929,74770,15
74930,74771,13
74931,74771,11
74932,74774,14
74933,74775,11
74934,74775,11
74935,74778,15
74936,74779,11
74937,74780,14
74938,74780,14
74939,74782,13
74940,74784,11
74941,74784,13
74942,74785,11
74943,74786,14
74944,74786,12
74945,74787,11
74946,74787,14
74947,74788,13
74948,74788,12
74949,74789,15
74950,74789,15
74951,74791,13
74952,74793,12
74953,74794,14
74954,74794,15
74955,74795,12
74956,74796,13
74957,74797,15
74958,74797,11
74959,74800,11
74960,74800,13
74961,74801,13
74962,74803,13
74963,74803,11
74964,74804,13
74965,74804,12
74966,74806,15
74967,74808,12
74968,74808,15
74969,74809,14
74970,74809,13
74971,74810,15
74972,74810,15
74973,74815,14
74974,74816,13
74975,74817,15
74976,74818,15
74977,74819,13
74978,74819,15
74979,74821,14
74980,74821,13
74981,74822,15
74982,74823,15
74983,74823,14
74984,74824,12
74985,74826,15
74986,74826,13
74987,74827,13
74988,74827,13
74989,74828,14
74990,74829,12
74991,74829,13
74992,74832,14
74993,74832,15
74994,74833,12
74995,74833,13
74996,74836,11
74997,74837,15
74998,74837,15
74999,74838,15
75000,74840,11
75001,74841,11
75002,74842,15
75003,74843,14
75004,74843,11
75005,74844,13
75006,74845,12
75007,74845,12
75008,74846,15
75009,74846,15
75010,74848,13
75011,74850,15
75012,74850,12
75013,74851,15
75014,74853,15
75015,74853,11
75016,74854,15
75017,74854,12
75018,74855,15
75019,74856,12
75020,74858,14
75021,74858,13
75022,74859,11
75023,74860,14
75024,74860,15
75025,74862,14
75026,74862,13
75027,74864,15
75028,74864,13
75029,74865,14
75030,74865,15
75031,74868,13
75032,74869,15
75033,74870,12
75034,74871,14
75035,74872,14
75036,74872,12
75037,74873,14
75038,74873,11
75039,74875,14
75040,74875,15
75041,74876,11
75042,74877,11
75043,74877,11
75044,74878,12
75045,74878,11
75046,74880,15
75047,74883,14
75048,74883,15
75049,74885,14
75050,74885,12
75051,74886,12
75052,74890,13
75053,74890,12
75054,74891,14
75055,74892,13
75056,74894,11
75057,74894,13
75058,74896,14
75059,74898,11
75060,74898,13
75061,74902,12
75062,74902,12
75063,74903,12
75064,74905,11
75065,74907,14
75066,74908,12
75067,74909,11
75068,74910,14
75069,74911,13
75070,74912,14
75071,74913,15
75072,74914,12
75073,74915,11
75074,74917,13
75075,74917,13
75076,74919,14
75077,74919,13
75078,74920,14
75079,74923,15
75080,74923,13
75081,74924,11
75082,74925,14
75083,74926,15
75084,74927,15
75085,74929,14
75086,74929,14
75087,74931,13
75088,74933,15
75089,74933,15
75090,74934,15
75091,74934,14
75092,74936,13
75093,74937,12
75094,74937,11
75095,74938,12
75096,74939,14
75097,74940,15
75098,74942,15
75099,74942,11
75100,74943,13
75101,74943,12
75102,74944,15
75103,74945,15
75104,74947,15
75105,74947,15
75106,74948,12
75107,74949,11
75108,74950,12
75109,74950,12
75110,74951,11
75111,74951,13
75112,74953,15
75113,74954,12
75114,74955,11
75115,74958,12
75116,74959,13
75117,74959,15
75118,74965,14
75119,74966,12
75120,74968,15
75121,74970,11
75122,74970,11
75123,74971,12
75124,74971,12
75125,74972,15
75126,74974,11
75127,74975,14
75128,74975,14
75129,74978,14
75130,74982,12
75131,74982,15
75132,74984,12
75133,74984,13
75134,74987,13
75135,74988,12
75136,74988,13
75137,74992,12
75138,74992,11
75139,74994,11
75140,74994,12
75141,74995,13
75142,74996,14
75143,74997,14
75144,74998,14
75145,74999,13
75146,75000,14
75147,75000,12
75148,75003,12
75149,75003,15
75150,75005,11
75151,75005,13
75152,75006,11
75153,75007,14
75154,75007,12
75155,75008,12
75156,75008,11
75157,75009,12
75158,75009,11
75159,75010,11
75160,75011,13
75161,75012,14
75162,75013,13
75163,75013,13
75164,75015,14
75165,75015,11
75166,75018,12
75167,75018,13
75168,75019,15
75169,75019,13
75170,75020,15
75171,75020,14
75172,75024,11
75173,75025,12
75174,75025,11
75175,75026,12
75176,75027,15
75177,75028,15
75178,75029,15
75179,75029,12
75180,75030,13
75181,75031,13
75182,75033,14
75183,75033,14
75184,75034,11
75185,75034,15
75186,75035,14
75187,75035,12
75188,75036,15
75189,75036,12
75190,75037,14
75191,75037,15
75192,75039,15
75193,75039,13
75194,75040,13
75195,75040,15
75196,75042,14
75197,75043,13
75198,75043,13
75199,75046,11
75200,75047,12
75201,75049,13
75202,75051,14
75203,75051,14
75204,75053,14
75205,75053,14
75206,75054,11
75207,75054,14
75208,75055,14
75209,75056,11
75210,75056,15
75211,75058,14
75212,75060,15
75213,75061,11
75214,75061,12
75215,75062,14
75216,75062,15
75217,75064,14
75218,75066,15
75219,75066,12
75220,75067,11
75221,75067,14
75222,75069,15
75223,75069,13
75224,75070,14
75225,75070,12
75226,75071,14
75227,75072,12
75228,75075,13
75229,75076,14
75230,75077,15
75231,75077,13
75232,75079,14
75233,75080,14
75234,75080,12
75235,75083,13
75236,75083,14
75237,75085,11
75238,75085,15
75239,75086,12
75240,75086,15
75241,75087,13
75242,75088,11
75243,75088,12
75244,75089,12
75245,75092,13
75246,75092,13
75247,75093,15
75248,75094,15
75249,75095,13
75250,75095,11
75251,75097,14
75252,75097,11
75253,75098,15
75254,75098,11
75255,75100,11
75256,75100,15
75257,75102,11
75258,75104,14
75259,75104,13
75260,75105,13
75261,75106,13
75262,75107,13
75263,75107,15
75264,75108,14
75265,75108,13
75266,75110,14
75267,75110,15
75268,75112,12
75269,75112,14
75270,75113,13
75271,75116,13
75272,75120,15
75273,75120,14
75274,75123,11
75275,75123,15
75276,75126,13
75277,75126,11
75278,75128,11
75279,75129,11
75280,75129,13
75281,75130,11
75282,75131,12
75283,75133,11
75284,75135,11
75285,75136,13
75286,75136,15
75287,75139,15
75288,75140,11
75289,75141,14
75290,75141,11
75291,75142,12
75292,75142,12
75293,75145,15
75294,75145,11
75295,75146,12
75296,75146,15
75297,75147,11
75298,75147,11
75299,75148,15
75300,75149,13
75301,75150,13
75302,75152,15
75303,75152,13
75304,75153,14
75305,75153,15
75306,75154,15
75307,75154,13
75308,75155,13
75309,75156,13
75310,75157,12
75311,75158,13
75312,75158,11
75313,75159,12
75314,75160,11
75315,75161,14
75316,75161,12
75317,75163,14
75318,75164,12
75319,75164,12
75320,75165,14
75321,75165,12
75322,75168,15
75323,75169,13
75324,75170,11
75325,75170,12
75326,75173,15
75327,75173,13
75328,75175,12
75329,75176,12
75330,75176,12
75331,75177,13
75332,75177,11
75333,75178,12
75334,75179,12
75335,75179,14
75336,75180,13
75337,75180,14
75338,75182,14
75339,75183,14
75340,75183,14
75341,75184,13
75342,75184,14
75343,75186,12
75344,75186,13
75345,75187,15
75346,75188,15
75347,75189,14
75348,75189,12
75349,75190,12
75350,75191,13
75351,75191,11
75352,75192,13
75353,75193,15
75354,75195,14
75355,75196,11
75356,75196,11
75357,75197,12
75358,75198,11
75359,75198,12
75360,75200,11
75361,75200,13
75362,75204,14
75363,75204,12
75364,75206,13
75365,75207,15
75366,75209,13
75367,75210,15
75368,75211,12
75369,75213,11
75370,75213,13
75371,75214,15
75372,75214,12
75373,75215,11
75374,75215,12
75375,75217,12
75376,75217,12
75377,75219,13
75378,75220,11
75379,75221,15
75380,75221,11
75381,75222,15
75382,75224,15
75383,75226,13
75384,75227,13
75385,75228,13
75386,75228,12
75387,75229,14
75388,75229,15
75389,75231,12
75390,75231,15
75391,75234,14
75392,75237,13
75393,75237,15
75394,75238,13
75395,75243,15
75396,75243,15
75397,75244,13
75398,75248,12
75399,75248,11
75400,75252,12
75401,75252,14
75402,75253,12
75403,75254,13
75404,75255,15
75405,75256,11
75406,75257,15
75407,75258,13
75408,75258,14
75409,75259,11
75410,75260,12
75411,75261,14
75412,75262,12
75413,75266,11
75414,75266,12
75415,75268,11
75416,75268,15
75417,75269,11
75418,75270,15
75419,75270,12
75420,75271,11
75421,75272,11
75422,75273,14
75423,75275,12
75424,75275,11
75425,75276,15
75426,75276,15
75427,75278,15
75428,75278,14
75429,75280,14
75430,75281,15
75431,75281,13
75432,75282,13
75433,75282,13
75434,75284,12
75435,75285,12
75436,75289,14
75437,75289,13
75438,75290,14
75439,75290,12
75440,75292,13
75441,75293,13
75442,75294,14
75443,75297,13
75444,75298,14
75445,75300,15
75446,75300,15
75447,75305,15
75448,75306,11
75449,75306,12
75450,75307,13
75451,75309,15
75452,75310,14
75453,75310,15
75454,75311,15
75455,75312,14
75456,75313,11
75457,75314,12
75458,75314,11
75459,75315,11
75460,75315,13
75461,75316,11
75462,75319,11
75463,75319,15
75464,75320,11
75465,75324,13
75466,75325,14
75467,75326,12
75468,75326,15
75469,75327,12
75470,75328,14
75471,75329,14
75472,75329,12
75473,75330,11
75474,75330,13
75475,75331,15
75476,75332,15
75477,75332,13
75478,75333,13
75479,75333,12
75480,75334,11
75481,75335,11
75482,75338,12
75483,75338,14
75484,75339,15
75485,75339,11
75486,75340,13
75487,75340,15
75488,75343,11
75489,75344,11
75490,75348,12
75491,75349,13
75492,75349,14
75493,75352,12
75494,75353,11
75495,75353,15
75496,75354,12
75497,75357,11
75498,75357,15
75499,75358,11
75500,75361,15
75501,75362,13
75502,75362,11
75503,75363,15
75504,75363,11
75505,75365,15
75506,75365,11
75507,75366,14
75508,75367,15
75509,75368,11
75510,75368,14
75511,75369,14
75512,75371,13
75513,75371,13
75514,75373,13
75515,75373,13
75516,75374,11
75517,75375,15
75518,75375,13
75519,75376,11
75520,75381,11
75521,75381,11
75522,75382,12
75523,75385,12
75524,75385,11
75525,75387,13
75526,75388,14
75527,75388,11
75528,75390,11
75529,75390,14
75530,75392,14
75531,75393,14
75532,75394,12
75533,75398,13
75534,75400,13
75535,75401,12
75536,75401,15
75537,75402,15
75538,75405,13
75539,75407,14
75540,75408,13
75541,75409,13
75542,75411,15
75543,75411,14
75544,75412,14
75545,75415,11
75546,75416,14
75547,75418,12
75548,75419,15
75549,75419,12
75550,75421,13
75551,75421,13
75552,75422,12
75553,75422,12
75554,75423,12
75555,75425,15
75556,75425,11
75557,75426,12
75558,75427,12
75559,75427,15
75560,75429,11
75561,75429,12
75562,75432,13
75563,75432,12
75564,75433,14
75565,75434,12
75566,75435,14
75567,75436,13
75568,75439,13
75569,75441,11
75570,75442,13
75571,75443,14
75572,75445,12
75573,75445,15
75574,75446,14
75575,75446,14
75576,75448,14
75577,75449,12
75578,75449,12
75579,75450,15
75580,75450,14
75581,75451,14
75582,75451,11
75583,75453,15
75584,75453,12
75585,75454,14
75586,75455,12
75587,75455,14
75588,75456,14
75589,75457,14
75590,75457,11
75591,75458,14
75592,75458,11
75593,75459,11
75594,75459,14
75595,75461,13
75596,75461,11
75597,75462,13
75598,75462,14
75599,75464,13
75600,75465,12
75601,75467,12
75602,75468,11
75603,75471,14
75604,75471,12
75605,75472,14
75606,75472,11
75607,75474,12
75608,75474,15
75609,75475,12
75610,75476,11
75611,75476,15
75612,75480,15
75613,75480,13
75614,75483,15
75615,75484,11
75616,75485,11
75617,75485,13
75618,75486,11
75619,75488,15
75620,75490,11
75621,75490,14
75622,75491,13
75623,75493,15
75624,75493,15
75625,75494,13
75626,75495,11
75627,75495,12
75628,75496,13
75629,75498,15
75630,75500,15
75631,75502,15
75632,75502,11
75633,75503,14
75634,75503,14
75635,75504,15
75636,75504,11
75637,75505,11
75638,75506,15
75639,75508,11
75640,75508,12
75641,75510,12
75642,75513,11
75643,75514,14
75644,75514,15
75645,75515,14
75646,75515,13
75647,75518,11
75648,75518,13
75649,75520,15
75650,75521,15
75651,75521,13
75652,75522,15
75653,75523,14
75654,75524,14
75655,75524,14
75656,75527,15
75657,75528,14
75658,75528,15
75659,75531,14
75660,75531,13
75661,75532,14
75662,75532,15
75663,75533,11
75664,75533,14
75665,75534,14
75666,75534,11
75667,75535,13
75668,75535,14
75669,75536,15
75670,75536,13
75671,75537,15
75672,75538,12
75673,75540,14
75674,75540,15
75675,75541,11
75676,75541,12
75677,75542,15
75678,75544,14
75679,75546,12
75680,75546,14
75681,75547,12
75682,75547,14
75683,75548,15
75684,75548,11
75685,75549,11
75686,75551,15
75687,75551,12
75688,75552,13
75689,75553,13
75690,75553,13
75691,75554,11
75692,75555,11
75693,75556,13
75694,75556,14
75695,75557,13
75696,75557,12
75697,75558,11
75698,75561,13
75699,75562,15
75700,75562,13
75701,75563,15
75702,75563,13
75703,75565,13
75704,75568,15
75705,75572,14
75706,75572,14
75707,75575,14
75708,75575,12
75709,75576,12
75710,75577,13
75711,75578,15
75712,75578,15
75713,75579,14
75714,75581,13
75715,75583,11
75716,75585,11
75717,75586,13
75718,75587,11
75719,75588,12
75720,75588,13
75721,75589,13
75722,75592,12
75723,75592,13
75724,75593,11
75725,75594,11
75726,75596,12
75727,75598,14
75728,75599,15
75729,75599,13
75730,75600,14
75731,75600,12
75732,75602,15
75733,75602,12
75734,75603,15
75735,75603,15
75736,75604,15
75737,75605,14
75738,75605,11
75739,75606,14
75740,75607,14
75741,75608,11
75742,75608,15
75743,75609,15
75744,75609,12
75745,75610,15
75746,75610,12
75747,75611,12
75748,75611,11
75749,75612,15
75750,75614,14
75751,75614,11
75752,75615,15
75753,75615,13
75754,75616,15
75755,75616,12
75756,75619,11
75757,75620,15
75758,75620,12
75759,75621,13
75760,75623,12
75761,75623,12
75762,75624,13
75763,75624,12
75764,75626,14
75765,75630,13
75766,75630,11
75767,75631,14
75768,75631,14
75769,75634,14
75770,75634,15
75771,75635,11
75772,75635,11
75773,75637,14
75774,75638,14
75775,75639,12
75776,75640,11
75777,75640,11
75778,75641,15
75779,75642,14
75780,75642,13
75781,75643,12
75782,75643,13
75783,75644,15
75784,75644,11
75785,75646,15
75786,75647,11
75787,75647,14
75788,75648,13
75789,75648,12
75790,75649,14
75791,75649,15
75792,75652,11
75793,75652,13
75794,75653,13
75795,75654,14
75796,75654,12
75797,75656,13
75798,75656,12
75799,75657,11
75800,75657,12
75801,75658,15
75802,75658,15
75803,75659,12
75804,75659,11
75805,75661,11
75806,75662,12
75807,75664,14
75808,75664,12
75809,75665,15
75810,75666,13
75811,75666,11
75812,75667,14
75813,75667,14
75814,75669,12
75815,75669,13
75816,75670,12
75817,75670,11
75818,75671,11
75819,75672,11
75820,75676,13
75821,75676,14
75822,75677,13
75823,75677,12
75824,75681,11
75825,75682,13
75826,75684,14
75827,75684,14
75828,75685,11
75829,75685,14
75830,75686,12
75831,75686,11
75832,75687,15
75833,75688,12
75834,75688,11
75835,75690,15
75836,75691,13
75837,75691,12
75838,75692,12
75839,75692,14
75840,75693,14
75841,75695,15
75842,75696,13
75843,75696,12
75844,75697,11
75845,75697,15
75846,75698,11
75847,75699,12
75848,75699,14
75849,75701,11
75850,75701,12
75851,75702,12
75852,75702,13
75853,75703,15
75854,75707,15
75855,75709,11
75856,75709,13
75857,75710,13
75858,75710,13
75859,75712,13
75860,75712,15
75861,75713,11
75862,75717,13
75863,75719,12
75864,75719,14
75865,75720,12
75866,75721,13
75867,75722,13
75868,75723,13
75869,75723,14
75870,75724,14
75871,75728,13
75872,75728,13
75873,75729,12
75874,75730,11
75875,75730,15
75876,75732,11
75877,75732,12
75878,75734,11
75879,75735,14
75880,75735,11
75881,75736,11
75882,75737,11
75883,75737,14
75884,75738,15
75885,75738,11
75886,75741,13
75887,75742,15
75888,75743,13
75889,75743,12
75890,75746,14
75891,75748,13
75892,75748,15
75893,75751,12
75894,75751,13
75895,75752,12
75896,75753,13
75897,75753,13
75898,75756,11
75899,75757,14
75900,75757,12
75901,75758,13
75902,75758,15
75903,75760,15
75904,75763,15
75905,75763,15
75906,75764,11
75907,75764,15
75908,75766,15
75909,75767,14
75910,75768,11
75911,75770,15
75912,75770,15
75913,75771,13
75914,75771,12
75915,75772,11
75916,75774,13
75917,75774,12
75918,75776,15
75919,75777,13
75920,75780,13
75921,75780,14
75922,75781,11
75923,75781,11
75924,75782,13
75925,75783,13
75926,75783,12
75927,75785,12
75928,75786,15
75929,75786,15
75930,75787,12
75931,75789,12
75932,75790,13
75933,75791,12
75934,75791,14
75935,75792,15
75936,75792,15
75937,75793,13
75938,75793,13
75939,75795,15
75940,75797,11
75941,75798,15
75942,75798,14
75943,75799,14
75944,75799,15
75945,75800,15
75946,75800,11
75947,75803,13
75948,75803,13
75949,75804,12
75950,75805,15
75951,75805,13
75952,75806,12
75953,75807,12
75954,75807,13
75955,75808,15
75956,75809,14
75957,75810,11
75958,75811,14
75959,75811,13
75960,75812,14
75961,75812,12
75962,75813,14
75963,75813,13
75964,75814,11
75965,75814,14
75966,75815,14
75967,75815,14
75968,75816,15
75969,75818,11
75970,75818,14
75971,75820,12
75972,75823,14
75973,75824,15
75974,75824,12
75975,75826,13
75976,75827,12
75977,75829,13
75978,75829,13
75979,75833,12
75980,75834,14
75981,75836,13
75982,75836,14
75983,75838,15
75984,75838,13
75985,75839,15
75986,75839,15
75987,75842,11
75988,75843,15
75989,75844,15
75990,75847,15
75991,75848,12
75992,75849,14
75993,75850,13
75994,75852,15
75995,75852,11
75996,75853,11
75997,75853,13
75998,75854,14
75999,75854,15
76000,75857,13
76001,75857,14
76002,75859,15
76003,75859,11
76004,75863,13
76005,75863,12
76006,75864,13
76007,75864,12
76008,75865,11
76009,75865,12
76010,75866,12
76011,75866,12
76012,75868,12
76013,75868,14
76014,75869,14
76015,75870,13
76016,75870,11
76017,75871,15
76018,75873,13
76019,75873,13
76020,75879,12
76021,75879,12
76022,75880,12
76023,75881,12
76024,75881,12
76025,75882,11
76026,75883,15
76027,75883,14
76028,75885,14
76029,75885,15
76030,75886,14
76031,75886,15
76032,75887,11
76033,75887,12
76034,75888,11
76035,75888,13
76036,75889,13
76037,75889,13
76038,75891,13
76039,75891,15
76040,75894,13
76041,75894,11
76042,75895,15
76043,75899,11
76044,75899,11
76045,75900,15
76046,75901,13
76047,75902,11
76048,75902,13
76049,75905,13
76050,75905,14
76051,75907,12
76052,75907,11
76053,75909,15
76054,75909,11
76055,75911,13
76056,75912,11
76057,75913,11
76058,75913,11
76059,75915,13
76060,75915,14
76061,75916,14
76062,75917,13
76063,75918,12
76064,75919,13
76065,75919,13
76066,75921,11
76067,75922,11
76068,75923,13
76069,75924,12
76070,75924,13
76071,75925,14
76072,75925,11
76073,75926,13
76074,75927,11
76075,75929,12
76076,75929,15
76077,75930,13
76078,75930,13
76079,75933,15
76080,75934,11
76081,75935,11
76082,75936,13
76083,75938,15
76084,75940,14
76085,75940,14
76086,75941,11
76087,75942,14
76088,75942,11
76089,75943,13
76090,75943,11
76091,75944,15
76092,75946,15
76093,75946,12
76094,75948,13
76095,75949,13
76096,75949,14
76097,75951,12
76098,75951,14
76099,75952,11
76100,75952,11
76101,75953,14
76102,75957,13
76103,75958,14
76104,75959,15
76105,75960,14
76106,75964,14
76107,75964,14
76108,75966,15
76109,75966,14
76110,75967,14
76111,75967,15
76112,75968,15
76113,75969,15
76114,75970,15
76115,75970,14
76116,75973,15
76117,75974,11
76118,75974,14
76119,75976,12
76120,75976,12
76121,75977,13
76122,75979,15
76123,75979,12
76124,75981,14
76125,75983,13
76126,75983,11
76127,75985,11
76128,75985,14
76129,75987,13
76130,75987,12
76131,75989,11
76132,75989,14
76133,75992,13
76134,75992,15
76135,75993,15
76136,75994,11
76137,75995,15
76138,75998,14
76139,75998,13
76140,75999,13
76141,76000,14
76142,76002,15
76143,76003,11
76144,76004,11
76145,76008,12
76146,76008,14
76147,76012,14
76148,76012,11
76149,76013,11
76150,76016,14
76151,76016,15
76152,76017,14
76153,76017,12
76154,76019,11
76155,76019,13
76156,76020,11
76157,76021,13
76158,76022,11
76159,76023,15
76160,76025,11
76161,76025,12
76162,76028,13
76163,76031,11
76164,76035,14
76165,76035,14
76166,76036,12
76167,76036,14
76168,76037,11
76169,76038,15
76170,76038,11
76171,76039,13
76172,76041,12
76173,76041,14
76174,76042,15
76175,76043,15
76176,76044,11
76177,76045,13
76178,76048,15
76179,76048,13
76180,76049,12
76181,76051,14
76182,76052,13
76183,76052,14
76184,76053,15
76185,76053,13
76186,76054,11
76187,76054,15
76188,76055,14
76189,76055,15
76190,76056,15
76191,76058,15
76192,76060,14
76193,76062,15
76194,76064,11
76195,76065,14
76196,76067,12
76197,76068,13
76198,76069,11
76199,76070,11
76200,76070,14
76201,76071,11
76202,76071,11
76203,76072,12
76204,76073,13
76205,76073,13
76206,76074,14
76207,76074,11
76208,76075,11
76209,76076,11
76210,76076,11
76211,76077,13
76212,76078,13
76213,76078,13
76214,76080,15
76215,76080,15
76216,76081,11
76217,76081,12
76218,76082,14
76219,76082,12
76220,76084,15
76221,76085,14
76222,76085,11
76223,76086,11
76224,76086,15
76225,76087,11
76226,76088,15
76227,76088,12
76228,76092,12
76229,76094,14
76230,76094,11
76231,76095,12
76232,76095,13
76233,76097,14
76234,76098,12
76235,76098,11
76236,76100,12
76237,76100,14
76238,76101,14
76239,76102,14
76240,76102,11
76241,76103,15
76242,76106,12
76243,76106,14
76244,76108,14
76245,76109,13
76246,76111,13
76247,76111,13
76248,76115,11
76249,76118,15
76250,76118,12
76251,76123,15
76252,76123,12
76253,76124,13
76254,76124,14
76255,76125,11
76256,76125,13
76257,76126,14
76258,76126,13
76259,76127,14
76260,76129,12
76261,76129,12
76262,76130,13
76263,76132,12
76264,76132,15
76265,76133,11
76266,76133,13
76267,76134,12
76268,76135,12
76269,76135,12
76270,76140,11
76271,76141,12
76272,76142,13
76273,76144,11
76274,76145,15
76275,76146,13
76276,76146,11
76277,76149,14
76278,76149,15
76279,76150,15
76280,76151,12
76281,76153,13
76282,76153,15
76283,76156,12
76284,76157,11
76285,76157,14
76286,76158,14
76287,76160,13
76288,76160,11
76289,76161,13
76290,76161,12
76291,76162,13
76292,76163,11
76293,76163,15
76294,76164,14
76295,76165,14
76296,76167,11
76297,76168,13
76298,76168,13
76299,76169,11
76300,76171,12
76301,76171,14
76302,76173,11
76303,76173,15
76304,76175,13
76305,76176,14
76306,76176,14
76307,76177,13
76308,76178,11
76309,76178,12
76310,76181,15
76311,76181,13
76312,76182,15
76313,76183,13
76314,76183,14
76315,76185,12
76316,76185,13
76317,76186,12
76318,76186,15
76319,76187,13
76320,76189,15
76321,76190,13
76322,76191,13
76323,76191,13
76324,76192,15
76325,76192,12
76326,76195,14
76327,76195,11
76328,76196,13
76329,76196,12
76330,76197,14
76331,76198,12
76332,76198,14
76333,76200,11
76334,76200,11
76335,76202,13
76336,76202,15
76337,76203,13
76338,76204,11
76339,76205,14
76340,76205,15
76341,76206,15
76342,76208,11
76343,76208,15
76344,76209,15
76345,76213,15
76346,76213,12
76347,76214,12
76348,76214,12
76349,76216,12
76350,76217,15
76351,76217,11
76352,76220,13
76353,76221,11
76354,76221,15
76355,76222,14
76356,76224,11
76357,76224,11
76358,76226,15
76359,76226,13
76360,76227,13
76361,76228,13
76362,76228,13
76363,76229,13
76364,76229,14
76365,76232,14
76366,76235,14
76367,76236,11
76368,76237,13
76369,76238,13
76370,76240,14
76371,76240,12
76372,76241,13
76373,76241,13
76374,76243,11
76375,76244,14
76376,76244,12
76377,76246,11
76378,76246,11
76379,76247,13
76380,76247,15
76381,76248,15
76382,76248,12
76383,76249,14
76384,76249,11
76385,76250,11
76386,76255,11
76387,76255,15
76388,76256,12
76389,76256,12
76390,76261,13
76391,76261,11
76392,76263,13
76393,76264,14
76394,76265,14
76395,76265,14
76396,76266,13
76397,76267,11
76398,76267,11
76399,76269,15
76400,76270,13
76401,76270,13
76402,76271,14
76403,76272,12
76404,76272,12
76405,76273,12
76406,76273,13
76407,76274,11
76408,76274,15
76409,76275,15
76410,76276,11
76411,76276,15
76412,76278,14
76413,76278,13
76414,76280,11
76415,76281,11
76416,76282,13
76417,76282,13
76418,76284,13
76419,76286,11
76420,76288,14
76421,76288,14
76422,76291,13
76423,76291,11
76424,76292,15
76425,76292,14
76426,76293,12
76427,76294,15
76428,76294,11
76429,76295,14
76430,76295,15
76431,76297,11
76432,76301,14
76433,76302,14
76434,76305,12
76435,76306,13
76436,76307,13
76437,76309,11
76438,76309,11
76439,76310,14
76440,76311,15
76441,76311,14
76442,76312,13
76443,76312,12
76444,76313,14
76445,76314,12
76446,76314,15
76447,76315,12
76448,76315,12
76449,76316,12
76450,76317,11
76451,76318,15
76452,76318,11
76453,76320,15
76454,76320,15
76455,76324,11
76456,76325,15
76457,76326,11
76458,76326,14
76459,76327,14
76460,76328,13
76461,76328,13
76462,76329,14
76463,76331,12
76464,76332,13
76465,76334,12
76466,76336,13
76467,76336,12
76468,76337,15
76469,76338,12
76470,76342,13
76471,76342,12
76472,76345,13
76473,76346,11
76474,76348,12
76475,76350,13
76476,76351,14
76477,76351,13
76478,76352,12
76479,76352,11
76480,76353,13
76481,76353,12
76482,76355,11
76483,76357,14
76484,76357,11
76485,76358,12
76486,76360,11
76487,76361,12
76488,76363,15
76489,76363,15
76490,76364,14
76491,76365,15
76492,76365,15
76493,76367,12
76494,76367,11
76495,76369,15
76496,76369,14
76497,76370,15
76498,76371,12
76499,76371,14
76500,76372,12
76501,76372,11
76502,76374,11
76503,76374,14
76504,76375,12
76505,76375,15
76506,76376,12
76507,76376,11
76508,76377,15
76509,76378,11
76510,76378,12
76511,76379,13
76512,76379,11
76513,76380,13
76514,76380,14
76515,76382,14
76516,76382,14
76517,76383,14
76518,76383,11
76519,76384,12
76520,76385,14
76521,76385,15
76522,76386,14
76523,76386,13
76524,76387,15
76525,76387,11
76526,76388,11
76527,76389,15
76528,76390,14
76529,76392,15
76530,76392,15
76531,76393,14
76532,76395,12
76533,76398,15
76534,76398,14
76535,76399,14
76536,76400,14
76537,76401,14
76538,76404,12
76539,76404,12
76540,76405,11
76541,76409,15
76542,76409,12
76543,76410,13
76544,76411,11
76545,76412,12
76546,76412,15
76547,76414,15
76548,76414,12
76549,76415,15
76550,76416,13
76551,76416,12
76552,76418,13
76553,76419,14
76554,76422,14
76555,76423,15
76556,76424,12
76557,76426,13
76558,76426,14
76559,76427,12
76560,76427,11
76561,76428,15
76562,76432,13
76563,76432,12
76564,76434,15
76565,76434,13
76566,76435,14
76567,76435,13
76568,76436,14
76569,76437,15
76570,76437,11
76571,76439,14
76572,76440,13
76573,76441,14
76574,76441,14
76575,76442,13
76576,76444,11
76577,76444,15
76578,76445,11
76579,76446,14
76580,76446,12
76581,76447,12
76582,76448,15
76583,76449,15
76584,76449,13
76585,76450,15
76586,76451,11
76587,76451,15
76588,76452,12
76589,76455,13
76590,76455,13
76591,76460,14
76592,76460,15
76593,76464,13
76594,76466,14
76595,76467,13
76596,76467,11
76597,76470,11
76598,76472,11
76599,76473,11
76600,76473,14
76601,76476,15
76602,76478,13
76603,76479,12
76604,76479,11
76605,76480,13
76606,76480,11
76607,76481,11
76608,76482,12
76609,76484,15
76610,76485,13
76611,76486,13
76612,76488,15
76613,76489,14
76614,76490,15
76615,76490,12
76616,76491,14
76617,76492,11
76618,76492,14
76619,76494,15
76620,76494,15
76621,76497,14
76622,76497,11
76623,76498,13
76624,76500,11
76625,76503,13
76626,76504,11
76627,76505,14
76628,76505,13
76629,76506,12
76630,76507,13
76631,76507,11
76632,76508,12
76633,76509,13
76634,76510,15
76635,76510,11
76636,76511,13
76637,76511,13
76638,76512,12
76639,76513,11
76640,76513,12
76641,76514,15
76642,76514,13
76643,76515,11
76644,76515,14
76645,76516,13
76646,76517,11
76647,76517,12
76648,76518,12
76649,76519,12
76650,76519,12
76651,76520,11
76652,76520,14
76653,76522,15
76654,76523,12
76655,76523,13
76656,76524,14
76657,76524,14
76658,76526,15
76659,76530,14
76660,76531,12
76661,76531,12
76662,76532,13
76663,76535,15
76664,76536,15
76665,76538,11
76666,76538,11
76667,76539,14
76668,76540,14
76669,76540,11
76670,76541,13
76671,76541,13
76672,76542,12
76673,76542,12
76674,76543,11
76675,76544,13
76676,76545,15
76677,76545,14
76678,76546,12
76679,76547,13
76680,76548,12
76681,76549,15
76682,76553,13
76683,76554,15
76684,76555,14
76685,76556,13
76686,76556,12
76687,76557,13
76688,76558,13
76689,76561,13
76690,76561,15
76691,76562,11
76692,76564,11
76693,76564,11
76694,76566,15
76695,76569,12
76696,76573,13
76697,76574,14
76698,76574,11
76699,76575,14
76700,76575,11
76701,76576,13
76702,76576,11
76703,76578,12
76704,76578,14
76705,76580,14
76706,76581,13
76707,76581,14
76708,76583,11
76709,76583,12
76710,76584,13
76711,76585,15
76712,76585,15
76713,76586,11
76714,76586,13
76715,76587,15
76716,76588,13
76717,76588,12
76718,76590,14
76719,76591,12
76720,76594,12
76721,76594,13
76722,76596,14
76723,76597,11
76724,76597,12
76725,76599,11
76726,76599,13
76727,76601,15
76728,76601,13
76729,76602,14
76730,76602,14
76731,76603,13
76732,76603,11
76733,76604,13
76734,76606,12
76735,76608,15
76736,76608,15
76737,76609,13
76738,76610,14
76739,76612,13
76740,76612,11
76741,76615,13
76742,76615,13
76743,76616,13
76744,76616,11
76745,76617,14
76746,76618,15
76747,76622,15
76748,76623,15
76749,76623,14
76750,76625,13
76751,76627,13
76752,76627,11
76753,76628,11
76754,76628,14
76755,76629,12
76756,76629,11
76757,76630,13
76758,76630,13
76759,76634,14
76760,76637,15
76761,76637,12
76762,76640,13
76763,76642,14
76764,76642,12
76765,76643,14
76766,76645,15
76767,76645,11
76768,76647,11
76769,76649,14
76770,76650,11
76771,76650,12
76772,76651,12
76773,76651,14
76774,76652,14
76775,76653,12
76776,76655,14
76777,76655,14
76778,76656,12
76779,76656,14
76780,76658,11
76781,76659,13
76782,76659,13
76783,76661,11
76784,76661,13
76785,76662,12
76786,76662,13
76787,76663,13
76788,76664,11
76789,76666,12
76790,76670,13
76791,76670,12
76792,76671,15
76793,76673,14
76794,76673,15
76795,76674,12
76796,76675,13
76797,76675,14
76798,76678,15
76799,76679,15
76800,76679,15
76801,76680,14
76802,76680,11
76803,76683,13
76804,76684,13
76805,76686,12
76806,76687,15
76807,76687,15
76808,76691,15
76809,76692,15
76810,76692,15
76811,76693,14
76812,76694,13
76813,76698,11
76814,76698,14
76815,76699,12
76816,76700,11
76817,76701,11
76818,76704,15
76819,76704,12
76820,76706,15
76821,76706,13
76822,76707,14
76823,76707,14
76824,76709,14
76825,76713,11
76826,76713,13
76827,76715,13
76828,76715,14
76829,76717,13
76830,76719,12
76831,76720,12
76832,76723,13
76833,76723,14
76834,76724,14
76835,76725,12
76836,76726,11
76837,76726,12
76838,76728,15
76839,76729,15
76840,76730,15
76841,76731,15
76842,76731,12
76843,76732,13
76844,76732,13
76845,76733,12
76846,76734,14
76847,76734,15
76848,76735,14
76849,76737,11
76850,76739,11
76851,76739,14
76852,76740,15
76853,76740,11
76854,76741,11
76855,76741,14
76856,76743,13
76857,76744,13
76858,76746,13
76859,76747,13
76860,76749,14
76861,76749,12
76862,76751,14
76863,76751,12
76864,76752,15
76865,76757,13
76866,76757,11
76867,76758,15
76868,76758,15
76869,76759,13
76870,76762,15
76871,76762,15
76872,76763,13
76873,76763,11
76874,76764,11
76875,76764,15
76876,76766,13
76877,76766,14
76878,76767,15
76879,76767,14
76880,76768,14
76881,76768,14
76882,76769,13
76883,76769,13
76884,76771,15
76885,76771,15
76886,76773,14
76887,76773,15
76888,76774,14
76889,76775,13
76890,76777,15
76891,76777,15
76892,76781,12
76893,76783,12
76894,76783,12
76895,76784,14
76896,76786,14
76897,76786,12
76898,76787,13
76899,76787,11
76900,76790,13
76901,76790,15
76902,76792,11
76903,76792,13
76904,76793,14
76905,76793,11
76906,76795,13
76907,76795,11
76908,76797,14
76909,76798,11
76910,76803,13
76911,76803,12
76912,76806,14
76913,76811,14
76914,76811,12
76915,76813,13
76916,76815,13
76917,76815,12
76918,76816,13
76919,76819,14
76920,76820,11
76921,76820,13
76922,76823,13
76923,76823,12
76924,76827,13
76925,76827,13
76926,76828,11
76927,76828,12
76928,76832,11
76929,76832,14
76930,76833,11
76931,76833,14
76932,76834,11
76933,76835,15
76934,76835,13
76935,76836,13
76936,76839,14
76937,76839,14
76938,76840,11
76939,76840,12
76940,76841,14
76941,76842,14
76942,76844,14
76943,76844,13
76944,76845,15
76945,76847,11
76946,76848,11
76947,76848,11
76948,76849,11
76949,76849,14
76950,76850,12
76951,76854,14
76952,76856,14
76953,76856,12
76954,76857,13
76955,76858,11
76956,76858,15
76957,76859,14
76958,76860,12
76959,76863,15
76960,76866,12
76961,76867,11
76962,76869,14
76963,76869,13
76964,76871,14
76965,76872,11
76966,76872,11
76967,76873,15
76968,76875,14
76969,76876,13
76970,76876,14
76971,76877,12
76972,76878,12
76973,76878,11
76974,76879,15
76975,76880,14
76976,76882,14
76977,76883,15
76978,76885,15
76979,76887,15
76980,76887,12
76981,76888,11
76982,76889,15
76983,76890,12
76984,76891,14
76985,76891,14
76986,76892,13
76987,76892,11
76988,76894,12
76989,76895,14
76990,76896,15
76991,76896,13
76992,76897,15
76993,76898,13
76994,76898,12
76995,76899,15
76996,76900,12
76997,76901,13
76998,76903,13
76999,76903,12
77000,76905,12
77001,76906,13
77002,76907,13
77003,76909,12
77004,76910,12
77005,76910,15
77006,76911,13
77007,76911,11
77008,76913,14
77009,76913,14
77010,76914,11
77011,76916,14
77012,76916,11
77013,76917,12
77014,76918,15
77015,76918,12
77016,76920,11
77017,76920,14
77018,76923,11
77019,76924,12
77020,76925,13
77021,76926,11
77022,76926,11
77023,76928,11
77024,76928,14
77025,76929,13
77026,76932,11
77027,76932,15
77028,76933,14
77029,76933,14
77030,76935,15
77031,76937,14
77032,76937,14
77033,76938,11
77034,76938,13
77035,76941,14
77036,76941,14
77037,76943,12
77038,76944,14
77039,76945,12
77040,76945,15
77041,76947,13
77042,76948,14
77043,76951,14
77044,76953,14
77045,76954,13
77046,76954,11
77047,76957,14
77048,76957,15
77049,76958,12
77050,76958,11
77051,76961,15
77052,76962,14
77053,76962,14
77054,76966,12
77055,76966,15
77056,76967,14
77057,76967,12
77058,76968,12
77059,76969,15
77060,76970,11
77061,76970,13
77062,76972,12
77063,76973,15
77064,76975,13
77065,76976,11
77066,76976,14
77067,76977,14
77068,76978,12
77069,76979,12
77070,76979,15
77071,76981,12
77072,76982,15
77073,76983,11
77074,76984,14
77075,76984,11
77076,76985,14
77077,76985,13
77078,76986,15
77079,76987,12
77080,76987,12
77081,76988,11
77082,76989,14
77083,76989,14
77084,76990,14
77085,76990,15
77086,76991,15
77087,76993,13
77088,76996,15
77089,76997,13
77090,76997,11
77091,76998,11
77092,76999,15
77093,77000,11
77094,77000,14
77095,77001,11
77096,77002,12
77097,77003,12
77098,77004,13
77099,77004,15
77100,77005,12
77101,77005,12
77102,77007,15
77103,77007,13
77104,77010,12
77105,77010,15
77106,77012,14
77107,77012,12
77108,77013,14
77109,77014,14
77110,77014,12
77111,77015,13
77112,77016,13
77113,77016,15
77114,77017,13
77115,77017,13
77116,77018,15
77117,77019,13
77118,77019,13
77119,77020,15
77120,77020,15
77121,77021,13
77122,77022,15
77123,77025,11
77124,77025,15
77125,77026,11
77126,77027,13
77127,77027,11
77128,77028,15
77129,77029,14
77130,77031,14
77131,77033,15
77132,77034,11
77133,77035,11
77134,77036,15
77135,77038,13
77136,77040,11
77137,77040,13
77138,77042,12
77139,77042,13
77140,77045,13
77141,77046,12
77142,77046,14
77143,77047,14
77144,77047,11
77145,77048,15
77146,77048,12
77147,77050,11
77148,77051,11
77149,77051,12
77150,77052,15
77151,77052,15
77152,77054,13
77153,77054,12
77154,77055,11
77155,77055,13
77156,77056,12
77157,77056,15
77158,77057,11
77159,77058,14
77160,77060,13
77161,77060,15
77162,77062,14
77163,77063,15
77164,77063,13
77165,77064,11
77166,77064,13
77167,77066,13
77168,77067,11
77169,77067,11
77170,77069,13
77171,77070,13
77172,77070,13
77173,77071,11
77174,77072,12
77175,77074,11
77176,77074,11
77177,77075,12
77178,77076,13
77179,77076,11
77180,77077,13
77181,77077,15
77182,77079,14
77183,77080,11
77184,77080,11
77185,77081,13
77186,77081,11
77187,77082,14
77188,77084,11
77189,77086,12
77190,77086,12
77191,77089,11
77192,77090,15
77193,77091,13
77194,77093,12
77195,77097,13
77196,77099,13
77197,77100,15
77198,77101,14
77199,77101,13
77200,77102,13
77201,77102,11
77202,77103,14
77203,77105,13
77204,77105,15
77205,77106,13
77206,77106,15
77207,77107,14
77208,77111,14
77209,77111,11
77210,77112,14
77211,77114,13
77212,77116,13
77213,77117,14
77214,77120,13
77215,77122,11
77216,77124,15
77217,77125,13
77218,77131,12
77219,77134,12
77220,77135,13
77221,77135,14
77222,77136,14
77223,77137,12
77224,77138,15
77225,77139,13
77226,77141,15
77227,77141,12
77228,77142,13
77229,77143,13
77230,77144,15
77231,77145,13
77232,77146,11
77233,77147,11
77234,77147,11
77235,77149,15
77236,77149,14
77237,77151,11
77238,77152,14
77239,77153,12
77240,77154,14
77241,77154,11
77242,77155,12
77243,77157,11
77244,77158,15
77245,77161,11
77246,77161,11
77247,77162,14
77248,77164,13
77249,77165,11
77250,77165,13
77251,77167,13
77252,77167,12
77253,77168,11
77254,77169,14
77255,77172,15
77256,77172,12
77257,77173,12
77258,77173,15
77259,77174,12
77260,77174,14
77261,77175,13
77262,77175,13
77263,77176,15
77264,77177,13
77265,77177,13
77266,77179,11
77267,77179,14
77268,77180,13
77269,77182,14
77270,77182,11
77271,77183,11
77272,77183,12
77273,77184,11
77274,77184,13
77275,77185,15
77276,77185,13
77277,77187,15
77278,77187,11
77279,77188,14
77280,77189,14
77281,77190,11
77282,77190,12
77283,77191,14
77284,77191,14
77285,77193,15
77286,77195,11
77287,77195,15
77288,77196,14
77289,77197,13
77290,77199,14
77291,77199,11
77292,77200,14
77293,77202,15
77294,77202,11
77295,77203,14
77296,77205,13
77297,77205,11
77298,77208,15
77299,77208,11
77300,77210,15
77301,77210,12
77302,77213,14
77303,77213,14
77304,77215,15
77305,77215,14
77306,77216,15
77307,77217,14
77308,77217,15
77309,77219,12
77310,77220,13
77311,77221,13
77312,77222,11
77313,77222,14
77314,77223,15
77315,77224,11
77316,77224,13
77317,77225,11
77318,77226,13
77319,77226,14
77320,77227,11
77321,77227,15
77322,77229,11
77323,77230,12
77324,77231,15
77325,77234,12
77326,77234,11
77327,77235,15
77328,77238,13
77329,77239,15
77330,77242,11
77331,77243,15
77332,77244,12
77333,77244,12
77334,77248,13
77335,77248,13
77336,77249,12
77337,77249,12
77338,77250,15
77339,77250,13
77340,77251,12
77341,77252,14
77342,77252,12
77343,77254,15
77344,77256,14
77345,77256,13
77346,77257,13
77347,77257,11
77348,77261,15
77349,77261,14
77350,77262,12
77351,77262,15
77352,77263,15
77353,77264,13
77354,77265,13
77355,77266,11
77356,77266,12
77357,77267,15
77358,77267,15
77359,77268,13
77360,77269,14
77361,77269,13
77362,77271,15
77363,77271,15
77364,77272,15
77365,77273,13
77366,77273,14
77367,77274,12
77368,77275,12
77369,77276,14
77370,77278,11
77371,77279,14
77372,77279,13
77373,77280,13
77374,77281,14
77375,77282,15
77376,77283,13
77377,77283,15
77378,77284,13
77379,77286,11
77380,77286,12
77381,77287,11
77382,77287,14
77383,77288,12
77384,77290,13
77385,77290,13
77386,77291,14
77387,77292,13
77388,77292,15
77389,77293,15
77390,77293,13
77391,77294,11
77392,77294,13
77393,77295,12
77394,77295,15
77395,77296,11
77396,77296,15
77397,77297,13
77398,77297,11
77399,77298,13
77400,77298,11
77401,77299,12
77402,77301,12
77403,77302,13
77404,77302,11
77405,77305,11
77406,77305,11
77407,77306,14
77408,77311,12
77409,77311,12
77410,77312,12
77411,77312,15
77412,77314,13
77413,77315,15
77414,77315,15
77415,77318,13
77416,77319,14
77417,77319,11
77418,77321,13
77419,77321,11
77420,77322,13
77421,77322,14
77422,77323,14
77423,77323,12
77424,77324,12
77425,77324,12
77426,77326,12
77427,77327,12
77428,77327,15
77429,77328,12
77430,77328,15
77431,77330,15
77432,77331,12
77433,77332,15
77434,77332,14
77435,77333,15
77436,77333,11
77437,77334,15
77438,77335,14
77439,77339,14
77440,77340,13
77441,77341,15
77442,77341,12
77443,77344,12
77444,77345,15
77445,77345,14
77446,77346,13
77447,77347,13
77448,77349,13
77449,77349,14
77450,77350,14
77451,77350,11
77452,77351,12
77453,77351,14
77454,77352,15
77455,77353,13
77456,77354,15
77457,77355,12
77458,77355,15
77459,77357,12
77460,77357,12
77461,77358,11
77462,77359,15
77463,77359,15
77464,77360,15
77465,77360,15
77466,77361,11
77467,77361,14
77468,77362,14
77469,77366,12
77470,77366,13
77471,77367,12
77472,77367,13
77473,77369,13
77474,77370,14
77475,77371,11
77476,77374,13
77477,77374,14
77478,77377,14
77479,77378,13
77480,77378,11
77481,77380,12
77482,77380,11
77483,77381,11
77484,77381,11
77485,77383,15
77486,77384,14
77487,77384,11
77488,77385,14
77489,77387,12
77490,77387,15
77491,77390,14
77492,77390,14
77493,77391,14
77494,77391,11
77495,77394,12
77496,77394,12
77497,77396,12
77498,77396,12
77499,77397,12
77500,77398,13
77501,77398,15
77502,77400,14
77503,77402,11
77504,77402,12
77505,77403,12
77506,77404,11
77507,77405,14
77508,77405,12
77509,77408,14
77510,77411,13
77511,77411,12
77512,77413,14
77513,77414,12
77514,77415,12
77515,77416,11
77516,77417,15
77517,77418,15
77518,77420,12
77519,77422,13
77520,77423,11
77521,77424,15
77522,77424,12
77523,77425,12
77524,77425,11
77525,77426,11
77526,77428,11
77527,77430,14
77528,77430,11
77529,77431,15
77530,77432,15
77531,77432,11
77532,77433,13
77533,77433,15
77534,77435,13
77535,77436,15
77536,77436,14
77537,77437,13
77538,77437,13
77539,77439,13
77540,77439,14
77541,77440,13
77542,77441,15
77543,77442,13
77544,77443,12
77545,77444,11
77546,77444,12
77547,77445,11
77548,77445,12
77549,77446,13
77550,77448,15
77551,77448,15
77552,77449,13
77553,77450,13
77554,77452,14
77555,77453,11
77556,77453,13
77557,77455,13
77558,77455,14
77559,77456,12
77560,77457,11
77561,77459,15
77562,77461,12
77563,77463,13
77564,77465,14
77565,77466,13
77566,77466,13
77567,77467,14
77568,77468,11
77569,77468,15
77570,77469,11
77571,77469,12
77572,77470,15
77573,77470,11
77574,77472,15
77575,77472,12
77576,77473,15
77577,77473,13
77578,77475,13
77579,77475,15
77580,77476,13
77581,77477,14
77582,77477,15
77583,77480,11
77584,77480,11
77585,77482,13
77586,77483,14
77587,77486,12
77588,77486,15
77589,77488,12
77590,77490,15
77591,77492,13
77592,77494,13
77593,77494,13
77594,77495,15
77595,77495,12
77596,77498,15
77597,77502,14
77598,77502,13
77599,77504,13
77600,77504,11
77601,77505,12
77602,77506,15
77603,77506,13
77604,77507,12
77605,77507,14
77606,77509,15
77607,77509,15
77608,77510,11
77609,77510,13
77610,77511,12
77611,77513,15
77612,77514,11
77613,77515,14
77614,77516,11
77615,77516,13
77616,77517,13
77617,77518,14
77618,77520,14
77619,77520,14
77620,77522,15
77621,77523,13
77622,77523,11
77623,77524,11
77624,77524,13
77625,77525,12
77626,77525,11
77627,77526,12
77628,77526,14
77629,77527,14
77630,77528,12
77631,77528,12
77632,77529,11
77633,77530,12
77634,77532,14
77635,77532,14
77636,77535,11
77637,77536,14
77638,77536,14
77639,77538,12
77640,77539,13
77641,77540,13
77642,77540,13
77643,77541,12
77644,77541,14
77645,77542,11
77646,77542,14
77647,77543,14
77648,77544,11
77649,77544,12
77650,77545,11
77651,77545,14
77652,77546,13
77653,77546,14
77654,77547,14
77655,77547,14
77656,77549,12
77657,77550,11
77658,77551,13
77659,77551,13
77660,77553,14
77661,77556,12
77662,77557,12
77663,77558,14
77664,77560,14
77665,77560,11
77666,77561,13
77667,77561,12
77668,77562,14
77669,77562,14
77670,77566,11
77671,77567,11
77672,77567,15
77673,77568,14
77674,77569,11
77675,77569,14
77676,77574,13
77677,77574,15
77678,77577,11
77679,77577,15
77680,77578,13
77681,77579,15
77682,77579,13
77683,77580,11
77684,77580,14
77685,77581,12
77686,77582,13
77687,77584,15
77688,77587,15
77689,77590,13
77690,77591,13
77691,77592,13
77692,77593,13
77693,77593,12
77694,77594,15
77695,77596,12
77696,77597,12
77697,77598,15
77698,77598,14
77699,77600,14
77700,77600,11
77701,77602,11
77702,77604,15
77703,77605,12
77704,77605,15
77705,77606,11
77706,77607,11
77707,77608,15
77708,77609,13
77709,77609,11
77710,77610,12
77711,77611,15
77712,77611,12
77713,77613,11
77714,77613,11
77715,77614,15
77716,77614,14
77717,77616,15
77718,77617,12
77719,77618,12
77720,77618,13
77721,77619,11
77722,77619,12
77723,77620,15
77724,77621,12
77725,77623,12
77726,77623,11
77727,77624,14
77728,77624,15
77729,77627,13
77730,77628,15
77731,77629,14
77732,77633,14
77733,77635,15
77734,77635,15
77735,77636,14
77736,77637,14
77737,77638,13
77738,77639,14
77739,77640,13
77740,77641,13
77741,77641,13
77742,77642,15
77743,77642,14
77744,77645,11
77745,77645,12
77746,77646,11
77747,77648,15
77748,77648,11
77749,77649,12
77750,77649,14
77751,77650,12
77752,77651,13
77753,77652,11
77754,77653,12
77755,77655,12
77756,77656,13
77757,77659,14
77758,77661,13
77759,77661,12
77760,77662,11
77761,77663,12
77762,77664,12
77763,77664,11
77764,77666,11
77765,77669,13
77766,77669,15
77767,77670,11
77768,77671,14
77769,77672,13
77770,77672,13
77771,77674,14
77772,77674,15
77773,77677,14
77774,77677,13
77775,77678,12
77776,77678,11
77777,77679,12
77778,77680,14
77779,77681,15
77780,77681,15
77781,77683,13
77782,77684,13
77783,77688,15
77784,77689,11
77785,77689,13
77786,77691,13
77787,77691,13
77788,77692,13
77789,77692,14
77790,77693,11
77791,77696,11
77792,77699,15
77793,77701,11
77794,77701,13
77795,77706,15
77796,77706,13
77797,77707,13
77798,77709,12
77799,77711,15
77800,77712,14
77801,77712,11
77802,77713,15
77803,77713,15
77804,77714,14
77805,77715,11
77806,77716,15
77807,77716,14
77808,77717,12
77809,77718,15
77810,77720,11
77811,77723,15
77812,77723,11
77813,77724,12
77814,77725,15
77815,77727,12
77816,77727,11
77817,77728,11
77818,77728,12
77819,77729,14
77820,77734,14
77821,77734,14
77822,77735,13
77823,77735,11
77824,77736,11
77825,77736,11
77826,77737,11
77827,77737,11
77828,77741,13
77829,77741,15
77830,77743,13
77831,77743,15
77832,77745,15
77833,77746,15
77834,77749,13
77835,77750,15
77836,77751,12
77837,77751,15
77838,77752,15
77839,77753,11
77840,77753,14
77841,77754,13
77842,77755,12
77843,77757,15
77844,77757,14
77845,77758,13
77846,77758,15
77847,77760,14
77848,77761,12
77849,77761,12
77850,77763,13
77851,77763,15
77852,77764,14
77853,77764,11
77854,77765,14
77855,77766,13
77856,77766,14
77857,77768,12
77858,77769,11
77859,77770,12
77860,77772,11
77861,77772,12
77862,77773,13
77863,77775,14
77864,77780,14
77865,77780,14
77866,77781,11
77867,77781,13
77868,77782,15
77869,77782,12
77870,77783,15
77871,77783,11
77872,77784,15
77873,77784,15
77874,77785,12
77875,77785,12
77876,77786,13
77877,77787,12
77878,77788,14
77879,77788,15
77880,77789,15
77881,77790,14
77882,77793,14
77883,77793,13
77884,77795,13
77885,77795,11
77886,77797,15
77887,77798,15
77888,77798,11
77889,77801,13
77890,77801,11
77891,77804,15
77892,77804,14
77893,77805,12
77894,77805,12
77895,77807,13
77896,77807,14
77897,77808,14
77898,77810,12
77899,77813,14
77900,77818,11
77901,77818,12
77902,77820,15
77903,77821,12
77904,77821,12
77905,77822,12
77906,77822,12
77907,77823,13
77908,77823,11
77909,77825,14
77910,77825,12
77911,77827,15
77912,77828,14
77913,77831,14
77914,77831,14
77915,77834,14
77916,77835,11
77917,77836,15
77918,77836,12
77919,77837,15
77920,77837,15
77921,77838,14
77922,77838,14
77923,77839,13
77924,77840,15
77925,77841,15
77926,77842,15
77927,77843,14
77928,77843,11
77929,77844,12
77930,77844,13
77931,77845,12
77932,77846,12
77933,77850,15
77934,77851,14
77935,77852,15
77936,77853,13
77937,77853,11
77938,77855,14
77939,77856,12
77940,77857,12
77941,77857,15
77942,77858,13
77943,77863,12
77944,77865,15
77945,77865,15
77946,77866,12
77947,77868,11
77948,77869,13
77949,77869,12
77950,77872,14
77951,77872,13
77952,77874,11
77953,77874,14
77954,77875,11
77955,77875,13
77956,77876,11
77957,77877,12
77958,77877,15
77959,77878,11
77960,77880,12
77961,77881,13
77962,77881,13
77963,77883,15
77964,77883,15
77965,77884,14
77966,77885,14
77967,77886,12
77968,77886,13
77969,77887,12
77970,77887,15
77971,77888,15
77972,77890,15
77973,77890,13
77974,77891,11
77975,77892,14
77976,77892,11
77977,77893,15
77978,77894,13
77979,77895,13
77980,77895,13
77981,77897,13
77982,77897,13
77983,77899,13
77984,77899,13
77985,77900,12
77986,77903,13
77987,77903,15
77988,77904,14
77989,77905,14
77990,77906,13
77991,77906,13
77992,77907,13
77993,77910,14
77994,77911,14
77995,77912,15
77996,77912,12
77997,77913,15
77998,77915,11
77999,77915,15
78000,77917,15
78001,77921,15
78002,77922,15
78003,77922,11
78004,77923,12
78005,77923,11
78006,77925,13
78007,77925,14
78008,77926,14
78009,77927,14
78010,77928,12
78011,77928,11
78012,77929,15
78013,77929,12
78014,77930,11
78015,77931,11
78016,77932,12
78017,77933,11
78018,77935,15
78019,77935,15
78020,77938,11
78021,77939,11
78022,77939,14
78023,77940,13
78024,77941,15
78025,77944,11
78026,77944,13
78027,77945,11
78028,77945,14
78029,77946,14
78030,77946,14
78031,77949,13
78032,77951,12
78033,77953,15
78034,77954,14
78035,77954,13
78036,77955,15
78037,77955,15
78038,77956,12
78039,77956,11
78040,77958,12
78041,77959,11
78042,77960,13
78043,77961,11
78044,77962,15
78045,77964,12
78046,77965,11
78047,77967,15
78048,77969,15
78049,77969,12
78050,77970,11
78051,77970,12
78052,77971,11
78053,77971,15
78054,77972,14
78055,77972,12
78056,77973,14
78057,77974,13
78058,77976,11
78059,77977,12
78060,77978,14
78061,77983,14
78062,77983,15
78063,77985,11
78064,77985,12
78065,77986,12
78066,77986,12
78067,77988,12
78068,77988,15
78069,77991,14
78070,77991,11
78071,77993,12
78072,77994,15
78073,77995,11
78074,77996,14
78075,77998,12
78076,77999,12
78077,78000,14
78078,78000,13
78079,78001,13
78080,78002,11
78081,78002,12
78082,78006,13
78083,78007,11
78084,78007,11
78085,78008,12
78086,78009,14
78087,78012,14
78088,78013,12
78089,78014,13
78090,78014,12
78091,78016,11
78092,78018,11
78093,78019,11
78094,78019,15
78095,78020,12
78096,78021,15
78097,78021,14
78098,78023,13
78099,78023,11
78100,78024,11
78101,78024,11
78102,78025,12
78103,78026,13
78104,78026,12
78105,78027,15
78106,78027,13
78107,78028,15
78108,78029,15
78109,78029,11
78110,78030,12
78111,78030,12
78112,78031,13
78113,78031,15
78114,78034,11
78115,78034,15
78116,78035,15
78117,78037,14
78118,78038,15
78119,78039,12
78120,78043,11
78121,78044,11
78122,78044,13
78123,78046,13
78124,78046,12
78125,78047,13
78126,78048,13
78127,78048,11
78128,78049,11
78129,78051,11
78130,78051,14
78131,78052,12
78132,78052,14
78133,78053,14
78134,78053,11
78135,78054,11
78136,78054,14
78137,78055,14
78138,78056,14
78139,78059,12
78140,78060,12
78141,78064,15
78142,78064,14
78143,78065,13
78144,78066,12
78145,78070,11
78146,78070,13
78147,78071,12
78148,78071,13
78149,78073,15
78150,78074,14
78151,78075,14
78152,78076,13
78153,78078,11
78154,78078,11
78155,78080,13
78156,78081,13
78157,78082,11
78158,78083,15
78159,78085,14
78160,78088,14
78161,78089,11
78162,78089,11
78163,78090,13
78164,78090,11
78165,78091,13
78166,78093,13
78167,78094,15
78168,78094,11
78169,78095,12
78170,78095,11
78171,78097,12
78172,78097,13
78173,78098,13
78174,78098,12
78175,78099,15
78176,78100,13
78177,78100,12
78178,78102,12
78179,78104,11
78180,78104,15
78181,78106,13
78182,78106,13
78183,78108,13
78184,78108,13
78185,78109,13
78186,78109,15
78187,78112,15
78188,78112,13
78189,78113,15
78190,78113,14
78191,78115,15
78192,78115,13
78193,78116,11
78194,78117,12
78195,78118,15
78196,78118,11
78197,78119,14
78198,78120,11
78199,78120,15
78200,78122,14
78201,78126,11
78202,78126,15
78203,78127,14
78204,78127,13
78205,78129,11
78206,78129,11
78207,78130,15
78208,78133,13
78209,78134,15
78210,78136,14
78211,78138,13
78212,78139,14
78213,78140,11
78214,78142,12
78215,78142,13
78216,78143,11
78217,78144,13
78218,78144,13
78219,78145,12
78220,78146,12
78221,78147,12
78222,78149,15
78223,78149,12
78224,78151,15
78225,78152,15
78226,78153,15
78227,78153,12
78228,78156,14
78229,78157,13
78230,78158,12
78231,78158,15
78232,78160,11
78233,78163,15
78234,78163,14
78235,78165,13
78236,78166,13
78237,78169,11
78238,78170,13
78239,78171,15
78240,78171,12
78241,78172,12
78242,78174,12
78243,78175,15
78244,78175,12
78245,78176,15
78246,78176,12
78247,78177,14
78248,78178,11
78249,78180,15
78250,78181,15
78251,78181,12
78252,78182,13
78253,78183,13
78254,78183,15
78255,78184,13
78256,78184,15
78257,78185,14
78258,78185,11
78259,78186,11
78260,78187,13
78261,78187,13
78262,78189,13
78263,78189,11
78264,78190,11
78265,78192,11
78266,78192,15
78267,78194,14
78268,78194,12
78269,78195,15
78270,78195,15
78271,78196,13
78272,78196,12
78273,78197,12
78274,78197,15
78275,78200,14
78276,78201,11
78277,78201,13
78278,78202,15
78279,78203,15
78280,78203,15
78281,78205,15
78282,78205,11
78283,78206,12
78284,78208,11
78285,78209,12
78286,78209,14
78287,78210,13
78288,78210,11
78289,78211,12
78290,78211,11
78291,78213,14
78292,78215,15
78293,78215,14
78294,78216,12
78295,78217,13
78296,78221,11
78297,78221,13
78298,78222,12
78299,78222,12
78300,78223,12
78301,78223,12
78302,78224,11
78303,78225,11
78304,78225,13
78305,78227,15
78306,78229,11
78307,78230,11
78308,78230,11
78309,78232,13
78310,78233,12
78311,78236,14
78312,78236,14
78313,78237,12
78314,78239,15
78315,78239,11
78316,78240,15
78317,78240,15
78318,78241,14
78319,78242,11
78320,78245,12
78321,78246,12
78322,78247,11
78323,78248,15
78324,78249,14
78325,78249,15
78326,78250,11
78327,78250,13
78328,78253,15
78329,78253,12
78330,78254,11
78331,78256,12
78332,78256,13
78333,78257,15
78334,78257,15
78335,78258,15
78336,78258,12
78337,78259,11
78338,78261,15
78339,78261,12
78340,78262,13
78341,78262,13
78342,78263,13
78343,78264,11
78344,78265,14
78345,78265,14
78346,78266,13
78347,78268,11
78348,78270,11
78349,78270,11
78350,78271,12
78351,78271,14
78352,78272,14
78353,78275,15
78354,78275,13
78355,78276,11
78356,78276,14
78357,78277,14
78358,78277,14
78359,78278,14
78360,78278,12
78361,78280,12
78362,78282,13
78363,78284,13
78364,78285,11
78365,78285,14
78366,78287,15
78367,78287,13
78368,78288,13
78369,78289,14
78370,78289,14
78371,78291,12
78372,78293,12
78373,78295,13
78374,78297,15
78375,78301,13
78376,78301,12
78377,78303,12
78378,78303,11
78379,78304,11
78380,78305,12
78381,78305,12
78382,78306,14
78383,78306,13
78384,78308,15
78385,78309,15
78386,78309,12
78387,78310,11
78388,78312,15
78389,78314,14
78390,78315,14
78391,78315,11
78392,78318,13
78393,78319,14
78394,78319,15
78395,78320,11
78396,78320,12
78397,78321,14
78398,78321,11
78399,78322,15
78400,78322,14
78401,78323,12
78402,78325,15
78403,78327,15
78404,78327,13
78405,78332,13
78406,78333,12
78407,78333,12
78408,78334,15
78409,78334,15
78410,78336,12
78411,78336,13
78412,78337,11
78413,78337,13
78414,78338,15
78415,78338,12
78416,78340,12
78417,78343,14
78418,78345,14
78419,78345,15
78420,78347,14
78421,78348,13
78422,78349,11
78423,78350,12
78424,78350,12
78425,78351,12
78426,78351,11
78427,78352,12
78428,78353,11
78429,78354,11
78430,78355,13
78431,78355,13
78432,78357,14
78433,78359,11
78434,78359,15
78435,78361,11
78436,78362,15
78437,78362,14
78438,78363,11
78439,78365,13
78440,78365,14
78441,78366,11
78442,78366,12
78443,78367,11
78444,78368,12
78445,78368,14
78446,78369,15
78447,78369,13
78448,78370,12
78449,78371,14
78450,78372,15
78451,78373,14
78452,78373,14
78453,78374,12
78454,78374,13
78455,78377,13
78456,78377,13
78457,78378,13
78458,78378,14
78459,78379,14
78460,78380,13
78461,78380,11
78462,78381,15
78463,78383,14
78464,78383,13
78465,78384,12
78466,78384,14
78467,78386,12
78468,78388,11
78469,78391,14
78470,78391,15
78471,78395,14
78472,78395,15
78473,78397,11
78474,78397,11
78475,78398,13
78476,78401,13
78477,78403,15
78478,78403,15
78479,78404,15
78480,78405,13
78481,78405,11
78482,78406,11
78483,78407,11
78484,78407,13
78485,78408,13
78486,78408,14
78487,78409,15
78488,78410,15
78489,78411,11
78490,78411,15
78491,78413,13
78492,78413,13
78493,78415,14
78494,78415,14
78495,78416,12
78496,78417,12
78497,78419,13
78498,78419,11
78499,78422,12
78500,78423,13
78501,78427,13
78502,78427,15
78503,78433,11
78504,78433,14
78505,78434,13
78506,78436,15
78507,78436,13
78508,78437,12
78509,78438,11
78510,78442,14
78511,78443,11
78512,78446,12
78513,78446,11
78514,78449,15
78515,78450,12
78516,78450,13
78517,78453,15
78518,78453,12
78519,78454,14
78520,78454,13
78521,78455,11
78522,78456,12
78523,78456,14
78524,78457,13
78525,78459,13
78526,78459,12
78527,78461,14
78528,78461,11
78529,78462,11
78530,78462,15
78531,78463,11
78532,78464,11
78533,78465,11
78534,78466,13
78535,78466,11
78536,78468,12
78537,78468,12
78538,78470,14
78539,78470,14
78540,78472,12
78541,78473,13
78542,78473,13
78543,78474,11
78544,78474,15
78545,78475,15
78546,78475,12
78547,78477,12
78548,78479,15
78549,78479,15
78550,78481,15
78551,78481,12
78552,78482,12
78553,78482,15
78554,78483,14
78555,78486,13
78556,78489,15
78557,78489,12
78558,78490,15
78559,78490,15
78560,78492,11
78561,78492,13
78562,78493,15
78563,78496,11
78564,78497,11
78565,78497,12
78566,78498,14
78567,78498,11
78568,78499,14
78569,78499,13
78570,78500,15
78571,78501,13
78572,78501,13
78573,78502,13
78574,78502,13
78575,78503,14
78576,78503,14
78577,78506,15
78578,78506,12
78579,78507,12
78580,78509,11
78581,78509,15
78582,78512,15
78583,78512,11
78584,78514,14
78585,78515,13
78586,78516,12
78587,78518,15
78588,78519,15
78589,78522,13
78590,78522,14
78591,78523,11
78592,78523,11
78593,78524,13
78594,78524,11
78595,78525,14
78596,78525,14
78597,78528,15
78598,78529,12
78599,78529,14
78600,78534,15
78601,78534,12
78602,78535,11
78603,78535,14
78604,78536,11
78605,78537,15
78606,78537,14
78607,78538,11
78608,78538,15
78609,78540,14
78610,78541,14
78611,78542,14
78612,78543,14
78613,78543,12
78614,78544,14
78615,78545,15
78616,78545,15
78617,78547,11
78618,78548,15
78619,78550,14
78620,78551,11
78621,78552,14
78622,78552,12
78623,78555,14
78624,78556,13
78625,78557,12
78626,78557,13
78627,78559,14
78628,78559,11
78629,78560,14
78630,78561,14
78631,78564,13
78632,78565,12
78633,78565,12
78634,78567,15
78635,78568,13
78636,78569,11
78637,78569,15
78638,78570,13
78639,78571,12
78640,78571,15
78641,78572,12
78642,78573,15
78643,78574,14
78644,78574,13
78645,78575,12
78646,78575,12
78647,78576,13
78648,78578,14
78649,78580,13
78650,78581,15
78651,78581,13
78652,78582,12
78653,78582,15
78654,78583,12
78655,78585,14
78656,78585,11
78657,78586,13
78658,78587,14
78659,78590,15
78660,78592,12
78661,78592,14
78662,78593,12
78663,78595,13
78664,78595,13
78665,78596,12
78666,78596,14
78667,78597,15
78668,78599,13
78669,78600,11
78670,78600,14
78671,78601,12
78672,78601,15
78673,78602,12
78674,78603,14
78675,78603,11
78676,78604,14
78677,78605,15
78678,78605,11
78679,78606,11
78680,78606,14
78681,78608,12
78682,78609,11
78683,78610,13
78684,78610,12
78685,78611,11
78686,78611,12
78687,78612,14
78688,78612,15
78689,78613,14
78690,78614,13
78691,78615,14
78692,78617,15
78693,78617,15
78694,78620,15
78695,78620,12
78696,78621,15
78697,78621,14
78698,78622,12
78699,78622,14
78700,78623,11
78701,78623,13
78702,78624,15
78703,78624,15
78704,78625,15
78705,78626,14
78706,78627,15
78707,78628,15
78708,78629,13
78709,78629,14
78710,78631,14
78711,78631,13
78712,78632,11
78713,78632,15
78714,78634,14
78715,78634,13
78716,78636,12
78717,78639,13
78718,78639,11
78719,78640,15
78720,78641,13
78721,78643,12
78722,78643,14
78723,78644,14
78724,78644,13
78725,78645,13
78726,78645,15
78727,78646,15
78728,78646,12
78729,78647,12
78730,78650,15
78731,78651,11
78732,78652,12
78733,78653,15
78734,78654,14
78735,78658,14
78736,78660,12
78737,78660,11
78738,78662,13
78739,78662,15
78740,78664,11
78741,78664,11
78742,78665,14
78743,78665,13
78744,78666,14
78745,78666,13
78746,78667,14
78747,78668,15
78748,78668,13
78749,78669,15
78750,78669,14
78751,78670,15
78752,78670,15
78753,78671,11
78754,78672,14
78755,78673,14
78756,78673,13
78757,78674,14
78758,78674,14
78759,78675,12
78760,78675,13
78761,78676,13
78762,78677,11
78763,78677,12
78764,78678,15
78765,78679,14
78766,78681,15
78767,78681,11
78768,78682,14
78769,78685,15
78770,78685,11
78771,78686,11
78772,78688,11
78773,78689,12
78774,78690,15
78775,78690,15
78776,78691,12
78777,78692,12
78778,78693,14
78779,78694,12
78780,78695,15
78781,78695,13
78782,78698,15
78783,78700,11
78784,78703,12
78785,78704,13
78786,78708,15
78787,78708,14
78788,78709,11
78789,78709,13
78790,78710,15
78791,78710,14
78792,78711,15
78793,78711,14
78794,78713,13
78795,78713,11
78796,78714,13
78797,78714,15
78798,78715,15
78799,78715,12
78800,78719,13
78801,78720,13
78802,78721,12
78803,78722,13
78804,78723,12
78805,78723,15
78806,78724,15
78807,78725,13
78808,78726,13
78809,78727,12
78810,78727,13
78811,78730,13
78812,78731,15
78813,78731,15
78814,78732,12
78815,78732,11
78816,78733,12
78817,78734,13
78818,78735,14
78819,78735,15
78820,78736,13
78821,78737,13
78822,78738,13
78823,78738,11
78824,78740,11
78825,78740,11
78826,78741,11
78827,78741,11
78828,78742,11
78829,78742,11
78830,78743,11
78831,78743,13
78832,78746,11
78833,78749,11
78834,78749,15
78835,78750,12
78836,78750,12
78837,78754,12
78838,78754,13
78839,78758,12
78840,78758,15
78841,78759,11
78842,78759,12
78843,78762,13
78844,78763,15
78845,78763,13
78846,78764,14
78847,78766,12
78848,78768,12
78849,78768,13
78850,78770,13
78851,78770,13
78852,78772,11
78853,78772,12
78854,78775,13
78855,78776,11
78856,78778,11
78857,78779,12
78858,78779,15
78859,78781,11
78860,78781,15
78861,78785,12
78862,78788,11
78863,78788,12
78864,78789,15
78865,78790,12
78866,78790,11
78867,78791,13
78868,78794,14
78869,78795,15
78870,78795,14
78871,78796,14
78872,78797,11
78873,78798,11
78874,78798,12
78875,78799,15
78876,78799,13
78877,78801,15
78878,78802,11
78879,78802,13
78880,78803,14
78881,78804,12
78882,78805,15
78883,78806,15
78884,78806,12
78885,78807,13
78886,78808,13
78887,78808,11
78888,78814,14
78889,78816,13
78890,78816,11
78891,78817,15
78892,78819,14
78893,78819,11
78894,78821,13
78895,78822,15
78896,78822,13
78897,78823,13
78898,78824,14
78899,78824,11
78900,78825,11
78901,78827,12
78902,78827,13
78903,78828,11
78904,78828,14
78905,78829,13
78906,78830,13
78907,78830,13
78908,78831,11
78909,78831,13
78910,78833,14
78911,78833,11
78912,78835,11
78913,78836,14
78914,78836,11
78915,78837,12
78916,78837,11
78917,78838,13
78918,78839,14
78919,78840,15
78920,78842,14
78921,78843,15
78922,78843,14
78923,78846,11
78924,78846,13
78925,78847,13
78926,78847,12
78927,78849,14
78928,78850,11
78929,78851,15
78930,78851,11
78931,78853,14
78932,78853,13
78933,78854,14
78934,78854,13
78935,78856,15
78936,78858,15
78937,78858,13
78938,78859,12
78939,78860,14
78940,78860,14
78941,78862,14
78942,78862,14
78943,78863,14
78944,78864,11
78945,78865,11
78946,78865,13
78947,78866,13
78948,78869,12
78949,78870,12
78950,78871,15
78951,78871,15
78952,78872,12
78953,78872,14
78954,78874,12
78955,78874,15
78956,78875,15
78957,78876,12
78958,78877,12
78959,78877,14
78960,78878,11
78961,78878,14
78962,78880,15
78963,78881,12
78964,78881,14
78965,78882,11
78966,78884,11
78967,78886,13
78968,78890,15
78969,78890,12
78970,78891,15
78971,78892,12
78972,78892,14
78973,78893,11
78974,78893,14
78975,78895,14
78976,78895,13
78977,78897,12
78978,78897,14
78979,78899,15
78980,78902,12
78981,78902,15
78982,78903,13
78983,78903,11
78984,78904,15
78985,78904,14
78986,78906,13
78987,78907,14
78988,78907,13
78989,78910,13
78990,78911,11
78991,78912,11
78992,78912,14
78993,78913,13
78994,78913,14
78995,78914,11
78996,78917,12
78997,78917,11
78998,78918,14
78999,78918,11
79000,78919,13
79001,78920,13
79002,78920,14
79003,78921,14
79004,78923,13
79005,78924,12
79006,78925,12
79007,78925,15
79008,78926,12
79009,78928,13
79010,78928,14
79011,78929,12
79012,78930,13
79013,78931,15
79014,78931,11
79015,78932,13
79016,78932,13
79017,78933,13
79018,78933,12
79019,78934,12
79020,78934,13
79021,78935,14
79022,78935,14
79023,78936,12
79024,78936,14
79025,78937,13
79026,78937,14
79027,78939,14
79028,78940,13
79029,78941,13
79030,78942,13
79031,78942,13
79032,78943,13
79033,78945,12
79034,78945,13
79035,78947,12
79036,78947,12
79037,78948,11
79038,78948,14
79039,78949,11
79040,78950,11
79041,78951,14
79042,78951,13
79043,78953,12
79044,78955,13
79045,78956,14
79046,78956,14
79047,78957,13
79048,78957,15
79049,78958,14
79050,78958,12
79051,78960,15
79052,78960,15
79053,78963,11
79054,78963,15
79055,78964,12
79056,78968,13
79057,78969,11
79058,78971,15
79059,78971,11
79060,78974,14
79061,78974,11
79062,78975,14
79063,78975,14
79064,78976,12
79065,78979,15
79066,78979,15
79067,78981,12
79068,78981,11
79069,78982,14
79070,78984,15
79071,78984,15
79072,78985,12
79073,78985,15
79074,78987,14
79075,78987,15
79076,78990,14
79077,78990,13
79078,78991,15
79079,78992,11
79080,78993,14
79081,78993,14
79082,78996,13
79083,78996,11
79084,78997,13
79085,78998,14
79086,79000,14
79087,79000,11
79088,79001,12
79089,79001,11
79090,79002,14
79091,79002,12
79092,79004,13
79093,79005,13
79094,79005,14
79095,79006,12
79096,79006,14
79097,79010,14
79098,79011,14
79099,79012,15
79100,79016,15
79101,79016,11
79102,79017,12
79103,79018,13
79104,79019,14
79105,79020,13
79106,79021,11
79107,79021,14
79108,79022,12
79109,79022,14
79110,79023,13
79111,79025,13
79112,79027,15
79113,79028,12
79114,79029,11
79115,79030,14
79116,79030,13
79117,79031,12
79118,79031,15
79119,79032,15
79120,79032,14
79121,79033,12
79122,79033,14
79123,79034,15
79124,79034,13
79125,79036,13
79126,79038,12
79127,79038,14
79128,79039,14
79129,79039,15
79130,79040,11
79131,79042,15
79132,79042,15
79133,79044,15
79134,79044,14
79135,79045,15
79136,79045,14
79137,79046,13
79138,79047,15
79139,79047,14
79140,79048,11
79141,79048,14
79142,79049,12
79143,79049,15
79144,79051,12
79145,79051,11
79146,79052,13
79147,79052,13
79148,79054,13
79149,79055,14
79150,79056,15
79151,79057,12
79152,79057,15
79153,79058,13
79154,79058,14
79155,79059,14
79156,79059,14
79157,79062,15
79158,79063,13
79159,79063,11
79160,79064,15
79161,79064,11
79162,79065,13
79163,79066,12
79164,79066,11
79165,79068,11
79166,79069,11
79167,79071,15
79168,79073,15
79169,79074,13
79170,79075,13
79171,79079,13
79172,79082,12
79173,79083,14
79174,79083,13
79175,79084,15
79176,79084,13
79177,79085,12
79178,79086,13
79179,79086,13
79180,79087,15
79181,79087,15
79182,79088,12
79183,79093,13
79184,79093,13
79185,79094,11
79186,79095,14
79187,79095,11
79188,79096,14
79189,79097,11
79190,79097,14
79191,79099,11
79192,79100,13
79193,79101,15
79194,79101,13
79195,79102,12
79196,79102,12
79197,79103,14
79198,79103,12
79199,79104,11
79200,79105,14
79201,79106,12
79202,79107,12
79203,79109,15
79204,79109,14
79205,79111,15
79206,79111,13
79207,79112,15
79208,79112,12
79209,79113,12
79210,79113,11
79211,79115,12
79212,79115,13
79213,79116,13
79214,79117,13
79215,79118,12
79216,79121,11
79217,79124,12
79218,79126,13
79219,79128,15
79220,79129,11
79221,79131,13
79222,79134,11
79223,79134,15
79224,79136,15
79225,79138,15
79226,79141,14
79227,79142,12
79228,79142,11
79229,79146,13
79230,79147,13
79231,79148,15
79232,79149,13
79233,79151,12
79234,79151,11
79235,79152,13
79236,79154,13
79237,79154,15
79238,79155,11
79239,79156,15
79240,79156,12
79241,79158,12
79242,79158,15
79243,79159,14
79244,79159,14
79245,79160,12
79246,79161,15
79247,79163,12
79248,79163,12
79249,79164,13
79250,79164,15
79251,79165,14
79252,79165,13
79253,79166,14
79254,79168,14
79255,79168,14
79256,79169,11
79257,79169,12
79258,79173,12
79259,79173,14
79260,79175,14
79261,79175,11
79262,79176,13
79263,79177,15
79264,79179,15
79265,79179,12
79266,79181,15
79267,79185,14
79268,79185,11
79269,79186,14
79270,79186,14
79271,79187,14
79272,79189,15
79273,79189,11
79274,79190,11
79275,79190,15
79276,79191,13
79277,79191,13
79278,79192,11
79279,79193,15
79280,79194,13
79281,79195,11
79282,79196,14
79283,79196,13
79284,79198,15
79285,79200,11
79286,79201,14
79287,79202,15
79288,79205,11
79289,79206,14
79290,79207,12
79291,79207,13
79292,79208,12
79293,79208,13
79294,79210,11
79295,79211,12
79296,79212,11
79297,79212,14
79298,79214,14
79299,79216,11
79300,79217,15
79301,79218,12
79302,79221,12
79303,79222,14
79304,79223,13
79305,79223,11
79306,79224,15
79307,79225,12
79308,79225,12
79309,79229,14
79310,79229,14
79311,79231,15
79312,79234,14
79313,79234,13
79314,79237,14
79315,79237,15
79316,79238,14
79317,79238,14
79318,79239,15
79319,79239,15
79320,79240,14
79321,79240,13
79322,79241,11
79323,79241,11
79324,79242,11
79325,79242,13
79326,79243,13
79327,79243,13
79328,79245,15
79329,79246,12
79330,79246,12
79331,79247,12
79332,79248,15
79333,79248,12
79334,79250,12
79335,79251,12
79336,79251,14
79337,79252,13
79338,79253,12
79339,79253,12
79340,79254,14
79341,79254,13
79342,79255,15
79343,79255,14
79344,79257,13
79345,79257,14
79346,79258,15
79347,79258,13
79348,79260,12
79349,79260,12
79350,79261,12
79351,79262,12
79352,79262,11
79353,79264,12
79354,79265,11
79355,79266,12
79356,79266,13
79357,79267,11
79358,79269,14
79359,79269,11
79360,79270,14
79361,79271,11
79362,79271,14
79363,79272,12
79364,79273,13
79365,79275,15
79366,79277,11
79367,79278,15
79368,79281,14
79369,79281,12
79370,79282,15
79371,79282,15
79372,79283,13
79373,79284,15
79374,79285,13
79375,79287,15
79376,79287,14
79377,79289,14
79378,79291,15
79379,79292,14
79380,79293,15
79381,79294,12
79382,79294,14
79383,79295,12
79384,79295,15
79385,79296,13
79386,79296,13
79387,79297,12
79388,79297,15
79389,79298,11
79390,79299,14
79391,79299,13
79392,79301,14
79393,79302,12
79394,79302,12
79395,79303,14
79396,79303,13
79397,79305,12
79398,79306,12
79399,79306,14
79400,79307,12
79401,79308,12
79402,79311,12
79403,79311,12
79404,79316,12
79405,79316,14
79406,79317,14
79407,79317,12
79408,79320,15
79409,79321,14
79410,79322,15
79411,79322,11
79412,79323,11
79413,79323,11
79414,79325,14
79415,79325,14
79416,79326,12
79417,79326,13
79418,79327,15
79419,79329,13
79420,79330,11
79421,79332,12
79422,79333,15
79423,79334,11
79424,79334,14
79425,79335,12
79426,79335,12
79427,79336,12
79428,79336,12
79429,79341,12
79430,79341,13
79431,79342,15
79432,79344,12
79433,79344,13
79434,79345,14
79435,79345,11
79436,79346,12
79437,79347,12
79438,79348,13
79439,79349,13
79440,79349,14
79441,79351,13
79442,79351,13
79443,79352,12
79444,79353,12
79445,79353,11
79446,79354,15
79447,79355,14
79448,79355,13
79449,79359,11
79450,79360,13
79451,79364,13
79452,79365,14
79453,79367,14
79454,79367,15
79455,79368,15
79456,79369,12
79457,79369,15
79458,79370,12
79459,79370,11
79460,79371,15
79461,79373,12
79462,79373,13
79463,79374,13
79464,79374,15
79465,79375,12
79466,79376,11
79467,79376,15
79468,79379,13
79469,79379,13
79470,79380,11
79471,79380,14
79472,79381,14
79473,79381,12
79474,79383,15
79475,79383,12
79476,79384,11
79477,79386,11
79478,79387,14
79479,79390,12
79480,79390,12
79481,79392,11
79482,79396,15
79483,79397,14
79484,79398,13
79485,79398,11
79486,79399,13
79487,79402,11
79488,79403,11
79489,79405,11
79490,79408,12
79491,79408,12
79492,79409,13
79493,79409,11
79494,79410,13
79495,79414,11
79496,79414,12
79497,79417,11
79498,79417,12
79499,79418,14
79500,79418,13
79501,79419,11
79502,79419,15
79503,79420,11
79504,79422,14
79505,79425,15
79506,79425,12
79507,79427,13
79508,79427,15
79509,79429,13
79510,79429,11
79511,79430,15
79512,79430,15
79513,79431,14
79514,79431,13
79515,79434,13
79516,79435,12
79517,79435,15
79518,79436,14
79519,79436,14
79520,79438,13
79521,79439,11
79522,79439,11
79523,79440,11
79524,79440,11
79525,79442,13
79526,79442,15
79527,79443,12
79528,79444,12
79529,79444,12
79530,79445,13
79531,79446,14
79532,79446,13
79533,79448,13
79534,79450,15
79535,79450,11
79536,79451,12
79537,79451,13
79538,79453,14
79539,79454,12
79540,79456,13
79541,79458,12
79542,79459,11
79543,79460,11
79544,79460,14
79545,79461,11
79546,79461,12
79547,79462,12
79548,79464,13
79549,79466,12
79550,79467,12
79551,79467,15
79552,79470,13
79553,79471,14
79554,79472,15
79555,79474,13
79556,79474,15
79557,79477,14
79558,79477,12
79559,79478,11
79560,79479,15
79561,79479,15
79562,79480,12
79563,79482,14
79564,79483,13
79565,79484,15
79566,79484,15
79567,79487,14
79568,79487,11
79569,79488,14
79570,79488,15
79571,79491,14
79572,79491,12
79573,79492,12
79574,79492,14
79575,79493,11
79576,79496,12
79577,79498,11
79578,79498,12
79579,79500,11
79580,79501,11
79581,79501,14
79582,79503,14
79583,79504,12
79584,79504,12
79585,79505,11
79586,79505,12
79587,79506,12
79588,79507,13
79589,79507,15
79590,79508,11
79591,79509,15
79592,79510,13
79593,79511,12
79594,79511,14
79595,79512,14
79596,79512,13
79597,79513,14
79598,79514,13
79599,79515,11
79600,79516,12
79601,79516,11
79602,79518,14
79603,79519,11
79604,79519,12
79605,79520,11
79606,79520,11
79607,79521,13
79608,79523,12
79609,79523,15
79610,79524,14
79611,79524,13
79612,79526,11
79613,79526,14
79614,79527,12
79615,79528,11
79616,79531,11
79617,79531,14
79618,79532,11
79619,79534,11
79620,79534,13
79621,79536,11
79622,79537,14
79623,79537,12
79624,79538,13
79625,79538,12
79626,79540,15
79627,79541,13
79628,79542,14
79629,79542,11
79630,79543,12
79631,79543,14
79632,79544,15
79633,79545,14
79634,79545,15
79635,79547,12
79636,79548,11
79637,79549,15
79638,79549,14
79639,79550,13
79640,79550,15
79641,79551,11
79642,79553,15
79643,79553,15
79644,79554,12
79645,79554,12
79646,79555,12
79647,79555,11
79648,79558,11
79649,79559,14
79650,79559,14
79651,79560,12
79652,79560,12
79653,79561,13
79654,79562,14
79655,79563,12
79656,79566,13
79657,79566,12
79658,79567,13
79659,79567,13
79660,79568,15
79661,79569,14
79662,79570,13
79663,79571,13
79664,79572,11
79665,79573,13
79666,79574,11
79667,79575,15
79668,79576,15
79669,79577,15
79670,79577,12
79671,79578,12
79672,79583,13
79673,79584,15
79674,79585,11
79675,79585,11
79676,79587,15
79677,79590,13
79678,79590,15
79679,79591,12
79680,79593,13
79681,79594,14
79682,79594,11
79683,79595,14
79684,79595,15
79685,79596,14
79686,79596,13
79687,79597,12
79688,79597,13
79689,79598,14
79690,79598,11
79691,79599,13
79692,79600,15
79693,79602,12
79694,79602,14
79695,79603,15
79696,79604,14
79697,79604,13
79698,79605,12
79699,79609,14
79700,79609,12
79701,79610,13
79702,79610,14
79703,79611,14
79704,79612,14
79705,79613,13
79706,79614,12
79707,79614,14
79708,79616,12
79709,79616,15
79710,79617,13
79711,79617,13
79712,79622,11
79713,79624,13
79714,79624,15
79715,79625,12
79716,79625,15
79717,79627,13
79718,79627,15
79719,79628,14
79720,79629,13
79721,79630,15
79722,79630,11
79723,79631,11
79724,79632,11
79725,79634,11
79726,79634,11
79727,79636,12
79728,79636,15
79729,79637,13
79730,79638,13
79731,79639,15
79732,79639,15
79733,79641,14
79734,79641,14
79735,79642,11
79736,79642,15
79737,79643,12
79738,79643,11
79739,79644,13
79740,79645,12
79741,79645,14
79742,79646,13
79743,79646,12
79744,79647,11
79745,79648,13
79746,79648,11
79747,79649,11
79748,79651,15
79749,79651,13
79750,79652,13
79751,79652,13
79752,79653,15
79753,79653,13
79754,79654,15
79755,79655,15
79756,79655,11
79757,79656,12
79758,79656,11
79759,79657,11
79760,79658,15
79761,79658,13
79762,79659,12
79763,79660,11
79764,79660,14
79765,79662,13
79766,79663,13
79767,79665,15
79768,79665,15
79769,79666,14
79770,79671,12
79771,79671,11
79772,79674,13
79773,79674,11
79774,79675,13
79775,79675,15
79776,79676,15
79777,79677,15
79778,79677,13
79779,79679,13
79780,79680,11
79781,79681,11
79782,79683,15
79783,79683,13
79784,79685,14
79785,79685,15
79786,79687,15
79787,79687,12
79788,79688,15
79789,79688,12
79790,79689,14
79791,79689,14
79792,79690,14
79793,79691,11
79794,79692,11
79795,79693,13
79796,79694,15
79797,79694,14
79798,79696,15
79799,79697,13
79800,79698,13
79801,79699,14
79802,79700,15
79803,79701,12
79804,79702,15
79805,79702,11
79806,79703,15
79807,79706,11
79808,79706,14
79809,79707,11
79810,79708,14
79811,79711,14
79812,79713,13
79813,79713,11
79814,79714,12
79815,79715,12
79816,79718,11
79817,79720,12
79818,79720,14
79819,79723,15
79820,79723,15
79821,79724,11
79822,79725,13
79823,79725,15
79824,79726,13
79825,79727,13
79826,79727,15
79827,79728,14
79828,79728,15
79829,79729,11
79830,79730,12
79831,79732,15
79832,79732,14
79833,79733,11
79834,79734,11
79835,79735,15
79836,79735,11
79837,79736,12
79838,79736,15
79839,79738,13
79840,79739,14
79841,79739,15
79842,79742,12
79843,79743,12
79844,79743,15
79845,79745,13
79846,79746,13
79847,79747,11
79848,79752,15
79849,79752,13
79850,79755,11
79851,79755,12
79852,79756,11
79853,79757,11
79854,79757,12
79855,79759,15
79856,79759,15
79857,79760,15
79858,79760,12
79859,79761,14
79860,79761,11
79861,79763,12
79862,79763,15
79863,79765,11
79864,79770,15
79865,79770,14
79866,79771,15
79867,79774,15
79868,79774,12
79869,79775,11
79870,79776,14
79871,79777,12
79872,79777,14
79873,79778,11
79874,79780,15
79875,79781,13
79876,79781,12
79877,79783,14
79878,79783,15
79879,79784,15
79880,79786,11
79881,79786,14
79882,79792,15
79883,79792,11
79884,79793,14
79885,79795,12
79886,79796,11
79887,79796,14
79888,79797,12
79889,79797,11
79890,79798,15
79891,79798,14
79892,79799,12
79893,79800,13
79894,79800,15
79895,79801,15
79896,79803,11
79897,79804,15
79898,79804,14
79899,79805,14
79900,79811,13
79901,79812,12
79902,79813,13
79903,79814,13
79904,79814,12
79905,79816,15
79906,79818,12
79907,79819,12
79908,79820,11
79909,79821,11
79910,79821,14
79911,79823,13
79912,79824,12
79913,79826,14
79914,79826,15
79915,79827,12
79916,79827,12
79917,79829,11
79918,79830,13
79919,79830,11
79920,79832,11
79921,79834,15
79922,79834,12
79923,79835,12
79924,79835,14
79925,79836,15
79926,79838,12
79927,79840,14
79928,79840,15
79929,79841,12
79930,79842,11
79931,79842,15
79932,79844,14
79933,79844,15
79934,79846,13
79935,79847,15
79936,79850,14
79937,79851,12
79938,79853,14
79939,79858,11
79940,79859,15
79941,79860,14
79942,79860,11
79943,79861,14
79944,79861,11
79945,79863,11
79946,79863,12
79947,79864,14
79948,79865,11
79949,79865,13
79950,79866,13
79951,79866,14
79952,79867,15
79953,79868,15
79954,79869,13
79955,79870,15
79956,79872,11
79957,79874,12
79958,79877,12
79959,79878,12
79960,79878,11
79961,79879,11
79962,79879,15
79963,79882,14
79964,79882,11
79965,79885,15
79966,79887,13
79967,79889,15
79968,79892,13
79969,79892,14
79970,79894,14
79971,79895,13
79972,79895,11
79973,79896,13
79974,79897,14
79975,79898,13
79976,79899,15
79977,79899,13
79978,79900,14
79979,79900,12
79980,79901,11
79981,79904,12
79982,79905,14
79983,79906,12
79984,79907,12
79985,79907,13
79986,79909,12
79987,79909,14
79988,79910,15
79989,79911,15
79990,79911,14
79991,79915,11
79992,79916,14
79993,79917,13
79994,79917,13
79995,79918,15
79996,79919,15
79997,79919,13
79998,79920,13
79999,79921,13
80000,79922,12
80001,79922,14
80002,79923,11
80003,79923,13
80004,79924,14
80005,79924,13
80006,79926,13
80007,79927,12
80008,79927,15
80009,79928,15
80010,79928,15
80011,79930,12
80012,79931,15
80013,79932,15
80014,79933,13
80015,79935,11
80016,79935,15
80017,79938,11
80018,79940,11
80019,79940,12
80020,79941,11
80021,79942,11
80022,79942,11
80023,79943,13
80024,79943,13
80025,79945,15
80026,79945,14
80027,79946,11
80028,79949,11
80029,79949,15
80030,79950,14
80031,79950,11
80032,79952,11
80033,79954,12
80034,79957,14
80035,79957,11
80036,79958,14
80037,79959,12
80038,79960,15
80039,79960,11
80040,79961,14
80041,79961,12
80042,79964,12
80043,79964,15
80044,79965,11
80045,79966,11
80046,79966,11
80047,79969,12
80048,79970,11
80049,79971,15
80050,79971,11
80051,79972,12
80052,79973,13
80053,79975,15
80054,79977,12
80055,79978,13
80056,79979,11
80057,79982,12
80058,79983,15
80059,79983,15
80060,79986,11
80061,79986,12
80062,79988,14
80063,79990,11
80064,79990,12
80065,79991,13
80066,79992,11
80067,79994,11
80068,79995,13
80069,79995,12
80070,79996,11
80071,79996,11
80072,79997,14
80073,79997,14
80074,79998,11
80075,79998,14
80076,79999,14
80077,80001,13
80078,80002,12
80079,80002,11
80080,80003,15
80081,80005,14
80082,80006,15
80083,80006,15
80084,80007,13
80085,80008,13
80086,80009,15
80087,80009,11
80088,80010,14
80089,80012,13
80090,80012,13
80091,80014,12
80092,80014,11
80093,80020,12
80094,80020,11
80095,80021,15
80096,80022,13
80097,80025,11
80098,80025,15
80099,80026,13
80100,80027,15
80101,80027,15
80102,80028,14
80103,80028,15
80104,80031,11
80105,80032,11
80106,80034,11
80107,80036,11
80108,80040,11
80109,80041,15
80110,80042,12
80111,80042,13
80112,80043,11
80113,80046,12
80114,80046,15
80115,80048,11
80116,80051,12
80117,80053,14
80118,80053,12
80119,80054,13
80120,80054,14
80121,80056,14
80122,80056,11
80123,80057,12
80124,80058,11
80125,80058,14
80126,80059,14
80127,80060,11
80128,80062,15
80129,80063,13
80130,80063,13
80131,80064,13
80132,80064,13
80133,80068,15
80134,80069,14
80135,80071,12
80136,80072,13
80137,80072,14
80138,80073,12
80139,80073,14
80140,80075,14
80141,80076,13
80142,80076,15
80143,80078,14
80144,80078,15
80145,80079,14
80146,80082,13
80147,80082,11
80148,80083,14
80149,80084,11
80150,80088,14
80151,80088,14
80152,80089,11
80153,80089,15
80154,80090,15
80155,80090,14
80156,80091,15
80157,80091,12
80158,80092,14
80159,80095,11
80160,80096,15
80161,80096,14
80162,80097,11
80163,80097,13
80164,80100,13
80165,80100,14
80166,80101,14
80167,80101,11
80168,80105,13
80169,80107,11
80170,80107,15
80171,80109,15
80172,80109,15
80173,80110,14
80174,80113,15
80175,80113,14
80176,80114,15
80177,80114,13
80178,80115,11
80179,80115,12
80180,80116,15
80181,80117,13
80182,80117,12
80183,80118,15
80184,80122,11
80185,80123,14
80186,80123,13
80187,80124,13
80188,80125,12
80189,80125,14
80190,80126,12
80191,80126,14
80192,80127,15
80193,80127,15
80194,80128,14
80195,80128,15
80196,80129,14
80197,80130,12
80198,80130,15
80199,80131,11
80200,80133,11
80201,80134,11
80202,80134,12
80203,80135,11
80204,80135,14
80205,80136,14
80206,80138,11
80207,80138,12
80208,80139,12
80209,80139,13
80210,80141,13
80211,80142,13
80212,80143,14
80213,80144,14
80214,80145,15
80215,80145,11
80216,80146,15
80217,80148,12
80218,80150,12
80219,80150,14
80220,80151,15
80221,80152,11
80222,80152,13
80223,80153,11
80224,80153,13
80225,80154,14
80226,80154,14
80227,80156,12
80228,80156,12
80229,80157,14
80230,80158,11
80231,80159,15
80232,80160,15
80233,80160,11
80234,80161,11
80235,80161,11
80236,80163,13
80237,80166,15
80238,80166,12
80239,80168,12
80240,80169,11
80241,80169,11
80242,80171,14
80243,80172,14
80244,80172,14
80245,80173,11
80246,80173,11
80247,80174,14
80248,80175,13
80249,80177,13
80250,80177,13
80251,80179,13
80252,80181,13
80253,80183,13
80254,80183,15
80255,80184,15
80256,80184,13
80257,80185,12
80258,80185,13
80259,80186,12
80260,80186,13
80261,80187,14
80262,80188,13
80263,80188,12
80264,80189,12
80265,80190,11
80266,80190,12
80267,80191,15
80268,80191,15
80269,80193,15
80270,80193,11
80271,80194,13
80272,80194,12
80273,80195,15
80274,80195,14
80275,80196,12
80276,80197,13
80277,80198,11
80278,80199,14
80279,80200,14
80280,80200,11
80281,80201,12
80282,80205,12
80283,80205,15
80284,80207,14
80285,80208,11
80286,80208,13
80287,80210,13
80288,80210,14
80289,80211,14
80290,80211,15
80291,80213,11
80292,80214,13
80293,80214,14
80294,80217,14
80295,80218,14
80296,80218,13
80297,80219,11
80298,80219,11
80299,80220,13
80300,80220,15
80301,80221,13
80302,80221,13
80303,80222,14
80304,80222,15
80305,80223,11
80306,80226,12
80307,80226,13
80308,80228,13
80309,80232,11
80310,80234,14
80311,80237,14
80312,80237,15
80313,80239,12
80314,80239,15
80315,80240,14
80316,80242,13
80317,80244,11
80318,80245,11
80319,80246,11
80320,80247,13
80321,80247,15
80322,80248,11
80323,80251,15
80324,80251,12
80325,80253,15
80326,80253,11
80327,80255,13
80328,80257,12
80329,80257,14
80330,80259,15
80331,80259,14
80332,80260,11
80333,80260,14
80334,80262,14
80335,80264,11
80336,80264,11
80337,80265,14
80338,80265,14
80339,80266,12
80340,80266,12
80341,80267,14
80342,80270,13
80343,80270,14
80344,80271,12
80345,80271,13
80346,80272,11
80347,80272,11
80348,80273,15
80349,80273,12
80350,80274,14
80351,80275,14
80352,80275,12
80353,80276,11
80354,80277,15
80355,80277,14
80356,80279,14
80357,80279,12
80358,80281,15
80359,80283,12
80360,80283,14
80361,80284,11
80362,80285,12
80363,80285,12
80364,80288,12
80365,80288,15
80366,80289,14
80367,80290,15
80368,80290,14
80369,80291,14
80370,80291,13
80371,80292,13
80372,80293,11
80373,80293,12
80374,80295,11
80375,80295,15
80376,80296,12
80377,80298,14
80378,80298,14
80379,80299,13
80380,80299,12
80381,80302,13
80382,80306,12
80383,80306,12
80384,80309,12
80385,80309,14
80386,80310,12
80387,80310,14
80388,80311,15
80389,80312,11
80390,80313,11
80391,80318,11
80392,80318,13
80393,80319,11
80394,80319,13
80395,80320,11
80396,80321,14
80397,80322,13
80398,80323,11
80399,80323,13
80400,80324,13
80401,80327,13
80402,80327,14
80403,80328,11
80404,80328,11
80405,80329,12
80406,80329,13
80407,80330,11
80408,80333,12
80409,80334,15
80410,80334,12
80411,80335,15
80412,80335,12
80413,80337,15
80414,80337,12
80415,80338,15
80416,80338,15
80417,80340,15
80418,80340,11
80419,80341,15
80420,80341,15
80421,80342,15
80422,80342,13
80423,80345,14
80424,80347,15
80425,80349,13
80426,80349,12
80427,80350,11
80428,80350,11
80429,80352,13
80430,80352,15
80431,80353,12
80432,80353,11
80433,80355,11
80434,80355,11
80435,80358,15
80436,80358,15
80437,80359,15
80438,80361,15
80439,80363,14
80440,80364,15
80441,80365,15
80442,80366,15
80443,80366,11
80444,80367,11
80445,80368,12
80446,80368,11
80447,80369,12
80448,80371,13
80449,80373,14
80450,80374,12
80451,80374,11
80452,80375,12
80453,80375,14
80454,80376,15
80455,80376,15
80456,80378,13
80457,80378,12
80458,80379,13
80459,80379,15
80460,80380,11
80461,80380,12
80462,80382,15
80463,80382,15
80464,80383,15
80465,80383,15
80466,80384,13
80467,80386,11
80468,80388,12
80469,80388,12
80470,80389,15
80471,80389,13
80472,80390,15
80473,80390,14
80474,80391,12
80475,80391,12
80476,80392,11
80477,80392,12
80478,80394,13
80479,80395,14
80480,80395,12
80481,80396,12
80482,80396,11
80483,80397,14
80484,80399,14
80485,80400,11
80486,80400,12
80487,80401,13
80488,80401,14
80489,80402,11
80490,80402,15
80491,80403,15
80492,80403,15
80493,80404,12
80494,80404,11
80495,80408,11
80496,80409,14
80497,80409,14
80498,80411,15
80499,80411,14
80500,80412,12
80501,80413,14
80502,80413,13
80503,80414,13
80504,80415,12
80505,80416,15
80506,80418,12
80507,80419,14
80508,80420,14
80509,80420,13
80510,80421,13
80511,80421,13
80512,80422,11
80513,80422,15
80514,80423,11
80515,80423,14
80516,80424,14
80517,80427,12
80518,80428,11
80519,80430,14
80520,80431,11
80521,80431,12
80522,80433,14
80523,80433,12
80524,80435,13
80525,80435,13
80526,80437,11
80527,80438,11
80528,80438,14
80529,80439,15
80530,80439,14
80531,80442,13
80532,80444,15
80533,80445,15
80534,80446,11
80535,80447,15
80536,80450,15
80537,80450,14
80538,80451,11
80539,80452,12
80540,80453,14
80541,80454,15
80542,80454,13
80543,80456,11
80544,80460,13
80545,80461,13
80546,80462,13
80547,80462,11
80548,80464,14
80549,80469,14
80550,80469,14
80551,80470,12
80552,80471,13
80553,80471,11
80554,80472,11
80555,80474,12
80556,80477,14
80557,80477,14
80558,80478,13
80559,80478,11
80560,80479,13
80561,80479,14
80562,80481,11
80563,80482,12
80564,80483,14
80565,80483,14
80566,80484,12
80567,80485,14
80568,80486,13
80569,80486,15
80570,80488,11
80571,80489,14
80572,80489,13
80573,80490,13
80574,80490,13
80575,80492,11
80576,80493,12
80577,80493,13
80578,80494,13
80579,80495,13
80580,80497,12
80581,80497,15
80582,80501,13
80583,80501,14
80584,80505,14
80585,80505,12
80586,80506,13
80587,80507,11
80588,80507,11
80589,80508,11
80590,80509,15
80591,80509,13
80592,80512,14
80593,80514,11
80594,80514,13
80595,80516,14
80596,80516,14
80597,80517,12
80598,80517,15
80599,80519,15
80600,80523,12
80601,80523,13
80602,80524,11
80603,80524,11
80604,80526,14
80605,80526,15
80606,80527,14
80607,80529,12
80608,80529,15
80609,80530,14
80610,80530,13
80611,80531,14
80612,80531,13
80613,80532,13
80614,80533,12
80615,80534,11
80616,80534,11
80617,80535,14
80618,80537,12
80619,80537,14
80620,80539,14
80621,80540,14
80622,80541,14
80623,80543,12
80624,80544,11
80625,80544,14
80626,80547,13
80627,80548,12
80628,80550,14
80629,80551,13
80630,80553,13
80631,80554,11
80632,80554,14
80633,80556,15
80634,80560,13
80635,80560,11
80636,80561,15
80637,80562,14
80638,80562,14
80639,80563,14
80640,80565,12
80641,80565,15
80642,80566,13
80643,80566,11
80644,80567,14
80645,80570,12
80646,80571,14
80647,80572,12
80648,80572,15
80649,80573,12
80650,80574,14
80651,80574,15
80652,80576,15
80653,80576,13
80654,80580,13
80655,80582,13
80656,80582,12
80657,80583,14
80658,80584,11
80659,80584,15
80660,80585,13
80661,80585,11
80662,80587,13
80663,80588,13
80664,80588,12
80665,80589,15
80666,80590,15
80667,80591,13
80668,80591,12
80669,80592,13
80670,80592,12
80671,80593,13
80672,80594,14
80673,80595,12
80674,80596,15
80675,80596,15
80676,80599,11
80677,80599,12
80678,80601,12
80679,80601,14
80680,80602,15
80681,80602,15
80682,80603,11
80683,80603,14
80684,80604,14
80685,80604,12
80686,80605,15
80687,80605,12
80688,80606,11
80689,80606,13
80690,80607,15
80691,80608,13
80692,80610,14
80693,80610,11
80694,80611,11
80695,80611,14
80696,80613,12
80697,80614,15
80698,80614,12
80699,80615,11
80700,80616,13
80701,80616,12
80702,80619,14
80703,80619,12
80704,80622,15
80705,80623,11
80706,80624,14
80707,80625,14
80708,80626,13
80709,80627,11
80710,80628,12
80711,80628,15
80712,80629,12
80713,80629,14
80714,80631,15
80715,80631,14
80716,80632,15
80717,80632,14
80718,80633,14
80719,80634,11
80720,80635,13
80721,80635,14
80722,80636,12
80723,80636,14
80724,80637,14
80725,80638,13
80726,80639,11
80727,80639,12
80728,80640,11
80729,80642,11
80730,80643,14
80731,80644,12
80732,80644,11
80733,80645,11
80734,80647,13
80735,80648,15
80736,80648,12
80737,80649,11
80738,80651,15
80739,80651,15
80740,80652,13
80741,80652,15
80742,80653,13
80743,80653,12
80744,80654,14
80745,80654,13
80746,80655,11
80747,80656,11
80748,80657,12
80749,80657,15
80750,80659,13
80751,80659,14
80752,80660,13
80753,80662,13
80754,80665,11
80755,80665,13
80756,80666,14
80757,80666,15
80758,80667,15
80759,80667,13
80760,80671,12
80761,80671,14
80762,80672,15
80763,80676,15
80764,80677,12
80765,80679,12
80766,80682,13
80767,80682,14
80768,80683,13
80769,80683,14
80770,80684,15
80771,80686,14
80772,80686,13
80773,80687,11
80774,80687,13
80775,80688,14
80776,80688,11
80777,80689,11
80778,80690,14
80779,80690,15
80780,80691,11
80781,80693,13
80782,80694,13
80783,80694,13
80784,80695,15
80785,80695,11
80786,80696,14
80787,80696,15
80788,80697,11
80789,80700,13
80790,80700,13
80791,80701,13
80792,80701,11
80793,80703,11
80794,80703,13
80795,80705,15
80796,80705,15
80797,80708,11
80798,80708,11
80799,80709,11
80800,80712,11
80801,80713,13
80802,80713,12
80803,80715,11
80804,80715,13
80805,80716,15
80806,80717,15
80807,80717,14
80808,80718,13
80809,80723,14
80810,80725,12
80811,80726,13
80812,80729,12
80813,80732,13
80814,80733,14
80815,80734,11
80816,80734,14
80817,80736,13
80818,80737,14
80819,80737,12
80820,80738,15
80821,80740,14
80822,80741,13
80823,80742,15
80824,80743,15
80825,80744,14
80826,80744,12
80827,80745,13
80828,80746,11
80829,80746,13
80830,80748,11
80831,80749,13
80832,80752,15
80833,80752,12
80834,80754,11
80835,80754,11
80836,80756,12
80837,80756,14
80838,80757,11
80839,80759,12
80840,80760,13
80841,80761,11
80842,80762,15
80843,80765,13
80844,80765,15
80845,80766,15
80846,80767,11
80847,80769,15
80848,80769,11
80849,80770,15
80850,80770,15
80851,80772,15
80852,80774,14
80853,80776,11
80854,80776,15
80855,80777,11
80856,80777,12
80857,80780,11
80858,80782,13
80859,80783,15
80860,80784,12
80861,80785,13
80862,80785,13
80863,80786,12
80864,80786,12
80865,80787,15
80866,80791,15
80867,80791,13
80868,80794,11
80869,80795,15
80870,80796,15
80871,80796,15
80872,80797,12
80873,80797,14
80874,80798,14
80875,80799,11
80876,80803,14
80877,80803,11
80878,80808,12
80879,80808,14
80880,80809,12
80881,80809,11
80882,80810,13
80883,80810,12
80884,80811,11
80885,80812,14
80886,80813,13
80887,80814,12
80888,80814,13
80889,80816,11
80890,80817,12
80891,80817,13
80892,80818,15
80893,80818,11
80894,80820,13
80895,80821,14
80896,80821,12
80897,80822,12
80898,80822,11
80899,80823,12
80900,80823,13
80901,80824,12
80902,80825,15
80903,80826,14
80904,80827,12
80905,80828,14
80906,80829,11
80907,80829,13
80908,80831,15
80909,80832,13
80910,80832,12
80911,80833,15
80912,80835,14
80913,80835,13
80914,80836,12
80915,80837,12
80916,80838,12
80917,80839,13
80918,80840,11
80919,80841,11
80920,80842,14
80921,80844,14
80922,80846,12
80923,80846,14
80924,80847,12
80925,80848,11
80926,80848,11
80927,80849,12
80928,80850,14
80929,80852,15
80930,80853,14
80931,80854,12
80932,80855,11
80933,80855,14
80934,80858,13
80935,80858,12
80936,80859,11
80937,80859,13
80938,80860,15
80939,80860,13
80940,80861,11
80941,80862,11
80942,80862,15
80943,80864,15
80944,80864,11
80945,80866,15
80946,80867,15
80947,80868,11
80948,80868,11
80949,80869,11
80950,80870,13
80951,80871,15
80952,80872,14
80953,80872,12
80954,80873,13
80955,80874,13
80956,80875,14
80957,80876,11
80958,80876,13
80959,80877,13
80960,80877,15
80961,80878,15
80962,80880,13
80963,80880,13
80964,80882,13
80965,80883,13
80966,80884,11
80967,80886,11
80968,80886,15
80969,80887,14
80970,80887,12
80971,80888,15
80972,80889,15
80973,80890,15
80974,80890,15
80975,80892,13
80976,80892,12
80977,80893,15
80978,80893,11
80979,80896,13
80980,80897,14
80981,80897,13
80982,80898,15
80983,80898,14
80984,80899,12
80985,80899,12
80986,80900,11
80987,80900,12
80988,80902,12
80989,80902,11
80990,80905,13
80991,80906,12
80992,80906,12
80993,80907,13
80994,80907,11
80995,80909,14
80996,80909,14
80997,80911,13
80998,80911,12
80999,80912,14
81000,80913,15
81001,80913,12
81002,80914,12
81003,80915,12
81004,80916,15
81005,80916,15
81006,80917,14
81007,80917,12
81008,80918,13
81009,80922,11
81010,80922,13
81011,80923,13
81012,80923,12
81013,80925,13
81014,80925,12
81015,80926,11
81016,80927,14
81017,80927,13
81018,80929,15
81019,80931,11
81020,80931,14
81021,80933,11
81022,80934,11
81023,80935,15
81024,80935,13
81025,80937,11
81026,80937,12
81027,80938,15
81028,80938,14
81029,80939,12
81030,80946,12
81031,80947,12
81032,80947,11
81033,80948,11
81034,80948,15
81035,80951,13
81036,80952,15
81037,80953,14
81038,80955,14
81039,80955,13
81040,80957,12
81041,80957,12
81042,80960,12
81043,80962,13
81044,80962,12
81045,80963,15
81046,80963,11
81047,80964,14
81048,80964,15
81049,80965,15
81050,80965,11
81051,80966,13
81052,80967,11
81053,80967,14
81054,80969,12
81055,80970,15
81056,80971,13
81057,80971,14
81058,80972,14
81059,80973,12
81060,80974,14
81061,80974,13
81062,80975,13
81063,80976,15
81064,80977,14
81065,80977,15
81066,80978,13
81067,80979,11
81068,80979,14
81069,80980,12
81070,80983,13
81071,80986,12
81072,80986,13
81073,80987,12
81074,80987,12
81075,80989,11
81076,80989,11
81077,80992,11
81078,80992,11
81079,80993,12
81080,80993,15
81081,80995,15
81082,80996,11
81083,80996,13
81084,80997,11
81085,80998,12
81086,80998,11
81087,80999,13
81088,81000,14
81089,81003,15
81090,81003,11
81091,81004,12
81092,81005,12
81093,81007,14
81094,81007,13
81095,81008,12
81096,81008,14
81097,81009,14
81098,81010,14
81099,81011,12
81100,81012,11
81101,81016,13
81102,81017,15
81103,81017,12
81104,81018,13
81105,81018,14
81106,81019,13
81107,81019,11
81108,81020,12
81109,81020,14
81110,81021,13
81111,81021,15
81112,81023,14
81113,81023,11
81114,81024,12
81115,81024,14
81116,81025,14
81117,81025,13
81118,81026,11
81119,81027,11
81120,81028,14
81121,81029,15
81122,81030,14
81123,81031,11
81124,81031,11
81125,81032,14
81126,81033,12
81127,81033,14
81128,81035,13
81129,81035,15
81130,81036,12
81131,81036,12
81132,81037,11
81133,81038,12
81134,81038,14
81135,81039,12
81136,81040,12
81137,81040,12
81138,81042,15
81139,81042,15
81140,81045,13
81141,81046,15
81142,81046,12
81143,81049,15
81144,81049,15
81145,81050,14
81146,81050,15
81147,81051,14
81148,81051,13
81149,81052,14
81150,81053,11
81151,81053,12
81152,81054,14
81153,81055,11
81154,81055,14
81155,81056,15
81156,81059,13
81157,81060,11
81158,81060,15
81159,81063,12
81160,81063,12
81161,81065,13
81162,81065,11
81163,81067,12
81164,81068,14
81165,81068,14
81166,81069,11
81167,81069,15
81168,81072,12
81169,81072,15
81170,81073,12
81171,81074,13
81172,81074,14
81173,81075,13
81174,81075,13
81175,81076,15
81176,81078,12
81177,81079,14
81178,81080,15
81179,81080,15
81180,81081,14
81181,81084,15
81182,81085,12
81183,81086,15
81184,81087,13
81185,81090,11
81186,81090,14
81187,81091,15
81188,81093,12
81189,81094,12
81190,81096,15
81191,81097,11
81192,81097,14
81193,81098,14
81194,81098,13
81195,81101,14
81196,81101,12
81197,81105,11
81198,81106,14
81199,81107,11
81200,81108,15
81201,81108,12
81202,81110,11
81203,81110,15
81204,81111,15
81205,81111,14
81206,81113,14
81207,81113,12
81208,81115,11
81209,81116,15
81210,81116,12
81211,81117,14
81212,81117,13
81213,81118,15
81214,81119,13
81215,81119,11
81216,81120,11
81217,81120,15
81218,81121,11
81219,81122,15
81220,81123,12
81221,81124,13
81222,81124,11
81223,81125,14
81224,81126,15
81225,81126,12
81226,81128,15
81227,81128,15
81228,81131,15
81229,81131,12
81230,81134,14
81231,81134,15
81232,81136,15
81233,81136,11
81234,81138,13
81235,81138,12
81236,81139,15
81237,81139,14
81238,81140,12
81239,81141,13
81240,81142,11
81241,81142,12
81242,81143,11
81243,81143,11
81244,81144,14
81245,81145,11
81246,81145,12
81247,81146,13
81248,81148,13
81249,81149,11
81250,81149,15
81251,81150,11
81252,81151,14
81253,81152,15
81254,81152,12
81255,81154,11
81256,81155,12
81257,81155,12
81258,81156,11
81259,81158,14
81260,81159,14
81261,81159,12
81262,81160,13
81263,81160,15
81264,81161,11
81265,81161,15
81266,81162,14
81267,81165,11
81268,81166,12
81269,81167,15
81270,81167,12
81271,81168,13
81272,81169,13
81273,81169,15
81274,81170,12
81275,81170,15
81276,81171,14
81277,81171,13
81278,81172,13
81279,81172,14
81280,81173,11
81281,81174,14
81282,81174,14
81283,81176,15
81284,81176,12
81285,81177,15
81286,81177,15
81287,81181,13
81288,81181,13
81289,81183,11
81290,81184,15
81291,81184,15
81292,81185,12
81293,81185,14
81294,81186,15
81295,81186,12
81296,81188,11
81297,81188,11
81298,81189,13
81299,81189,15
81300,81191,13
81301,81193,13
81302,81193,15
81303,81194,14
81304,81194,11
81305,81197,12
81306,81197,14
81307,81198,15
81308,81200,12
81309,81204,13
81310,81205,11
81311,81205,12
81312,81207,15
81313,81207,12
81314,81208,13
81315,81208,15
81316,81209,12
81317,81209,14
81318,81210,14
81319,81211,15
81320,81212,15
81321,81212,12
81322,81215,15
81323,81217,14
81324,81217,11
81325,81218,14
81326,81221,15
81327,81221,14
81328,81222,15
81329,81224,12
81330,81225,11
81331,81225,13
81332,81228,15
81333,81229,11
81334,81229,11
81335,81230,15
81336,81230,14
81337,81232,13
81338,81233,14
81339,81234,12
81340,81235,11
81341,81235,14
81342,81236,11
81343,81236,11
81344,81237,14
81345,81237,11
81346,81238,15
81347,81239,15
81348,81240,13
81349,81240,13
81350,81241,11
81351,81242,12
81352,81242,15
81353,81245,14
81354,81245,13
81355,81247,14
81356,81248,13
81357,81248,15
81358,81249,12
81359,81249,15
81360,81250,12
81361,81250,13
81362,81251,11
81363,81252,12
81364,81253,13
81365,81254,14
81366,81254,11
81367,81255,13
81368,81255,11
81369,81256,14
81370,81258,15
81371,81259,14
81372,81261,12
81373,81264,11
81374,81264,12
81375,81265,12
81376,81265,11
81377,81267,12
81378,81268,12
81379,81271,13
81380,81272,11
81381,81274,11
81382,81276,15
81383,81276,15
81384,81278,15
81385,81279,14
81386,81279,13
81387,81280,14
81388,81280,11
81389,81281,13
81390,81281,11
81391,81285,11
81392,81285,12
81393,81286,13
81394,81286,14
81395,81287,12
81396,81287,15
81397,81289,13
81398,81292,15
81399,81292,11
81400,81294,12
81401,81295,13
81402,81296,12
81403,81299,15
81404,81300,14
81405,81301,15
81406,81302,12
81407,81303,14
81408,81303,11
81409,81308,11
81410,81310,15
81411,81311,15
81412,81311,12
81413,81312,12
81414,81312,12
81415,81313,11
81416,81314,13
81417,81314,11
81418,81315,14
81419,81316,15
81420,81316,13
81421,81317,13
81422,81317,14
81423,81318,12
81424,81318,15
81425,81320,12
81426,81320,13
81427,81321,15
81428,81322,15
81429,81322,12
81430,81324,11
81431,81324,15
81432,81326,12
81433,81327,13
81434,81327,14
81435,81328,15
81436,81332,11
81437,81332,13
81438,81333,15
81439,81333,12
81440,81335,14
81441,81336,11
81442,81336,12
81443,81338,15
81444,81339,11
81445,81341,13
81446,81341,14
81447,81342,12
81448,81342,12
81449,81344,15
81450,81345,14
81451,81345,11
81452,81347,12
81453,81348,12
81454,81349,12
81455,81350,11
81456,81351,14
81457,81351,13
81458,81352,13
81459,81358,13
81460,81358,15
81461,81359,15
81462,81359,14
81463,81360,14
81464,81360,13
81465,81361,12
81466,81361,13
81467,81362,11
81468,81363,12
81469,81364,14
81470,81365,15
81471,81366,15
81472,81366,11
81473,81367,15
81474,81371,12
81475,81372,11
81476,81373,14
81477,81373,15
81478,81375,12
81479,81375,14
81480,81376,14
81481,81376,11
81482,81377,13
81483,81377,14
81484,81381,15
81485,81381,11
81486,81384,11
81487,81384,15
81488,81386,15
81489,81387,15
81490,81387,13
81491,81389,12
81492,81390,11
81493,81390,14
81494,81391,14
81495,81392,15
81496,81393,15
81497,81393,15
81498,81394,12
81499,81395,13
81500,81395,12
81501,81397,14
81502,81397,14
81503,81398,13
81504,81398,15
81505,81399,14
81506,81401,12
81507,81404,14
81508,81404,12
81509,81406,11
81510,81406,11
81511,81409,14
81512,81409,12
81513,81410,13
81514,81410,11
81515,81412,15
81516,81412,13
81517,81414,13
81518,81415,11
81519,81419,13
81520,81419,15
81521,81420,14
81522,81421,11
81523,81421,12
81524,81422,14
81525,81422,15
81526,81425,12
81527,81426,12
81528,81426,11
81529,81427,14
81530,81428,12
81531,81430,15
81532,81433,14
81533,81433,12
81534,81434,12
81535,81435,14
81536,81435,11
81537,81438,12
81538,81439,15
81539,81439,14
81540,81440,11
81541,81440,12
81542,81442,12
81543,81442,15
81544,81443,15
81545,81444,14
81546,81446,15
81547,81447,12
81548,81447,14
81549,81448,13
81550,81448,15
81551,81450,15
81552,81451,13
81553,81451,12
81554,81452,13
81555,81452,14
81556,81454,14
81557,81454,11
81558,81456,13
81559,81456,12
81560,81458,11
81561,81458,14
81562,81459,13
81563,81460,11
81564,81461,14
81565,81461,14
81566,81462,11
81567,81464,11
81568,81465,13
81569,81465,12
81570,81466,12
81571,81467,15
81572,81467,11
81573,81470,13
81574,81471,12
81575,81472,11
81576,81472,12
81577,81474,15
81578,81474,12
81579,81476,14
81580,81476,12
81581,81478,12
81582,81479,13
81583,81481,12
81584,81481,14
81585,81482,11
81586,81482,15
81587,81483,11
81588,81483,11
81589,81487,11
81590,81487,15
81591,81488,11
81592,81488,12
81593,81489,14
81594,81489,12
81595,81490,12
81596,81491,13
81597,81495,12
81598,81496,11
81599,81496,15
81600,81498,13
81601,81499,11
81602,81500,15
81603,81500,12
81604,81501,12
81605,81502,15
81606,81502,11
81607,81503,13
81608,81504,13
81609,81504,14
81610,81505,14
81611,81505,15
81612,81508,13
81613,81509,15
81614,81511,14
81615,81511,12
81616,81512,11
81617,81512,14
81618,81514,12
81619,81516,15
81620,81516,12
81621,81518,14
81622,81518,11
81623,81519,14
81624,81519,11
81625,81520,14
81626,81520,13
81627,81521,11
81628,81521,14
81629,81525,12
81630,81525,12
81631,81526,14
81632,81529,13
81633,81533,13
81634,81533,13
81635,81535,12
81636,81535,13
81637,81538,12
81638,81539,14
81639,81539,13
81640,81540,11
81641,81541,14
81642,81541,14
81643,81544,13
81644,81545,11
81645,81546,13
81646,81547,15
81647,81548,11
81648,81549,13
81649,81550,12
81650,81551,12
81651,81551,12
81652,81552,15
81653,81552,14
81654,81553,12
81655,81556,12
81656,81558,14
81657,81558,13
81658,81560,14
81659,81560,14
81660,81561,11
81661,81562,15
81662,81563,12
81663,81563,12
81664,81564,15
81665,81565,14
81666,81565,12
81667,81568,15
81668,81570,14
81669,81572,13
81670,81572,11
81671,81573,15
81672,81575,13
81673,81575,13
81674,81576,11
81675,81576,13
81676,81577,14
81677,81578,11
81678,81578,11
81679,81580,12
81680,81581,13
81681,81581,12
81682,81582,12
81683,81582,11
81684,81583,12
81685,81583,11
81686,81584,11
81687,81585,14
81688,81587,14
81689,81587,15
81690,81589,15
81691,81589,12
81692,81590,14
81693,81591,13
81694,81592,14
81695,81592,11
81696,81595,11
81697,81595,12
81698,81596,14
81699,81597,11
81700,81598,11
81701,81602,12
81702,81602,11
81703,81603,15
81704,81603,14
81705,81604,11
81706,81605,13
81707,81605,13
81708,81606,15
81709,81607,13
81710,81613,11
81711,81614,12
81712,81615,11
81713,81615,15
81714,81616,12
81715,81617,11
81716,81618,14
81717,81620,12
81718,81621,11
81719,81621,12
81720,81625,15
81721,81627,14
81722,81627,13
81723,81629,13
81724,81630,15
81725,81630,13
81726,81631,13
81727,81632,13
81728,81632,13
81729,81633,13
81730,81634,14
81731,81637,11
81732,81638,15
81733,81638,12
81734,81640,15
81735,81641,12
81736,81641,11
81737,81646,12
81738,81646,15
81739,81647,13
81740,81648,12
81741,81648,11
81742,81649,13
81743,81649,13
81744,81650,11
81745,81651,11
81746,81652,12
81747,81653,14
81748,81653,12
81749,81654,15
81750,81655,15
81751,81656,15
81752,81656,15
81753,81658,12
81754,81658,14
81755,81660,11
81756,81660,13
81757,81662,12
81758,81663,13
81759,81664,13
81760,81664,13
81761,81665,12
81762,81665,13
81763,81666,13
81764,81668,14
81765,81668,15
81766,81669,11
81767,81671,13
81768,81672,14
81769,81673,13
81770,81674,11
81771,81675,13
81772,81675,11
81773,81678,13
81774,81678,14
81775,81680,14
81776,81680,15
81777,81681,12
81778,81681,14
81779,81682,11
81780,81683,11
81781,81688,12
81782,81696,15
81783,81696,12
81784,81699,14
81785,81700,12
81786,81701,12
81787,81703,11
81788,81703,11
81789,81704,13
81790,81704,15
81791,81705,15
81792,81706,14
81793,81706,11
81794,81707,12
81795,81707,12
81796,81708,12
81797,81709,12
81798,81712,11
81799,81713,14
81800,81713,13
81801,81716,12
81802,81716,11
81803,81719,13
81804,81719,15
81805,81720,13
81806,81723,13
81807,81723,14
81808,81726,11
81809,81727,14
81810,81731,14
81811,81732,15
81812,81732,14
81813,81734,13
81814,81735,12
81815,81737,13
81816,81738,13
81817,81738,14
81818,81739,15
81819,81740,11
81820,81740,14
81821,81741,11
81822,81741,12
81823,81744,13
81824,81745,12
81825,81745,14
81826,81746,15
81827,81748,12
81828,81748,11
81829,81749,15
81830,81750,11
81831,81750,11
81832,81751,15
81833,81751,12
81834,81752,15
81835,81752,15
81836,81754,12
81837,81755,14
81838,81755,12
81839,81757,15
81840,81757,15
81841,81758,11
81842,81759,12
81843,81759,14
81844,81761,12
81845,81763,14
81846,81763,11
81847,81764,14
81848,81767,12
81849,81767,11
81850,81769,12
81851,81769,12
81852,81771,13
81853,81772,15
81854,81773,13
81855,81774,12
81856,81775,12
81857,81775,11
81858,81776,15
81859,81777,12
81860,81777,15
81861,81778,15
81862,81778,12
81863,81780,11
81864,81782,12
81865,81782,14
81866,81783,15
81867,81783,12
81868,81784,11
81869,81784,15
81870,81785,15
81871,81785,12
81872,81786,12
81873,81787,12
81874,81787,13
81875,81788,15
81876,81788,15
81877,81791,12
81878,81791,13
81879,81793,14
81880,81793,14
81881,81795,14
81882,81795,12
81883,81797,12
81884,81797,11
81885,81798,11
81886,81799,14
81887,81801,11
81888,81803,13
81889,81803,15
81890,81804,14
81891,81806,13
81892,81806,13
81893,81807,15
81894,81809,12
81895,81811,12
81896,81812,13
81897,81814,15
81898,81815,11
81899,81815,14
81900,81817,11
81901,81821,14
81902,81824,15
81903,81825,12
81904,81828,15
81905,81832,12
81906,81833,13
81907,81834,13
81908,81834,14
81909,81835,14
81910,81835,13
81911,81838,14
81912,81838,12
81913,81839,13
81914,81839,15
81915,81841,11
81916,81842,11
81917,81843,14
81918,81843,11
81919,81844,12
81920,81845,14
81921,81846,15
81922,81847,14
81923,81848,14
81924,81849,11
81925,81849,12
81926,81852,15
81927,81853,15
81928,81855,13
81929,81855,14
81930,81857,11
81931,81858,12
81932,81859,15
81933,81859,15
81934,81860,15
81935,81860,11
81936,81861,11
81937,81861,11
81938,81863,15
81939,81864,15
81940,81864,13
81941,81866,11
81942,81866,12
81943,81867,12
81944,81867,13
81945,81869,15
81946,81869,13
81947,81871,15
81948,81872,12
81949,81872,12
81950,81873,12
81951,81873,14
81952,81877,14
81953,81877,15
81954,81878,14
81955,81878,15
81956,81880,12
81957,81881,13
81958,81882,11
81959,81884,11
81960,81884,15
81961,81885,13
81962,81885,12
81963,81887,14
81964,81887,14
81965,81889,12
81966,81892,13
81967,81892,15
81968,81893,11
81969,81893,14
81970,81894,13
81971,81895,15
81972,81895,12
81973,81897,13
81974,81897,13
81975,81898,12
81976,81902,13
81977,81902,13
81978,81903,14
81979,81903,13
81980,81904,12
81981,81905,13
81982,81905,11
81983,81907,11
81984,81908,11
81985,81908,14
81986,81910,12
81987,81912,15
81988,81912,12
81989,81913,15
81990,81914,13
81991,81914,14
81992,81916,12
81993,81918,11
81994,81918,15
81995,81919,11
81996,81922,15
81997,81922,14
81998,81923,11
81999,81923,15
82000,81926,13
82001,81926,15
82002,81927,14
82003,81928,12
82004,81929,14
82005,81930,12
82006,81931,11
82007,81931,13
82008,81932,11
82009,81932,11
82010,81933,14
82011,81933,13
82012,81935,11
82013,81936,15
82014,81936,14
82015,81938,15
82016,81939,14
82017,81940,14
82018,81940,15
82019,81941,11
82020,81941,12
82021,81942,12
82022,81943,11
82023,81945,14
82024,81945,13
82025,81947,13
82026,81947,11
82027,81948,14
82028,81949,11
82029,81949,15
82030,81954,13
82031,81956,11
82032,81957,15
82033,81957,15
82034,81960,12
82035,81961,12
82036,81962,15
82037,81962,12
82038,81963,11
82039,81963,13
82040,81965,12
82041,81966,15
82042,81967,14
82043,81969,12
82044,81970,12
82045,81970,15
82046,81971,14
82047,81972,11
82048,81972,13
82049,81974,11
82050,81974,13
82051,81975,14
82052,81975,14
82053,81976,12
82054,81977,14
82055,81977,11
82056,81978,13
82057,81980,12
82058,81981,14
82059,81982,14
82060,81983,12
82061,81983,12
82062,81984,12
82063,81987,15
82064,81987,15
82065,81989,13
82066,81990,12
82067,81990,13
82068,81992,11
82069,81993,14
82070,81993,14
82071,81994,14
82072,81994,13
82073,81995,14
82074,81996,11
82075,81996,14
82076,81998,12
82077,81998,11
82078,82000,15
82079,82001,13
82080,82003,12
82081,82003,14
82082,82005,15
82083,82010,12
82084,82012,14
82085,82013,15
82086,82013,15
82087,82014,12
82088,82015,12
82089,82016,13
82090,82017,15
82091,82017,15
82092,82019,13
82093,82020,11
82094,82021,13
82095,82021,13
82096,82022,13
82097,82022,13
82098,82023,15
82099,82024,13
82100,82024,15
82101,82026,13
82102,82026,12
82103,82027,15
82104,82028,13
82105,82028,13
82106,82029,12
82107,82030,14
82108,82031,14
82109,82032,14
82110,82033,14
82111,82034,11
82112,82034,12
82113,82038,14
82114,82038,15
82115,82040,13
82116,82041,12
82117,82042,15
82118,82043,12
82119,82046,11
82120,82046,15
82121,82047,13
82122,82048,13
82123,82049,11
82124,82050,15
82125,82052,13
82126,82052,11
82127,82053,14
82128,82054,12
82129,82054,11
82130,82055,14
82131,82057,13
82132,82058,12
82133,82059,11
82134,82060,14
82135,82060,11
82136,82062,12
82137,82062,15
82138,82063,11
82139,82063,11
82140,82064,12
82141,82065,15
82142,82066,13
82143,82066,12
82144,82067,13
82145,82067,14
82146,82070,12
82147,82070,13
82148,82073,12
82149,82073,14
82150,82074,14
82151,82076,11
82152,82076,13
82153,82078,13
82154,82079,15
82155,82079,13
82156,82081,14
82157,82081,15
82158,82083,14
82159,82084,11
82160,82084,14
82161,82085,15
82162,82085,11
82163,82086,12
82164,82086,12
82165,82088,13
82166,82088,11
82167,82089,13
82168,82090,12
82169,82090,13
82170,82092,11
82171,82093,15
82172,82093,13
82173,82094,13
82174,82095,13
82175,82095,13
82176,82097,12
82177,82097,11
82178,82098,15
82179,82098,11
82180,82099,14
82181,82100,11
82182,82100,11
82183,82101,14
82184,82102,13
82185,82102,11
82186,82103,12
82187,82103,15
82188,82104,13
82189,82104,12
82190,82105,11
82191,82106,12
82192,82106,13
82193,82108,15
82194,82111,14
82195,82113,15
82196,82115,13
82197,82116,11
82198,82116,13
82199,82117,11
82200,82118,14
82201,82119,13
82202,82120,15
82203,82120,15
82204,82123,15
82205,82124,13
82206,82126,11
82207,82127,14
82208,82127,12
82209,82128,15
82210,82129,14
82211,82130,15
82212,82130,15
82213,82132,13
82214,82133,14
82215,82134,14
82216,82135,15
82217,82135,15
82218,82139,15
82219,82139,11
82220,82140,15
82221,82140,12
82222,82143,14
82223,82143,13
82224,82145,13
82225,82145,15
82226,82146,14
82227,82146,15
82228,82147,11
82229,82148,13
82230,82150,15
82231,82150,11
82232,82152,13
82233,82152,11
82234,82153,14
82235,82153,15
82236,82154,13
82237,82156,12
82238,82157,12
82239,82157,15
82240,82159,13
82241,82160,15
82242,82162,11
82243,82162,12
82244,82163,12
82245,82163,11
82246,82164,14
82247,82164,11
82248,82166,11
82249,82166,14
82250,82167,11
82251,82168,15
82252,82168,15
82253,82169,15
82254,82170,13
82255,82171,15
82256,82172,15
82257,82173,15
82258,82173,15
82259,82174,14
82260,82175,11
82261,82175,14
82262,82177,15
82263,82177,15
82264,82178,13
82265,82178,12
82266,82179,12
82267,82179,11
82268,82180,15
82269,82180,12
82270,82181,15
82271,82181,13
82272,82182,12
82273,82183,13
82274,82188,12
82275,82189,12
82276,82191,15
82277,82192,12
82278,82194,14
82279,82198,15
82280,82198,13
82281,82201,11
82282,82203,14
82283,82203,12
82284,82204,11
82285,82204,14
82286,82205,14
82287,82205,15
82288,82209,13
82289,82211,15
82290,82211,12
82291,82212,15
82292,82214,13
82293,82214,11
82294,82217,12
82295,82217,12
82296,82218,11
82297,82218,15
82298,82219,11
82299,82220,11
82300,82221,11
82301,82222,14
82302,82222,12
82303,82223,12
82304,82223,11
82305,82224,11
82306,82224,11
82307,82227,14
82308,82227,13
82309,82228,12
82310,82228,13
82311,82229,11
82312,82229,12
82313,82230,13
82314,82230,15
82315,82231,14
82316,82231,13
82317,82232,15
82318,82232,14
82319,82233,11
82320,82234,13
82321,82234,11
82322,82235,13
82323,82235,11
82324,82236,15
82325,82236,14
82326,82237,13
82327,82237,13
82328,82238,13
82329,82238,15
82330,82240,11
82331,82243,14
82332,82244,14
82333,82244,14
82334,82245,15
82335,82245,15
82336,82246,14
82337,82248,13
82338,82248,15
82339,82249,13
82340,82251,12
82341,82252,14
82342,82252,13
82343,82255,12
82344,82256,15
82345,82260,13
82346,82261,15
82347,82262,15
82348,82265,13
82349,82266,11
82350,82268,14
82351,82268,13
82352,82272,12
82353,82273,11
82354,82274,13
82355,82275,14
82356,82276,15
82357,82276,12
82358,82277,13
82359,82277,11
82360,82278,13
82361,82280,15
82362,82280,11
82363,82281,11
82364,82282,13
82365,82282,15
82366,82283,14
82367,82283,12
82368,82284,13
82369,82286,15
82370,82286,15
82371,82287,11
82372,82287,13
82373,82288,15
82374,82289,11
82375,82289,14
82376,82290,13
82377,82290,12
82378,82291,11
82379,82293,15
82380,82294,13
82381,82294,15
82382,82296,12
82383,82296,12
82384,82298,13
82385,82299,15
82386,82300,12
82387,82300,11
82388,82302,15
82389,82302,14
82390,82304,12
82391,82305,11
82392,82305,14
82393,82306,13
82394,82307,11
82395,82307,11
82396,82308,15
82397,82309,12
82398,82310,15
82399,82310,11
82400,82312,12
82401,82312,15
82402,82315,14
82403,82315,14
82404,82316,14
82405,82317,15
82406,82319,14
82407,82319,12
82408,82320,13
82409,82320,15
82410,82321,12
82411,82322,13
82412,82322,14
82413,82323,11
82414,82323,15
82415,82329,15
82416,82329,12
82417,82331,13
82418,82331,12
82419,82336,13
82420,82336,12
82421,82338,11
82422,82338,11
82423,82340,12
82424,82340,12
82425,82341,12
82426,82342,12
82427,82344,11
82428,82344,13
82429,82345,15
82430,82345,15
82431,82348,14
82432,82349,14
82433,82349,14
82434,82351,14
82435,82351,14
82436,82353,14
82437,82354,15
82438,82355,12
82439,82356,11
82440,82356,11
82441,82358,11
82442,82358,13
82443,82359,14
82444,82360,14
82445,82360,15
82446,82361,14
82447,82361,15
82448,82362,15
82449,82363,13
82450,82363,11
82451,82364,11
82452,82364,13
82453,82367,15
82454,82368,14
82455,82369,11
82456,82369,12
82457,82370,12
82458,82371,11
82459,82371,11
82460,82372,12
82461,82372,11
82462,82375,15
82463,82375,14
82464,82376,12
82465,82377,13
82466,82377,12
82467,82379,13
82468,82381,11
82469,82383,15
82470,82383,15
82471,82384,14
82472,82384,12
82473,82388,11
82474,82388,12
82475,82389,13
82476,82389,14
82477,82390,11
82478,82390,11
82479,82391,13
82480,82392,13
82481,82392,11
82482,82394,11
82483,82394,12
82484,82395,12
82485,82395,15
82486,82397,11
82487,82397,11
82488,82398,15
82489,82398,14
82490,82399,13
82491,82400,14
82492,82401,14
82493,82402,12
82494,82403,15
82495,82403,15
82496,82405,14
82497,82406,14
82498,82407,13
82499,82407,13
82500,82408,14
82501,82409,12
82502,82411,15
82503,82413,12
82504,82413,11
82505,82414,15
82506,82414,13
82507,82416,14
82508,82417,15
82509,82419,15
82510,82419,15
82511,82420,14
82512,82421,15
82513,82422,12
82514,82422,12
82515,82424,12
82516,82425,13
82517,82425,12
82518,82429,13
82519,82430,12
82520,82431,13
82521,82431,11
82522,82433,11
82523,82433,12
82524,82435,12
82525,82436,13
82526,82436,12
82527,82439,12
82528,82440,12
82529,82443,14
82530,82443,14
82531,82444,15
82532,82444,12
82533,82445,15
82534,82446,15
82535,82447,15
82536,82448,15
82537,82450,14
82538,82450,12
82539,82452,11
82540,82455,14
82541,82455,12
82542,82459,12
82543,82460,15
82544,82461,15
82545,82465,15
82546,82466,14
82547,82466,12
82548,82467,11
82549,82468,11
82550,82469,11
82551,82469,13
82552,82471,12
82553,82471,11
82554,82472,11
82555,82473,11
82556,82474,12
82557,82474,15
82558,82475,12
82559,82480,12
82560,82480,11
82561,82482,12
82562,82485,12
82563,82486,15
82564,82486,14
82565,82487,12
82566,82487,14
82567,82488,14
82568,82489,12
82569,82489,12
82570,82490,15
82571,82490,13
82572,82491,11
82573,82492,12
82574,82492,15
82575,82494,14
82576,82494,13
82577,82497,11
82578,82498,11
82579,82499,15
82580,82501,14
82581,82502,15
82582,82502,12
82583,82507,13
82584,82507,12
82585,82510,13
82586,82512,14
82587,82512,11
82588,82513,14
82589,82514,14
82590,82515,11
82591,82515,15
82592,82517,15
82593,82518,14
82594,82519,15
82595,82520,11
82596,82521,14
82597,82521,14
82598,82522,15
82599,82522,11
82600,82524,15
82601,82524,15
82602,82527,11
82603,82528,13
82604,82528,14
82605,82529,14
82606,82530,12
82607,82531,14
82608,82531,13
82609,82533,13
82610,82533,11
82611,82534,11
82612,82534,13
82613,82535,13
82614,82537,12
82615,82537,15
82616,82538,14
82617,82540,13
82618,82542,12
82619,82543,11
82620,82545,11
82621,82545,11
82622,82546,15
82623,82546,15
82624,82548,11
82625,82553,13
82626,82555,11
82627,82555,15
82628,82556,14
82629,82556,14
82630,82557,14
82631,82559,13
82632,82559,13
82633,82561,11
82634,82562,11
82635,82563,14
82636,82566,11
82637,82567,15
82638,82567,13
82639,82568,15
82640,82569,15
82641,82570,12
82642,82571,12
82643,82571,13
82644,82572,13
82645,82572,13
82646,82573,14
82647,82574,13
82648,82574,11
82649,82576,14
82650,82577,11
82651,82579,12
82652,82579,13
82653,82582,11
82654,82583,15
82655,82584,11
82656,82585,14
82657,82586,15
82658,82587,12
82659,82587,11
82660,82588,15
82661,82588,12
82662,82590,11
82663,82591,15
82664,82592,15
82665,82594,11
82666,82594,13
82667,82595,11
82668,82595,14
82669,82597,14
82670,82597,11
82671,82599,14
82672,82600,12
82673,82600,15
82674,82601,13
82675,82604,15
82676,82605,14
82677,82605,13
82678,82606,11
82679,82607,13
82680,82608,13
82681,82608,14
82682,82609,12
82683,82609,11
82684,82610,11
82685,82613,15
82686,82613,12
82687,82614,13
82688,82614,14
82689,82616,13
82690,82616,14
82691,82618,14
82692,82618,12
82693,82619,14
82694,82621,14
82695,82621,13
82696,82624,15
82697,82625,15
82698,82628,14
82699,82628,15
82700,82629,15
82701,82629,15
82702,82634,13
82703,82635,14
82704,82635,12
82705,82637,15
82706,82637,14
82707,82639,13
82708,82640,11
82709,82641,13
82710,82641,15
82711,82642,12
82712,82642,13
82713,82643,14
82714,82643,15
82715,82647,15
82716,82650,11
82717,82650,15
82718,82651,12
82719,82651,14
82720,82653,14
82721,82653,12
82722,82656,11
82723,82656,13
82724,82657,12
82725,82657,13
82726,82658,14
82727,82658,14
82728,82659,11
82729,82659,14
82730,82660,11
82731,82662,14
82732,82662,11
82733,82663,14
82734,82664,12
82735,82664,14
82736,82665,14
82737,82667,12
82738,82667,13
82739,82668,11
82740,82669,13
82741,82669,11
82742,82670,13
82743,82670,11
82744,82671,11
82745,82671,12
82746,82672,12
82747,82673,15
82748,82673,14
82749,82674,13
82750,82676,15
82751,82676,15
82752,82678,12
82753,82678,15
82754,82683,13
82755,82686,12
82756,82686,12
82757,82687,13
82758,82687,14
82759,82688,14
82760,82688,14
82761,82689,14
82762,82689,11
82763,82690,15
82764,82691,11
82765,82691,12
82766,82692,15
82767,82693,15
82768,82693,14
82769,82694,12
82770,82695,12
82771,82696,15
82772,82697,11
82773,82697,14
82774,82698,14
82775,82699,13
82776,82699,14
82777,82700,12
82778,82700,12
82779,82701,11
82780,82702,14
82781,82704,12
82782,82704,14
82783,82707,14
82784,82708,11
82785,82709,14
82786,82709,15
82787,82712,11
82788,82712,12
82789,82713,14
82790,82713,11
82791,82714,15
82792,82714,11
82793,82715,11
82794,82718,14
82795,82720,11
82796,82723,12
82797,82723,13
82798,82724,15
82799,82725,11
82800,82725,15
82801,82726,14
82802,82726,15
82803,82727,11
82804,82728,13
82805,82728,15
82806,82729,15
82807,82732,15
82808,82732,14
82809,82733,15
82810,82734,12
82811,82735,13
82812,82735,14
82813,82738,12
82814,82738,13
82815,82739,13
82816,82739,11
82817,82742,13
82818,82743,13
82819,82743,11
82820,82745,14
82821,82747,15
82822,82748,12
82823,82750,12
82824,82753,13
82825,82753,14
82826,82754,15
82827,82757,14
82828,82758,12
82829,82758,14
82830,82759,14
82831,82759,13
82832,82762,14
82833,82762,13
82834,82765,13
82835,82765,13
82836,82766,14
82837,82766,12
82838,82770,11
82839,82772,11
82840,82773,14
82841,82774,11
82842,82775,12
82843,82775,11
82844,82776,15
82845,82777,13
82846,82778,13
82847,82778,13
82848,82781,15
82849,82782,15
82850,82782,13
82851,82784,11
82852,82787,15
82853,82787,13
82854,82789,14
82855,82789,11
82856,82791,12
82857,82791,15
82858,82792,11
82859,82793,15
82860,82794,11
82861,82798,14
82862,82798,13
82863,82799,13
82864,82799,12
82865,82800,14
82866,82800,13
82867,82801,14
82868,82803,15
82869,82803,11
82870,82804,11
82871,82804,15
82872,82805,14
82873,82805,11
82874,82807,15
82875,82807,11
82876,82809,14
82877,82809,11
82878,82810,12
82879,82811,11
82880,82814,15
82881,82815,12
82882,82817,11
82883,82817,12
82884,82819,13
82885,82820,11
82886,82821,11
82887,82823,14
82888,82823,11
82889,82825,14
82890,82825,12
82891,82828,12
82892,82828,14
82893,82830,14
82894,82830,13
82895,82832,12
82896,82833,15
82897,82833,13
82898,82834,14
82899,82834,11
82900,82836,12
82901,82838,13
82902,82839,11
82903,82839,14
82904,82840,11
82905,82843,12
82906,82843,14
82907,82844,15
82908,82844,13
82909,82845,13
82910,82845,13
82911,82846,13
82912,82847,12
82913,82848,15
82914,82849,12
82915,82850,14
82916,82852,12
82917,82852,13
82918,82853,11
82919,82853,14
82920,82854,15
82921,82854,11
82922,82855,15
82923,82855,15
82924,82857,11
82925,82858,15
82926,82859,12
82927,82859,11
82928,82861,14
82929,82863,14
82930,82863,13
82931,82864,14
82932,82864,12
82933,82865,14
82934,82867,12
82935,82869,12
82936,82869,13
82937,82872,14
82938,82873,14
82939,82873,14
82940,82874,12
82941,82874,13
82942,82876,12
82943,82876,13
82944,82877,13
82945,82880,11
82946,82881,13
82947,82885,15
82948,82885,14
82949,82887,13
82950,82888,14
82951,82888,13
82952,82889,13
82953,82889,15
82954,82890,15
82955,82891,13
82956,82896,12
82957,82897,15
82958,82897,14
82959,82899,12
82960,82899,11
82961,82900,15
82962,82903,15
82963,82905,12
82964,82905,14
82965,82906,13
82966,82906,14
82967,82907,13
82968,82907,15
82969,82911,14
82970,82912,14
82971,82912,15
82972,82913,13
82973,82913,13
82974,82914,15
82975,82915,15
82976,82915,11
82977,82916,15
82978,82917,13
82979,82919,14
82980,82919,15
82981,82920,12
82982,82921,11
82983,82921,11
82984,82925,11
82985,82925,15
82986,82926,12
82987,82926,11
82988,82929,14
82989,82929,14
82990,82932,14
82991,82932,13
82992,82933,14
82993,82933,11
82994,82934,14
82995,82935,13
82996,82936,12
82997,82939,12
82998,82940,11
82999,82941,12
83000,82942,14
83001,82942,11
83002,82943,11
83003,82943,11
83004,82944,12
83005,82944,12
83006,82948,15
83007,82949,13
83008,82952,14
83009,82952,15
83010,82953,15
83011,82954,12
83012,82954,14
83013,82955,11
83014,82956,11
83015,82956,14
83016,82958,13
83017,82958,13
83018,82959,14
83019,82960,12
83020,82960,14
83021,82962,11
83022,82963,12
83023,82963,15
83024,82964,14
83025,82964,14
83026,82966,14
83027,82966,14
83028,82968,11
83029,82969,11
83030,82971,13
83031,82971,12
83032,82973,11
83033,82973,13
83034,82975,15
83035,82975,15
83036,82976,11
83037,82976,11
83038,82978,13
83039,82979,15
83040,82979,15
83041,82981,12
83042,82982,15
83043,82983,13
83044,82987,15
83045,82987,15
83046,82988,14
83047,82989,15
83048,82989,13
83049,82990,13
83050,82992,13
83051,82993,13
83052,82994,13
83053,82994,13
83054,82995,15
83055,82997,12
83056,82997,12
83057,82998,11
83058,82999,12
83059,82999,15
83060,83000,14
83061,83001,14
83062,83001,13
83063,83002,12
83064,83005,13
83065,83005,11
83066,83006,13
83067,83007,11
83068,83007,14
83069,83008,13
83070,83008,11
83071,83009,15
83072,83010,14
83073,83010,14
83074,83011,13
83075,83011,15
83076,83012,12
83077,83012,11
83078,83013,14
83079,83013,14
83080,83015,13
83081,83015,15
83082,83016,13
83083,83017,11
83084,83018,14
83085,83018,11
83086,83019,12
83087,83019,14
83088,83021,15
83089,83021,12
83090,83022,12
83091,83024,15
83092,83026,13
83093,83026,12
83094,83027,13
83095,83028,14
83096,83028,14
83097,83029,12
83098,83030,15
83099,83032,13
83100,83035,14
83101,83035,12
83102,83036,14
83103,83038,13
83104,83038,11
83105,83039,15
83106,83043,11
83107,83044,11
83108,83045,12
83109,83045,13
83110,83046,14
83111,83046,15
83112,83047,13
83113,83048,11
83114,83048,14
83115,83049,11
83116,83051,14
83117,83051,15
83118,83053,11
83119,83054,15
83120,83054,15
83121,83055,13
83122,83055,11
83123,83056,15
83124,83057,14
83125,83058,12
83126,83058,15
83127,83059,15
83128,83059,11
83129,83060,15
83130,83060,14
83131,83061,11
83132,83061,14
83133,83063,15
83134,83063,13
83135,83064,11
83136,83065,12
83137,83066,12
83138,83067,12
83139,83069,15
83140,83069,12
83141,83070,11
83142,83071,11
83143,83073,14
83144,83074,14
83145,83076,11
83146,83078,11
83147,83080,13
83148,83081,15
83149,83081,13
83150,83083,13
83151,83083,11
83152,83085,14
83153,83085,15
83154,83087,15
83155,83088,13
83156,83088,11
83157,83091,15
83158,83094,15
83159,83094,11
83160,83095,12
83161,83097,15
83162,83098,13
83163,83098,14
83164,83099,13
83165,83100,12
83166,83101,15
83167,83103,14
83168,83105,12
83169,83105,13
83170,83107,13
83171,83110,11
83172,83110,14
83173,83112,12
83174,83113,11
83175,83113,15
83176,83115,14
83177,83116,11
83178,83117,12
83179,83119,15
83180,83120,13
83181,83120,11
83182,83121,14
83183,83121,15
83184,83122,11
83185,83122,13
83186,83123,12
83187,83125,12
83188,83125,15
83189,83126,15
83190,83128,11
83191,83129,11
83192,83131,14
83193,83131,12
83194,83133,14
83195,83133,13
83196,83134,14
83197,83137,12
83198,83137,12
83199,83140,13
83200,83140,14
83201,83141,15
83202,83142,11
83203,83144,11
83204,83145,13
83205,83147,11
83206,83148,15
83207,83148,15
83208,83150,12
83209,83151,12
83210,83152,14
83211,83154,11
83212,83154,12
83213,83155,12
83214,83156,14
83215,83156,14
83216,83161,13
83217,83161,11
83218,83162,12
83219,83162,12
83220,83163,13
83221,83163,14
83222,83164,11
83223,83168,15
83224,83168,12
83225,83170,14
83226,83171,15
83227,83171,11
83228,83172,11
83229,83175,15
83230,83175,13
83231,83176,14
83232,83177,13
83233,83178,11
83234,83178,14
83235,83180,11
83236,83181,14
83237,83183,12
83238,83183,14
83239,83184,11
83240,83185,12
83241,83185,14
83242,83186,12
83243,83186,11
83244,83187,13
83245,83189,14
83246,83190,13
83247,83190,13
83248,83192,12
83249,83193,14
83250,83193,12
83251,83195,11
83252,83196,15
83253,83196,12
83254,83198,11
83255,83201,14
83256,83202,14
83257,83202,13
83258,83204,11
83259,83206,13
83260,83207,14
83261,83207,15
83262,83208,15
83263,83208,14
83264,83209,15
83265,83211,15
83266,83212,15
83267,83213,12
83268,83213,15
83269,83214,14
83270,83216,14
83271,83217,13
83272,83217,14
83273,83218,12
83274,83218,13
83275,83219,15
83276,83220,12
83277,83221,12
83278,83221,14
83279,83222,13
83280,83222,12
83281,83223,14
83282,83225,14
83283,83228,12
83284,83229,12
83285,83229,13
83286,83230,13
83287,83230,14
83288,83231,15
83289,83231,13
83290,83233,12
83291,83233,15
83292,83235,11
83293,83235,11
83294,83236,13
83295,83239,12
83296,83239,14
83297,83240,12
83298,83240,12
83299,83241,15
83300,83244,14
83301,83245,13
83302,83247,11
83303,83248,13
83304,83249,14
83305,83249,12
83306,83250,12
83307,83252,14
83308,83253,15
83309,83254,14
83310,83254,11
83311,83258,13
83312,83260,13
83313,83261,11
83314,83262,11
83315,83263,15
83316,83263,11
83317,83264,11
83318,83264,15
83319,83268,15
83320,83269,14
83321,83269,11
83322,83270,11
83323,83274,15
83324,83275,14
83325,83276,14
83326,83277,13
83327,83277,12
83328,83278,15
83329,83281,15
83330,83281,11
83331,83282,11
83332,83285,13
83333,83286,13
83334,83286,14
83335,83287,13
83336,83288,11
83337,83288,14
83338,83289,15
83339,83290,13
83340,83294,13
83341,83294,14
83342,83295,15
83343,83295,13
83344,83296,12
83345,83297,12
83346,83298,12
83347,83299,13
83348,83301,11
83349,83301,15
83350,83302,11
83351,83302,11
83352,83303,11
83353,83304,15
83354,83305,11
83355,83306,15
83356,83308,15
83357,83309,12
83358,83310,13
83359,83311,14
83360,83313,13
83361,83313,11
83362,83314,13
83363,83314,11
83364,83315,11
83365,83316,14
83366,83316,13
83367,83317,13
83368,83318,15
83369,83321,12
83370,83321,15
83371,83323,15
83372,83323,12
83373,83324,12
83374,83324,12
83375,83325,12
83376,83325,14
83377,83326,13
83378,83328,15
83379,83329,14
83380,83329,14
83381,83330,14
83382,83332,15
83383,83334,12
83384,83334,14
83385,83335,12
83386,83336,15
83387,83336,14
83388,83337,13
83389,83337,11
83390,83339,13
83391,83339,11
83392,83340,11
83393,83340,14
83394,83342,11
83395,83342,13
83396,83343,11
83397,83343,13
83398,83345,13
83399,83345,14
83400,83346,15
83401,83346,12
83402,83347,14
83403,83347,11
83404,83348,12
83405,83349,14
83406,83349,13
83407,83350,15
83408,83352,15
83409,83354,13
83410,83355,11
83411,83357,15
83412,83357,15
83413,83358,11
83414,83358,12
83415,83360,12
83416,83361,11
83417,83363,15
83418,83364,11
83419,83364,13
83420,83365,14
83421,83365,11
83422,83366,15
83423,83368,13
83424,83369,12
83425,83369,14
83426,83370,15
83427,83374,12
83428,83376,14
83429,83376,14
83430,83377,11
83431,83378,12
83432,83379,12
83433,83380,15
83434,83380,14
83435,83381,11
83436,83382,13
83437,83383,14
83438,83383,14
83439,83384,15
83440,83384,15
83441,83386,12
83442,83386,11
83443,83387,13
83444,83389,13
83445,83390,11
83446,83390,11
83447,83391,12
83448,83392,13
83449,83394,14
83450,83394,13
83451,83396,13
83452,83397,15
83453,83398,15
83454,83400,14
83455,83401,14
83456,83401,12
83457,83402,13
83458,83402,14
83459,83403,11
83460,83403,14
83461,83405,13
83462,83405,11
83463,83407,15
83464,83409,12
83465,83409,15
83466,83410,15
83467,83411,12
83468,83412,11
83469,83412,15
83470,83413,12
83471,83413,11
83472,83414,14
83473,83415,14
83474,83415,11
83475,83417,11
83476,83418,13
83477,83419,11
83478,83419,11
83479,83420,12
83480,83421,14
83481,83421,14
83482,83422,11
83483,83422,14
83484,83423,15
83485,83423,13
83486,83424,14
83487,83425,13
83488,83426,11
83489,83429,15
83490,83430,11
83491,83430,12
83492,83431,15
83493,83432,13
83494,83432,13
83495,83433,13
83496,83433,15
83497,83434,13
83498,83435,12
83499,83438,13
83500,83439,12
83501,83439,15
83502,83440,13
83503,83441,14
83504,83441,13
83505,83444,15
83506,83444,13
83507,83446,14
83508,83447,12
83509,83448,13
83510,83450,15
83511,83450,13
83512,83452,15
83513,83453,15
83514,83456,12
83515,83456,14
83516,83457,14
83517,83458,13
83518,83458,12
83519,83459,14
83520,83459,14
83521,83465,13
83522,83467,14
83523,83468,14
83524,83468,12
83525,83470,15
83526,83470,14
83527,83472,14
83528,83472,14
83529,83473,12
83530,83473,11
83531,83475,14
83532,83475,12
83533,83476,12
83534,83476,15
83535,83480,12
83536,83480,11
83537,83483,15
83538,83483,11
83539,83484,15
83540,83485,13
83541,83485,15
83542,83486,12
83543,83487,12
83544,83487,14
83545,83488,13
83546,83489,11
83547,83491,15
83548,83493,13
83549,83494,11
83550,83494,13
83551,83495,13
83552,83495,11
83553,83496,13
83554,83498,15
83555,83498,11
83556,83499,15
83557,83499,14
83558,83500,11
83559,83501,12
83560,83501,13
83561,83504,15
83562,83504,11
83563,83506,14
83564,83507,14
83565,83509,11
83566,83510,12
83567,83514,14
83568,83515,15
83569,83516,13
83570,83516,14
83571,83522,11
83572,83523,11
83573,83523,14
83574,83525,12
83575,83525,15
83576,83526,14
83577,83526,11
83578,83527,11
83579,83527,15
83580,83529,11
83581,83530,15
83582,83530,14
83583,83533,14
83584,83533,13
83585,83535,15
83586,83535,15
83587,83536,13
83588,83537,12
83589,83537,14
83590,83538,12
83591,83539,11
83592,83539,15
83593,83540,11
83594,83541,15
83595,83541,15
83596,83543,13
83597,83544,13
83598,83545,14
83599,83546,13
83600,83546,12
83601,83547,12
83602,83548,12
83603,83548,13
83604,83549,13
83605,83550,14
83606,83550,14
83607,83553,11
83608,83553,15
83609,83554,12
83610,83554,11
83611,83555,13
83612,83556,14
83613,83556,15
83614,83558,14
83615,83559,15
83616,83560,14
83617,83560,15
83618,83562,12
83619,83562,15
83620,83565,15
83621,83566,14
83622,83567,12
83623,83568,15
83624,83568,12
83625,83570,12
83626,83571,14
83627,83574,13
83628,83575,13
83629,83575,15
83630,83576,11
83631,83576,11
83632,83577,13
83633,83578,13
83634,83579,14
83635,83581,15
83636,83581,11
83637,83582,12
83638,83582,15
83639,83583,11
83640,83586,11
83641,83589,12
83642,83590,11
83643,83590,12
83644,83591,12
83645,83591,15
83646,83593,14
83647,83597,11
83648,83597,12
83649,83598,11
83650,83599,12
83651,83599,11
83652,83600,11
83653,83601,14
83654,83601,13
83655,83602,15
83656,83602,11
83657,83603,15
83658,83605,15
83659,83606,13
83660,83606,15
83661,83607,11
83662,83607,12
83663,83608,12
83664,83608,12
83665,83609,12
83666,83610,11
83667,83612,11
83668,83612,12
83669,83613,11
83670,83613,15
83671,83614,12
83672,83614,15
83673,83615,15
83674,83615,15
83675,83616,13
83676,83617,12
83677,83619,15
83678,83620,13
83679,83620,11
83680,83621,12
83681,83622,11
83682,83624,14
83683,83624,11
83684,83626,14
83685,83629,12
83686,83631,13
83687,83631,13
83688,83632,11
83689,83632,12
83690,83634,14
83691,83634,13
83692,83636,14
83693,83637,13
83694,83639,11
83695,83640,11
83696,83640,15
83697,83641,12
83698,83641,11
83699,83642,14
83700,83642,12
83701,83647,15
83702,83647,15
83703,83648,13
83704,83650,13
83705,83650,14
83706,83651,12
83707,83651,11
83708,83653,11
83709,83654,13
83710,83655,11
83711,83655,11
83712,83657,15
83713,83660,15
83714,83660,12
83715,83661,14
83716,83661,15
83717,83662,11
83718,83663,14
83719,83664,15
83720,83665,15
83721,83666,12
83722,83667,15
83723,83668,15
83724,83669,12
83725,83671,13
83726,83672,12
83727,83672,13
83728,83675,15
83729,83676,13
83730,83677,14
83731,83678,13
83732,83678,13
83733,83679,11
83734,83679,11
83735,83682,14
83736,83682,15
83737,83683,15
83738,83684,14
83739,83686,12
83740,83689,13
83741,83689,14
83742,83691,13
83743,83691,14
83744,83692,15
83745,83694,13
83746,83695,15
83747,83695,11
83748,83696,11
83749,83696,14
83750,83699,13
83751,83699,11
83752,83700,15
83753,83702,11
83754,83702,13
83755,83703,13
83756,83703,15
83757,83704,14
83758,83705,13
83759,83705,15
83760,83706,12
83761,83708,11
83762,83708,11
83763,83709,14
83764,83710,11
83765,83710,14
83766,83712,11
83767,83715,13
83768,83715,14
83769,83716,11
83770,83716,12
83771,83718,13
83772,83720,13
83773,83721,15
83774,83721,11
83775,83722,11
83776,83723,11
83777,83725,15
83778,83725,12
83779,83726,12
83780,83728,14
83781,83729,14
83782,83730,12
83783,83730,12
83784,83731,15
83785,83731,13
83786,83732,12
83787,83734,13
83788,83734,14
83789,83736,13
83790,83736,15
83791,83738,15
83792,83738,13
83793,83739,11
83794,83739,14
83795,83742,11
83796,83742,14
83797,83743,13
83798,83743,14
83799,83744,13
83800,83744,12
83801,83745,13
83802,83745,11
83803,83746,14
83804,83747,13
83805,83748,14
83806,83751,14
83807,83752,14
83808,83754,11
83809,83754,11
83810,83755,15
83811,83755,15
83812,83756,15
83813,83756,14
83814,83757,11
83815,83758,13
83816,83760,15
83817,83760,14
83818,83762,12
83819,83762,12
83820,83763,12
83821,83763,13
83822,83764,15
83823,83764,11
83824,83766,14
83825,83767,12
83826,83767,11
83827,83768,13
83828,83769,13
83829,83769,15
83830,83770,12
83831,83772,12
83832,83772,15
83833,83773,15
83834,83775,15
83835,83776,15
83836,83777,15
83837,83777,13
83838,83778,11
83839,83778,12
83840,83781,15
83841,83781,14
83842,83782,14
83843,83782,14
83844,83783,14
83845,83785,14
83846,83786,15
83847,83786,13
83848,83788,12
83849,83790,11
83850,83790,13
83851,83791,11
83852,83791,11
83853,83793,14
83854,83793,13
83855,83795,11
83856,83796,14
83857,83797,13
83858,83797,13
83859,83798,11
83860,83798,12
83861,83801,15
83862,83801,15
83863,83802,11
83864,83804,11
83865,83804,15
83866,83805,11
83867,83805,11
83868,83806,13
83869,83806,13
83870,83808,12
83871,83809,11
83872,83811,11
83873,83812,12
83874,83813,11
83875,83814,11
83876,83815,15
83877,83816,11
83878,83817,11
83879,83817,13
83880,83818,11
83881,83818,14
83882,83820,14
83883,83820,11
83884,83821,11
83885,83822,12
83886,83822,12
83887,83823,12
83888,83824,12
83889,83825,13
83890,83825,15
83891,83826,14
83892,83827,14
83893,83827,13
83894,83829,15
83895,83829,12
83896,83830,11
83897,83832,11
83898,83834,11
83899,83834,12
83900,83836,15
83901,83837,12
83902,83837,14
83903,83839,14
83904,83840,11
83905,83840,15
83906,83841,14
83907,83841,14
83908,83843,14
83909,83845,15
83910,83846,12
83911,83847,14
83912,83847,11
83913,83848,13
83914,83850,12
83915,83850,11
83916,83851,11
83917,83851,11
83918,83852,15
83919,83853,12
83920,83853,14
83921,83854,12
83922,83858,11
83923,83858,14
83924,83860,13
83925,83860,14
83926,83861,13
83927,83861,12
83928,83862,14
83929,83862,13
83930,83863,12
83931,83863,14
83932,83864,11
83933,83864,11
83934,83865,15
83935,83865,15
83936,83866,11
83937,83866,13
83938,83867,15
83939,83867,11
83940,83868,15
83941,83868,13
83942,83869,12
83943,83869,14
83944,83870,14
83945,83872,11
83946,83875,11
83947,83876,12
83948,83876,12
83949,83877,13
83950,83877,15
83951,83879,14
83952,83881,14
83953,83882,14
83954,83884,11
83955,83885,15
83956,83886,13
83957,83887,14
83958,83887,12
83959,83889,11
83960,83889,11
83961,83890,11
83962,83891,11
83963,83891,12
83964,83892,11
83965,83892,14
83966,83894,12
83967,83894,15
83968,83895,14
83969,83897,12
83970,83897,14
83971,83898,11
83972,83898,11
83973,83900,14
83974,83901,13
83975,83901,12
83976,83902,15
83977,83906,14
83978,83910,13
83979,83910,13
83980,83912,15
83981,83912,14
83982,83913,13
83983,83913,11
83984,83915,11
83985,83919,13
83986,83919,14
83987,83920,13
83988,83922,13
83989,83922,11
83990,83923,15
83991,83923,15
83992,83924,14
83993,83924,15
83994,83925,15
83995,83925,12
83996,83930,13
83997,83931,12
83998,83931,12
83999,83932,13
84000,83932,15
84001,83933,11
84002,83934,14
84003,83934,11
84004,83938,12
84005,83938,12
84006,83939,14
84007,83941,12
84008,83941,12
84009,83942,14
84010,83943,12
84011,83943,14
84012,83944,15
84013,83944,12
84014,83951,11
84015,83951,11
84016,83952,14
84017,83952,15
84018,83953,15
84019,83956,15
84020,83957,13
84021,83957,14
84022,83961,15
84023,83961,12
84024,83962,15
84025,83963,11
84026,83963,11
84027,83964,12
84028,83964,13
84029,83966,13
84030,83966,14
84031,83972,13
84032,83973,15
84033,83973,12
84034,83975,11
84035,83975,14
84036,83976,12
84037,83978,13
84038,83979,15
84039,83981,14
84040,83981,14
84041,83983,11
84042,83985,15
84043,83985,15
84044,83986,13
84045,83986,12
84046,83987,15
84047,83988,13
84048,83988,15
84049,83989,14
84050,83989,12
84051,83991,12
84052,83992,12
84053,83993,15
84054,83993,13
84055,83995,11
84056,83995,12
84057,83996,14
84058,83996,12
84059,83997,14
84060,83997,12
84061,83998,13
84062,83998,13
84063,83999,13
84064,83999,12
84065,84000,13
84066,84000,11
84067,84002,14
84068,84002,14
84069,84003,11
84070,84005,14
84071,84005,12
84072,84006,15
84073,84007,12
84074,84007,14
84075,84008,11
84076,84008,15
84077,84010,13
84078,84011,12
84079,84013,15
84080,84015,11
84081,84015,13
84082,84018,12
84083,84019,13
84084,84021,14
84085,84021,11
84086,84022,12
84087,84023,15
84088,84023,14
84089,84025,15
84090,84026,14
84091,84028,14
84092,84030,15
84093,84030,12
84094,84032,11
84095,84032,14
84096,84033,14
84097,84033,12
84098,84034,12
84099,84034,11
84100,84035,13
84101,84035,14
84102,84037,12
84103,84038,14
84104,84038,15
84105,84042,11
84106,84042,12
84107,84043,12
84108,84044,14
84109,84044,12
84110,84045,11
84111,84047,11
84112,84047,13
84113,84048,14
84114,84049,12
84115,84049,15
84116,84050,12
84117,84051,12
84118,84052,14
84119,84052,13
84120,84053,11
84121,84057,13
84122,84057,15
84123,84060,13
84124,84062,12
84125,84062,13
84126,84063,11
84127,84063,15
84128,84065,14
84129,84066,14
84130,84068,11
84131,84068,15
84132,84071,12
84133,84072,14
84134,84072,12
84135,84073,12
84136,84077,14
84137,84078,15
84138,84079,12
84139,84081,11
84140,84084,14
84141,84085,11
84142,84086,11
84143,84087,12
84144,84087,14
84145,84089,13
84146,84089,13
84147,84090,12
84148,84090,14
84149,84092,12
84150,84092,11
84151,84093,14
84152,84093,14
84153,84095,15
84154,84095,13
84155,84097,13
84156,84098,12
84157,84098,15
84158,84100,11
84159,84101,14
84160,84104,11
84161,84104,13
84162,84113,15
84163,84114,15
84164,84114,15
84165,84115,15
84166,84116,15
84167,84116,13
84168,84117,12
84169,84117,12
84170,84118,11
84171,84118,13
84172,84119,12
84173,84120,12
84174,84120,12
84175,84122,12
84176,84123,15
84177,84123,13
84178,84126,11
84179,84126,13
84180,84129,15
84181,84133,15
84182,84137,13
84183,84137,12
84184,84139,15
84185,84140,11
84186,84141,14
84187,84141,14
84188,84143,13
84189,84144,11
84190,84146,14
84191,84148,12
84192,84148,12
84193,84149,15
84194,84151,12
84195,84151,11
84196,84153,14
84197,84155,14
84198,84155,14
84199,84157,15
84200,84163,11
84201,84163,12
84202,84165,15
84203,84165,13
84204,84168,14
84205,84168,15
84206,84170,14
84207,84171,11
84208,84175,11
84209,84175,13
84210,84177,12
84211,84177,14
84212,84179,15
84213,84179,12
84214,84181,15
84215,84181,12
84216,84182,11
84217,84183,15
84218,84183,11
84219,84184,12
84220,84184,15
84221,84185,11
84222,84186,12
84223,84187,11
84224,84188,13
84225,84188,12
84226,84192,15
84227,84193,14
84228,84193,13
84229,84198,11
84230,84198,11
84231,84200,12
84232,84202,12
84233,84202,12
84234,84203,14
84235,84203,14
84236,84204,11
84237,84204,12
84238,84205,11
84239,84205,12
84240,84208,13
84241,84208,15
84242,84209,15
84243,84209,15
84244,84210,13
84245,84210,13
84246,84211,15
84247,84211,12
84248,84213,14
84249,84213,14
84250,84214,13
84251,84214,12
84252,84215,13
84253,84217,14
84254,84218,15
84255,84219,13
84256,84220,11
84257,84221,11
84258,84223,15
84259,84224,15
84260,84227,15
84261,84228,12
84262,84228,13
84263,84229,13
84264,84230,12
84265,84230,11
84266,84231,11
84267,84231,13
84268,84232,15
84269,84233,13
84270,84234,14
84271,84234,15
84272,84235,14
84273,84235,15
84274,84236,15
84275,84236,11
84276,84237,13
84277,84237,12
84278,84238,14
84279,84238,14
84280,84243,12
84281,84246,14
84282,84248,11
84283,84248,13
84284,84251,15
84285,84252,11
84286,84252,14
84287,84254,15
84288,84255,12
84289,84257,14
84290,84258,14
84291,84258,14
84292,84259,12
84293,84259,13
84294,84261,14
84295,84261,12
84296,84263,12
84297,84265,14
84298,84265,13
84299,84267,14
84300,84267,12
84301,84268,11
84302,84270,13
84303,84271,12
84304,84271,11
84305,84272,15
84306,84272,11
84307,84273,12
84308,84274,13
84309,84275,13
84310,84275,11
84311,84276,13
84312,84276,14
84313,84277,11
84314,84279,12
84315,84280,14
84316,84281,13
84317,84282,12
84318,84282,12
84319,84284,12
84320,84284,13
84321,84285,14
84322,84286,13
84323,84287,12
84324,84289,12
84325,84289,11
84326,84290,15
84327,84291,15
84328,84292,11
84329,84293,15
84330,84293,12
84331,84294,12
84332,84295,12
84333,84296,14
84334,84296,14
84335,84297,14
84336,84298,12
84337,84299,13
84338,84300,12
84339,84300,14
84340,84301,11
84341,84301,12
84342,84302,14
84343,84302,13
84344,84303,12
84345,84304,13
84346,84305,12
84347,84305,12
84348,84306,13
84349,84308,14
84350,84310,13
84351,84310,15
84352,84311,11
84353,84311,13
84354,84313,14
84355,84313,14
84356,84314,14
84357,84315,15
84358,84316,15
84359,84317,11
84360,84317,11
84361,84318,15
84362,84318,14
84363,84319,13
84364,84319,15
84365,84321,12
84366,84321,14
84367,84323,13
84368,84324,12
84369,84324,15
84370,84325,11
84371,84325,13
84372,84326,14
84373,84326,11
84374,84328,14
84375,84328,13
84376,84330,11
84377,84331,14
84378,84332,11
84379,84332,13
84380,84333,14
84381,84334,14
84382,84335,14
84383,84336,12
84384,84337,13
84385,84338,12
84386,84339,11
84387,84340,15
84388,84342,11
84389,84344,13
84390,84345,14
84391,84345,13
84392,84348,14
84393,84350,14
84394,84352,14
84395,84352,13
84396,84356,15
84397,84357,12
84398,84357,15
84399,84358,14
84400,84358,14
84401,84359,15
84402,84359,15
84403,84360,13
84404,84365,15
84405,84365,15
84406,84366,14
84407,84370,12
84408,84370,11
84409,84371,14
84410,84371,12
84411,84372,13
84412,84372,14
84413,84373,11
84414,84374,11
84415,84376,15
84416,84377,11
84417,84377,12
84418,84378,13
84419,84378,12
84420,84381,11
84421,84385,12
84422,84385,11
84423,84386,14
84424,84386,15
84425,84387,12
84426,84387,13
84427,84388,15
84428,84388,12
84429,84389,13
84430,84389,11
84431,84391,13
84432,84391,12
84433,84392,11
84434,84392,11
84435,84394,13
84436,84394,12
84437,84395,11
84438,84395,12
84439,84396,13
84440,84397,15
84441,84397,14
84442,84398,11
84443,84399,11
84444,84399,12
84445,84400,15
84446,84400,14
84447,84403,15
84448,84403,15
84449,84405,11
84450,84406,13
84451,84406,15
84452,84408,13
84453,84409,15
84454,84410,14
84455,84410,13
84456,84411,15
84457,84411,13
84458,84412,15
84459,84414,15
84460,84414,11
84461,84420,11
84462,84420,14
84463,84421,14
84464,84421,14
84465,84422,15
84466,84422,11
84467,84423,14
84468,84424,11
84469,84424,12
84470,84426,12
84471,84431,12
84472,84432,12
84473,84432,12
84474,84433,11
84475,84433,11
84476,84435,15
84477,84435,13
84478,84436,11
84479,84436,14
84480,84439,14
84481,84440,14
84482,84440,15
84483,84441,13
84484,84442,11
84485,84442,12
84486,84443,12
84487,84444,14
84488,84444,13
84489,84447,11
84490,84447,13
84491,84450,14
84492,84453,13
84493,84454,14
84494,84457,15
84495,84459,13
84496,84459,13
84497,84461,12
84498,84462,12
84499,84465,12
84500,84469,12
84501,84469,12
84502,84470,14
84503,84470,11
84504,84471,14
84505,84471,12
84506,84472,14
84507,84473,13
84508,84478,14
84509,84481,14
84510,84481,15
84511,84482,14
84512,84483,14
84513,84483,12
84514,84484,15
84515,84486,13
84516,84488,12
84517,84491,12
84518,84491,13
84519,84493,14
84520,84494,14
84521,84494,13
84522,84495,11
84523,84495,12
84524,84496,14
84525,84497,11
84526,84497,14
84527,84499,14
84528,84499,12
84529,84500,14
84530,84501,13
84531,84502,14
84532,84504,15
84533,84506,13
84534,84507,13
84535,84510,12
84536,84512,12
84537,84513,12
84538,84514,13
84539,84515,13
84540,84515,13
84541,84516,12
84542,84521,12
84543,84523,15
84544,84524,11
84545,84525,11
84546,84525,15
84547,84526,12
84548,84526,14
84549,84529,13
84550,84529,12
84551,84531,12
84552,84532,12
84553,84532,14
84554,84536,15
84555,84537,12
84556,84537,13
84557,84538,14
84558,84539,14
84559,84539,11
84560,84540,14
84561,84540,15
84562,84541,12
84563,84541,12
84564,84542,12
84565,84542,14
84566,84543,14
84567,84544,13
84568,84544,15
84569,84545,13
84570,84546,11
84571,84547,15
84572,84552,11
84573,84552,11
84574,84553,12
84575,84554,14
84576,84554,13
84577,84557,15
84578,84558,13
84579,84559,12
84580,84559,11
84581,84560,13
84582,84561,15
84583,84562,15
84584,84562,13
84585,84564,12
84586,84565,14
84587,84566,14
84588,84571,14
84589,84571,12
84590,84572,12
84591,84572,15
84592,84573,15
84593,84574,15
84594,84575,12
84595,84577,14
84596,84577,13
84597,84578,12
84598,84579,13
84599,84579,12
84600,84580,11
84601,84582,11
84602,84583,11
84603,84587,13
84604,84587,12
84605,84589,13
84606,84590,14
84607,84590,15
84608,84591,12
84609,84591,13
84610,84593,11
84611,84593,13
84612,84595,12
84613,84595,14
84614,84597,14
84615,84598,13
84616,84598,15
84617,84599,13
84618,84600,12
84619,84600,11
84620,84601,12
84621,84601,15
84622,84603,11
84623,84603,13
84624,84604,11
84625,84605,13
84626,84605,12
84627,84606,12
84628,84607,13
84629,84608,13
84630,84609,13
84631,84609,15
84632,84611,11
84633,84611,14
84634,84612,15
84635,84613,13
84636,84613,13
84637,84615,14
84638,84617,15
84639,84618,15
84640,84619,13
84641,84619,12
84642,84622,13
84643,84622,11
84644,84623,14
84645,84623,15
84646,84625,15
84647,84626,12
84648,84626,13
84649,84628,11
84650,84628,13
84651,84630,12
84652,84631,13
84653,84634,11
84654,84635,12
84655,84635,12
84656,84636,13
84657,84637,14
84658,84638,14
84659,84638,15
84660,84639,12
84661,84639,13
84662,84642,11
84663,84642,13
84664,84643,15
84665,84645,15
84666,84645,11
84667,84646,14
84668,84647,15
84669,84647,13
84670,84648,13
84671,84650,11
84672,84650,14
84673,84651,15
84674,84651,14
84675,84653,11
84676,84653,12
84677,84655,11
84678,84656,12
84679,84656,14
84680,84657,13
84681,84659,12
84682,84662,13
84683,84664,12
84684,84664,14
84685,84666,12
84686,84666,15
84687,84668,14
84688,84668,12
84689,84669,13
84690,84673,13
84691,84674,11
84692,84675,14
84693,84675,12
84694,84679,11
84695,84680,15
84696,84681,14
84697,84681,11
84698,84685,15
84699,84686,15
84700,84686,13
84701,84687,14
84702,84687,13
84703,84689,13
84704,84689,14
84705,84691,14
84706,84692,13
84707,84692,14
84708,84693,13
84709,84694,14
84710,84694,14
84711,84696,12
84712,84697,15
84713,84698,15
84714,84698,11
84715,84699,13
84716,84700,12
84717,84701,12
84718,84701,15
84719,84702,15
84720,84702,13
84721,84703,14
84722,84705,11
84723,84706,13
84724,84706,12
84725,84710,12
84726,84711,12
84727,84711,15
84728,84714,11
84729,84715,12
84730,84715,12
84731,84716,15
84732,84717,12
84733,84717,12
84734,84719,11
84735,84720,12
84736,84721,15
84737,84721,14
84738,84722,15
84739,84723,15
84740,84724,15
84741,84724,14
84742,84726,15
84743,84726,11
84744,84727,14
84745,84727,11
84746,84730,15
84747,84730,12
84748,84731,12
84749,84732,13
84750,84733,15
84751,84733,13
84752,84734,13
84753,84735,13
84754,84736,15
84755,84736,11
84756,84738,14
84757,84738,12
84758,84739,11
84759,84740,14
84760,84740,14
84761,84742,12
84762,84742,15
84763,84743,14
84764,84744,13
84765,84744,12
84766,84747,15
84767,84747,12
84768,84748,11
84769,84749,15
84770,84749,13
84771,84750,15
84772,84750,12
84773,84753,11
84774,84753,15
84775,84754,11
84776,84754,14
84777,84755,14
84778,84755,14
84779,84759,15
84780,84760,11
84781,84764,12
84782,84766,13
84783,84766,13
84784,84767,14
84785,84772,11
84786,84772,14
84787,84776,15
84788,84776,11
84789,84778,13
84790,84778,15
84791,84779,14
84792,84780,11
84793,84781,12
84794,84781,12
84795,84783,12
84796,84783,12
84797,84784,15
84798,84784,14
84799,84785,11
84800,84786,12
84801,84787,13
84802,84788,12
84803,84791,15
84804,84791,14
84805,84793,14
84806,84793,11
84807,84795,15
84808,84795,14
84809,84796,14
84810,84797,15
84811,84797,11
84812,84799,13
84813,84800,11
84814,84801,11
84815,84801,13
84816,84802,14
84817,84802,15
84818,84803,12
84819,84804,13
84820,84804,13
84821,84805,12
84822,84805,13
84823,84806,15
84824,84806,14
84825,84809,12
84826,84810,14
84827,84812,15
84828,84813,14
84829,84813,15
84830,84815,14
84831,84815,13
84832,84819,13
84833,84819,13
84834,84820,12
84835,84821,13
84836,84821,12
84837,84824,11
84838,84824,12
84839,84825,13
84840,84829,13
84841,84829,14
84842,84832,11
84843,84833,13
84844,84833,14
84845,84834,13
84846,84835,15
84847,84836,13
84848,84838,15
84849,84838,11
84850,84840,11
84851,84840,11
84852,84841,15
84853,84843,12
84854,84843,15
84855,84844,15
84856,84844,11
84857,84847,14
84858,84849,15
84859,84851,15
84860,84852,11
84861,84852,12
84862,84854,11
84863,84855,14
84864,84855,14
84865,84858,12
84866,84861,11
84867,84864,14
84868,84868,12
84869,84868,11
84870,84869,13
84871,84869,13
84872,84870,11
84873,84872,14
84874,84875,13
84875,84877,12
84876,84879,11
84877,84884,14
84878,84885,15
84879,84886,14
84880,84888,13
84881,84889,11
84882,84892,12
84883,84892,11
84884,84894,11
84885,84895,13
84886,84895,12
84887,84896,11
84888,84896,12
84889,84897,11
84890,84898,11
84891,84899,13
84892,84901,14
84893,84902,11
84894,84902,11
84895,84903,12
84896,84904,13
84897,84906,14
84898,84908,12
84899,84909,13
84900,84909,15
84901,84913,13
84902,84913,13
84903,84914,14
84904,84916,12
84905,84916,14
84906,84917,11
84907,84917,11
84908,84919,11
84909,84920,13
84910,84921,14
84911,84922,13
84912,84922,13
84913,84924,11
84914,84924,11
84915,84925,15
84916,84925,13
84917,84927,15
84918,84927,13
84919,84928,14
84920,84930,13
84921,84931,12
84922,84931,11
84923,84933,11
84924,84933,12
84925,84934,13
84926,84935,11
84927,84940,14
84928,84940,12
84929,84941,11
84930,84941,11
84931,84942,11
84932,84942,13
84933,84943,11
84934,84944,15
84935,84944,13
84936,84945,11
84937,84946,12
84938,84946,15
84939,84947,11
84940,84947,14
84941,84949,11
84942,84951,11
84943,84954,13
84944,84954,14
84945,84955,15
84946,84956,14
84947,84956,14
84948,84962,11
84949,84962,12
84950,84963,14
84951,84963,13
84952,84965,15
84953,84966,14
84954,84966,15
84955,84967,12
84956,84967,12
84957,84970,12
84958,84971,12
84959,84971,11
84960,84973,15
84961,84975,11
84962,84976,12
84963,84976,11
84964,84977,13
84965,84978,14
84966,84978,13
84967,84979,12
84968,84980,14
84969,84980,13
84970,84982,13
84971,84982,11
84972,84984,13
84973,84985,13
84974,84985,11
84975,84988,11
84976,84989,12
84977,84989,13
84978,84991,15
84979,84992,14
84980,84993,14
84981,84996,13
84982,84997,15
84983,84998,15
84984,84998,11
84985,85000,14
84986,85001,14
84987,85004,15
84988,85005,12
84989,85005,14
84990,85006,15
84991,85006,11
84992,85008,13
84993,85008,13
84994,85010,11
84995,85011,12
84996,85012,13
84997,85014,14
84998,85014,14
84999,85016,15
85000,85017,15
85001,85017,12
85002,85018,14
85003,85019,14
85004,85019,15
85005,85021,13
85006,85022,13
85007,85024,12
85008,85024,14
85009,85025,13
85010,85026,14
85011,85027,12
85012,85027,14
85013,85029,14
85014,85032,14
85015,85033,11
85016,85034,15
85017,85035,12
85018,85035,11
85019,85036,12
85020,85037,14
85021,85038,11
85022,85040,14
85023,85040,11
85024,85042,11
85025,85042,11
85026,85043,13
85027,85046,11
85028,85046,13
85029,85047,14
85030,85047,15
85031,85048,11
85032,85048,11
85033,85049,14
85034,85049,11
85035,85051,15
85036,85052,12
85037,85052,14
85038,85054,11
85039,85054,14
85040,85055,13
85041,85057,14
85042,85057,13
85043,85060,12
85044,85060,14
85045,85061,14
85046,85061,13
85047,85062,15
85048,85062,15
85049,85063,12
85050,85064,11
85051,85065,11
85052,85065,14
85053,85066,15
85054,85066,14
85055,85067,14
85056,85067,13
85057,85068,14
85058,85068,13
85059,85069,12
85060,85069,14
85061,85070,11
85062,85070,15
85063,85074,12
85064,85074,14
85065,85077,15
85066,85077,14
85067,85078,13
85068,85079,14
85069,85079,14
85070,85080,12
85071,85080,11
85072,85081,14
85073,85082,13
85074,85082,15
85075,85083,13
85076,85086,12
85077,85088,15
85078,85088,13
85079,85089,13
85080,85089,15
85081,85091,15
85082,85091,14
85083,85094,14
85084,85094,12
85085,85097,13
85086,85097,14
85087,85099,14
85088,85099,14
85089,85100,14
85090,85100,12
85091,85101,15
85092,85103,11
85093,85103,14
85094,85105,11
85095,85106,15
85096,85108,12
85097,85110,13
85098,85111,14
85099,85111,11
85100,85113,11
85101,85113,14
85102,85115,13
85103,85117,13
85104,85117,15
85105,85118,13
85106,85118,14
85107,85119,13
85108,85119,14
85109,85120,11
85110,85121,14
85111,85123,13
85112,85123,15
85113,85124,14
85114,85125,15
85115,85126,13
85116,85126,13
85117,85129,11
85118,85131,12
85119,85131,12
85120,85132,15
85121,85132,11
85122,85133,13
85123,85133,11
85124,85136,15
85125,85136,14
85126,85138,11
85127,85138,15
85128,85139,14
85129,85140,15
85130,85140,15
85131,85141,15
85132,85142,15
85133,85143,12
85134,85144,12
85135,85145,12
85136,85147,14
85137,85147,14
85138,85149,13
85139,85149,13
85140,85152,13
85141,85152,12
85142,85153,14
85143,85153,13
85144,85155,14
85145,85155,11
85146,85156,13
85147,85156,14
85148,85157,13
85149,85160,13
85150,85161,12
85151,85161,13
85152,85162,12
85153,85163,13
85154,85164,12
85155,85165,14
85156,85165,12
85157,85166,12
85158,85166,12
85159,85167,11
85160,85167,14
85161,85169,12
85162,85169,11
85163,85170,11
85164,85173,13
85165,85173,15
85166,85174,11
85167,85175,13
85168,85175,15
85169,85176,15
85170,85176,11
85171,85177,11
85172,85177,11
85173,85180,14
85174,85181,15
85175,85181,13
85176,85183,15
85177,85185,15
85178,85185,14
85179,85186,11
85180,85186,14
85181,85188,15
85182,85189,12
85183,85189,15
85184,85190,13
85185,85191,15
85186,85192,13
85187,85192,14
85188,85193,11
85189,85194,13
85190,85195,14
85191,85195,14
85192,85197,11
85193,85198,13
85194,85199,14
85195,85199,11
85196,85201,14
85197,85201,12
85198,85202,12
85199,85203,13
85200,85203,12
85201,85205,12
85202,85207,11
85203,85209,13
85204,85213,13
85205,85214,11
85206,85214,15
85207,85215,12
85208,85215,12
85209,85216,14
85210,85217,14
85211,85218,12
85212,85220,15
85213,85220,12
85214,85221,11
85215,85223,13
85216,85223,15
85217,85225,15
85218,85225,11
85219,85227,13
85220,85229,15
85221,85230,12
85222,85235,11
85223,85236,14
85224,85237,12
85225,85237,13
85226,85240,14
85227,85242,14
85228,85242,15
85229,85243,15
85230,85246,14
85231,85247,12
85232,85248,14
85233,85249,15
85234,85249,14
85235,85250,15
85236,85251,11
85237,85251,11
85238,85254,12
85239,85254,14
85240,85255,15
85241,85255,13
85242,85256,13
85243,85256,15
85244,85259,14
85245,85259,13
85246,85260,11
85247,85260,11
85248,85261,11
85249,85264,15
85250,85264,14
85251,85266,13
85252,85266,13
85253,85267,14
85254,85267,12
85255,85269,12
85256,85269,13
85257,85271,13
85258,85271,13
85259,85273,15
85260,85273,12
85261,85274,11
85262,85275,15
85263,85276,12
85264,85277,15
85265,85277,14
85266,85280,14
85267,85280,14
85268,85282,14
85269,85282,11
85270,85283,13
85271,85283,13
85272,85284,15
85273,85284,15
85274,85285,13
85275,85286,11
85276,85286,14
85277,85287,13
85278,85288,11
85279,85288,11
85280,85289,13
85281,85289,12
85282,85291,15
85283,85291,11
85284,85294,14
85285,85294,12
85286,85295,11
85287,85297,11
85288,85297,12
85289,85298,14
85290,85298,11
85291,85301,14
85292,85301,13
85293,85302,15
85294,85303,12
85295,85303,12
85296,85304,14
85297,85304,11
85298,85306,13
85299,85306,15
85300,85307,15
85301,85307,12
85302,85308,12
85303,85308,14
85304,85309,14
85305,85309,15
85306,85310,15
85307,85310,13
85308,85311,11
85309,85312,13
85310,85312,11
85311,85314,15
85312,85315,14
85313,85316,15
85314,85316,13
85315,85319,15
85316,85319,15
85317,85323,14
85318,85323,13
85319,85325,14
85320,85325,15
85321,85327,15
85322,85327,11
85323,85328,15
85324,85329,14
85325,85330,15
85326,85330,12
85327,85331,11
85328,85331,11
85329,85332,12
85330,85332,12
85331,85333,15
85332,85333,13
85333,85334,14
85334,85334,11
85335,85335,13
85336,85335,11
85337,85336,12
85338,85337,11
85339,85338,14
85340,85340,12
85341,85341,14
85342,85342,11
85343,85344,14
85344,85345,13
85345,85346,14
85346,85346,13
85347,85347,11
85348,85348,11
85349,85348,15
85350,85350,11
85351,85350,14
85352,85352,14
85353,85353,13
85354,85354,15
85355,85354,12
85356,85355,12
85357,85355,15
85358,85357,15
85359,85358,14
85360,85360,14
85361,85363,14
85362,85363,12
85363,85364,15
85364,85365,12
85365,85365,14
85366,85366,12
85367,85367,15
85368,85369,13
85369,85369,13
85370,85370,11
85371,85371,14
85372,85371,15
85373,85372,13
85374,85374,15
85375,85374,11
85376,85375,15
85377,85377,13
85378,85377,13
85379,85379,14
85380,85381,13
85381,85384,12
85382,85384,12
85383,85385,15
85384,85385,12
85385,85386,13
85386,85388,15
85387,85391,11
85388,85391,15
85389,85392,15
85390,85394,13
85391,85395,11
85392,85397,13
85393,85398,14
85394,85398,14
85395,85399,14
85396,85399,11
85397,85402,12
85398,85403,13
85399,85405,12
85400,85405,13
85401,85406,12
85402,85407,15
85403,85409,14
85404,85409,13
85405,85410,12
85406,85410,14
85407,85411,14
85408,85411,11
85409,85414,13
85410,85414,12
85411,85415,13
85412,85415,11
85413,85416,13
85414,85416,12
85415,85419,12
85416,85420,13
85417,85421,13
85418,85421,13
85419,85422,14
85420,85422,15
85421,85424,14
85422,85425,12
85423,85425,11
85424,85427,13
85425,85427,11
85426,85428,13
85427,85429,15
85428,85429,14
85429,85435,11
85430,85438,14
85431,85439,11
85432,85440,15
85433,85441,15
85434,85441,14
85435,85447,11
85436,85447,14
85437,85449,11
85438,85449,14
85439,85451,15
85440,85452,13
85441,85453,14
85442,85453,11
85443,85455,12
85444,85455,14
85445,85456,15
85446,85457,12
85447,85460,13
85448,85461,13
85449,85461,13
85450,85462,12
85451,85462,15
85452,85463,12
85453,85464,12
85454,85465,14
85455,85466,12
85456,85466,11
85457,85467,11
85458,85469,15
85459,85469,12
85460,85470,12
85461,85470,14
85462,85473,11
85463,85473,11
85464,85474,13
85465,85474,15
85466,85475,12
85467,85475,11
85468,85476,14
85469,85476,12
85470,85479,14
85471,85481,12
85472,85483,11
85473,85485,15
85474,85486,11
85475,85486,14
85476,85487,13
85477,85488,12
85478,85488,12
85479,85489,14
85480,85490,13
85481,85491,11
85482,85491,14
85483,85493,15
85484,85494,11
85485,85494,15
85486,85496,11
85487,85497,12
85488,85497,12
85489,85498,12
85490,85498,14
85491,85501,12
85492,85503,15
85493,85505,15
85494,85505,12
85495,85507,14
85496,85507,15
85497,85509,11
85498,85509,13
85499,85510,15
85500,85510,15
85501,85512,12
85502,85512,15
85503,85513,13
85504,85513,13
85505,85514,15
85506,85514,11
85507,85515,13
85508,85516,12
85509,85518,15
85510,85519,15
85511,85520,14
85512,85522,14
85513,85523,11
85514,85523,15
85515,85525,14
85516,85528,15
85517,85529,14
85518,85530,12
85519,85530,11
85520,85531,15
85521,85532,15
85522,85532,15
85523,85533,11
85524,85533,13
85525,85534,13
85526,85535,14
85527,85537,15
85528,85537,13
85529,85538,13
85530,85540,14
85531,85540,15
85532,85541,11
85533,85541,12
85534,85542,14
85535,85542,11
85536,85543,14
85537,85543,15
85538,85544,13
85539,85544,12
85540,85546,11
85541,85546,11
85542,85548,11
85543,85548,12
85544,85552,15
85545,85552,14
85546,85553,13
85547,85554,14
85548,85554,12
85549,85556,15
85550,85557,15
85551,85558,12
85552,85559,14
85553,85559,12
85554,85560,11
85555,85562,13
85556,85563,12
85557,85563,15
85558,85566,12
85559,85568,14
85560,85568,13
85561,85569,15
85562,85570,13
85563,85570,13
85564,85571,14
85565,85572,11
85566,85572,13
85567,85575,15
85568,85577,15
85569,85578,14
85570,85578,11
85571,85579,15
85572,85579,14
85573,85581,14
85574,85581,11
85575,85583,13
85576,85583,12
85577,85584,12
85578,85584,12
85579,85587,15
85580,85588,15
85581,85588,11
85582,85589,13
85583,85589,14
85584,85594,11
85585,85597,13
85586,85597,14
85587,85598,13
85588,85599,12
85589,85599,15
85590,85600,11
85591,85601,15
85592,85601,13
85593,85606,11
85594,85607,15
85595,85608,13
85596,85608,14
85597,85609,14
85598,85610,11
85599,85612,11
85600,85613,15
85601,85613,12
85602,85614,11
85603,85615,13
85604,85616,13
85605,85616,11
85606,85617,14
85607,85619,13
85608,85621,14
85609,85621,15
85610,85622,12
85611,85623,14
85612,85623,13
85613,85624,12
85614,85625,13
85615,85625,11
85616,85626,15
85617,85626,13
85618,85628,11
85619,85629,13
85620,85630,12
85621,85632,15
85622,85633,13
85623,85633,13
85624,85634,13
85625,85635,14
85626,85636,11
85627,85637,12
85628,85638,14
85629,85638,12
85630,85639,15
85631,85639,14
85632,85640,14
85633,85640,11
85634,85642,13
85635,85643,15
85636,85643,13
85637,85644,12
85638,85645,12
85639,85645,13
85640,85646,12
85641,85646,12
85642,85647,14
85643,85647,12
85644,85648,14
85645,85648,15
85646,85649,12
85647,85653,11
85648,85655,11
85649,85656,13
85650,85658,15
85651,85659,11
85652,85659,12
85653,85660,14
85654,85661,15
85655,85661,13
85656,85662,14
85657,85666,12
85658,85666,15
85659,85667,13
85660,85668,15
85661,85669,14
85662,85670,12
85663,85670,13
85664,85672,12
85665,85673,15
85666,85673,15
85667,85674,13
85668,85675,15
85669,85675,11
85670,85676,14
85671,85677,13
85672,85677,13
85673,85678,15
85674,85679,12
85675,85681,12
85676,85681,11
85677,85683,15
85678,85683,14
85679,85686,12
85680,85686,11
85681,85687,14
85682,85687,14
85683,85688,14
85684,85689,11
85685,85689,15
85686,85690,15
85687,85690,15
85688,85691,13
85689,85691,11
85690,85692,12
85691,85692,15
85692,85694,13
85693,85695,11
85694,85695,15
85695,85697,12
85696,85698,15
85697,85698,13
85698,85699,11
85699,85702,12
85700,85702,14
85701,85704,12
85702,85705,11
85703,85705,11
85704,85708,13
85705,85709,14
85706,85709,12
85707,85713,14
85708,85713,11
85709,85714,13
85710,85715,15
85711,85719,11
85712,85722,11
85713,85724,13
85714,85728,12
85715,85728,13
85716,85730,14
85717,85731,13
85718,85731,14
85719,85732,15
85720,85732,11
85721,85733,15
85722,85735,11
85723,85735,14
85724,85738,14
85725,85739,13
85726,85740,12
85727,85741,13
85728,85741,11
85729,85742,13
85730,85742,13
85731,85744,15
85732,85744,11
85733,85745,11
85734,85745,13
85735,85747,14
85736,85747,11
85737,85748,12
85738,85748,14
85739,85751,14
85740,85751,14
85741,85752,14
85742,85752,13
85743,85753,11
85744,85754,11
85745,85755,12
85746,85755,14
85747,85756,15
85748,85757,15
85749,85757,15
85750,85759,12
85751,85759,13
85752,85761,14
85753,85766,13
85754,85766,11
85755,85767,11
85756,85767,13
85757,85768,15
85758,85768,15
85759,85769,12
85760,85769,13
85761,85773,15
85762,85773,14
85763,85774,11
85764,85775,14
85765,85776,13
85766,85776,13
85767,85777,11
85768,85777,11
85769,85781,13
85770,85781,13
85771,85783,15
85772,85785,12
85773,85786,15
85774,85789,13
85775,85790,15
85776,85790,14
85777,85793,15
85778,85793,15
85779,85795,13
85780,85796,14
85781,85797,11
85782,85798,15
85783,85800,11
85784,85804,11
85785,85804,11
85786,85805,13
85787,85806,15
85788,85807,14
85789,85807,14
85790,85808,11
85791,85808,12
85792,85809,12
85793,85810,11
85794,85813,15
85795,85816,11
85796,85816,11
85797,85822,14
85798,85822,12
85799,85825,14
85800,85825,11
85801,85827,12
85802,85827,11
85803,85828,12
85804,85828,14
85805,85830,13
85806,85830,11
85807,85831,14
85808,85832,11
85809,85833,11
85810,85833,12
85811,85834,11
85812,85834,14
85813,85835,11
85814,85836,12
85815,85836,15
85816,85840,12
85817,85840,15
85818,85841,15
85819,85841,11
85820,85842,14
85821,85842,15
85822,85843,15
85823,85843,15
85824,85844,11
85825,85844,12
85826,85846,14
85827,85848,14
85828,85848,11
85829,85849,14
85830,85850,12
85831,85850,15
85832,85854,13
85833,85854,13
85834,85856,13
85835,85856,15
85836,85858,13
85837,85859,14
85838,85859,11
85839,85861,14
85840,85861,12
85841,85862,12
85842,85862,12
85843,85864,15
85844,85864,11
85845,85865,14
85846,85867,12
85847,85869,14
85848,85870,15
85849,85871,11
85850,85872,12
85851,85872,13
85852,85873,15
85853,85873,13
85854,85876,13
85855,85877,14
85856,85878,15
85857,85878,13
85858,85879,14
85859,85880,11
85860,85881,12
85861,85882,12
85862,85882,12
85863,85883,14
85864,85885,13
85865,85886,15
85866,85889,15
85867,85890,12
85868,85891,11
85869,85892,15
85870,85893,11
85871,85893,13
85872,85894,14
85873,85894,11
85874,85895,14
85875,85896,15
85876,85897,14
85877,85897,13
85878,85898,13
85879,85899,11
85880,85900,14
85881,85900,12
85882,85901,14
85883,85902,14
85884,85902,14
85885,85904,11
85886,85904,12
85887,85905,13
85888,85906,11
85889,85907,12
85890,85907,12
85891,85910,13
85892,85910,11
85893,85911,13
85894,85912,14
85895,85913,12
85896,85913,15
85897,85915,13
85898,85915,13
85899,85917,13
85900,85917,13
85901,85918,14
85902,85918,15
85903,85919,13
85904,85920,11
85905,85921,11
85906,85921,13
85907,85922,15
85908,85923,14
85909,85924,14
85910,85925,13
85911,85925,14
85912,85927,12
85913,85927,12
85914,85930,13
85915,85930,14
85916,85933,12
85917,85935,11
85918,85935,11
85919,85936,14
85920,85937,12
85921,85938,12
85922,85938,12
85923,85941,11
85924,85941,11
85925,85943,11
85926,85943,11
85927,85944,13
85928,85944,11
85929,85945,11
85930,85946,13
85931,85946,14
85932,85947,13
85933,85948,13
85934,85949,12
85935,85949,12
85936,85950,11
85937,85951,15
85938,85951,13
85939,85953,15
85940,85954,15
85941,85955,11
85942,85955,15
85943,85957,12
85944,85961,11
85945,85962,14
85946,85962,13
85947,85966,15
85948,85967,12
85949,85968,13
85950,85969,15
85951,85970,14
85952,85970,15
85953,85971,11
85954,85972,13
85955,85972,12
85956,85973,14
85957,85973,14
85958,85975,15
85959,85975,12
85960,85976,14
85961,85976,15
85962,85977,13
85963,85978,13
85964,85979,15
85965,85979,14
85966,85980,11
85967,85981,13
85968,85981,13
85969,85982,15
85970,85983,15
85971,85983,11
85972,85985,15
85973,85985,15
85974,85987,14
85975,85989,12
85976,85989,15
85977,85992,14
85978,85994,12
85979,85994,14
85980,85995,12
85981,85995,11
85982,85996,11
85983,85998,12
85984,85998,14
85985,85999,15
85986,85999,13
85987,86002,12
85988,86005,15
85989,86005,13
85990,86007,15
85991,86008,12
85992,86008,11
85993,86009,13
85994,86010,14
85995,86012,14
85996,86012,12
85997,86013,13
85998,86014,14
85999,86014,15
86000,86016,14
86001,86017,13
86002,86018,11
86003,86019,11
86004,86019,15
86005,86020,12
86006,86020,14
86007,86021,11
86008,86021,14
86009,86022,13
86010,86022,14
86011,86023,15
86012,86024,11
86013,86024,13
86014,86025,14
86015,86028,14
86016,86030,11
86017,86034,11
86018,86035,11
86019,86036,15
86020,86038,11
86021,86038,14
86022,86043,13
86023,86043,12
86024,86045,11
86025,86046,15
86026,86048,13
86027,86048,15
86028,86049,14
86029,86051,14
86030,86052,14
86031,86052,12
86032,86054,13
86033,86054,14
86034,86055,14
86035,86055,11
86036,86057,15
86037,86057,14
86038,86059,11
86039,86060,14
86040,86060,11
86041,86061,14
86042,86061,15
86043,86062,12
86044,86064,11
86045,86064,12
86046,86065,11
86047,86066,12
86048,86066,12
86049,86067,15
86050,86067,11
86051,86068,11
86052,86068,11
86053,86069,11
86054,86071,15
86055,86073,11
86056,86073,11
86057,86074,12
86058,86074,14
86059,86077,13
86060,86077,13
86061,86079,13
86062,86079,13
86063,86080,11
86064,86080,15
86065,86081,12
86066,86085,15
86067,86085,11
86068,86088,12
86069,86088,15
86070,86089,14
86071,86089,15
86072,86090,12
86073,86091,13
86074,86091,12
86075,86092,11
86076,86092,15
86077,86094,13
86078,86094,11
86079,86095,12
86080,86095,15
86081,86096,11
86082,86096,14
86083,86097,15
86084,86097,11
86085,86098,13
86086,86099,12
86087,86099,14
86088,86100,15
86089,86101,14
86090,86102,13
86091,86102,15
86092,86105,14
86093,86105,12
86094,86106,13
86095,86106,14
86096,86107,12
86097,86107,14
86098,86108,14
86099,86108,11
86100,86109,13
86101,86110,15
86102,86110,14
86103,86111,11
86104,86112,13
86105,86112,11
86106,86113,12
86107,86115,11
86108,86116,14
86109,86117,15
86110,86118,14
86111,86118,15
86112,86119,11
86113,86120,12
86114,86120,11
86115,86121,14
86116,86122,15
86117,86122,15
86118,86124,14
86119,86125,12
86120,86126,12
86121,86128,13
86122,86130,12
86123,86131,14
86124,86131,15
86125,86133,14
86126,86133,14
86127,86135,13
86128,86135,13
86129,86136,12
86130,86136,11
86131,86138,13
86132,86138,12
86133,86139,12
86134,86141,12
86135,86143,12
86136,86145,14
86137,86146,12
86138,86147,14
86139,86148,14
86140,86148,13
86141,86149,11
86142,86150,14
86143,86151,11
86144,86151,14
86145,86152,13
86146,86152,15
86147,86154,11
86148,86155,15
86149,86155,12
86150,86156,15
86151,86156,12
86152,86158,11
86153,86158,14
86154,86159,14
86155,86159,13
86156,86160,14
86157,86162,12
86158,86163,13
86159,86164,14
86160,86165,12
86161,86167,14
86162,86171,14
86163,86172,13
86164,86172,15
86165,86173,12
86166,86173,11
86167,86174,15
86168,86175,12
86169,86176,14
86170,86177,12
86171,86177,12
86172,86178,13
86173,86179,13
86174,86180,14
86175,86180,12
86176,86182,11
86177,86184,11
86178,86185,15
86179,86185,15
86180,86186,15
86181,86188,11
86182,86189,14
86183,86190,11
86184,86190,12
86185,86192,14
86186,86192,11
86187,86196,14
86188,86196,13
86189,86197,14
86190,86197,14
86191,86198,11
86192,86198,13
86193,86202,14
86194,86202,11
86195,86204,11
86196,86207,12
86197,86207,13
86198,86208,12
86199,86209,15
86200,86209,14
86201,86211,13
86202,86211,12
86203,86212,11
86204,86215,12
86205,86215,15
86206,86216,11
86207,86216,11
86208,86219,12
86209,86221,13
86210,86221,14
86211,86222,11
86212,86222,12
86213,86223,15
86214,86225,12
86215,86225,12
86216,86226,15
86217,86226,14
86218,86227,12
86219,86227,12
86220,86228,14
86221,86228,14
86222,86229,11
86223,86229,11
86224,86231,11
86225,86232,14
86226,86234,11
86227,86235,11
86228,86236,11
86229,86236,13
86230,86237,15
86231,86238,12
86232,86238,12
86233,86239,13
86234,86242,14
86235,86243,14
86236,86244,12
86237,86244,11
86238,86245,14
86239,86245,12
86240,86249,15
86241,86249,12
86242,86250,14
86243,86251,15
86244,86252,15
86245,86253,12
86246,86253,15
86247,86255,15
86248,86255,13
86249,86256,14
86250,86256,11
86251,86257,14
86252,86257,13
86253,86258,14
86254,86258,15
86255,86260,11
86256,86261,13
86257,86262,11
86258,86264,11
86259,86264,11
86260,86265,14
86261,86266,11
86262,86266,12
86263,86267,11
86264,86268,15
86265,86268,13
86266,86269,12
86267,86269,13
86268,86270,15
86269,86271,15
86270,86272,14
86271,86273,13
86272,86274,14
86273,86275,14
86274,86276,15
86275,86276,12
86276,86278,11
86277,86278,13
86278,86281,13
86279,86281,15
86280,86286,14
86281,86287,15
86282,86287,14
86283,86289,14
86284,86289,11
86285,86290,13
86286,86290,15
86287,86291,14
86288,86291,15
86289,86292,15
86290,86292,14
86291,86294,12
86292,86294,13
86293,86295,13
86294,86295,12
86295,86298,14
86296,86299,13
86297,86300,14
86298,86300,13
86299,86302,15
86300,86303,11
86301,86305,13
86302,86307,15
86303,86307,11
86304,86308,14
86305,86308,11
86306,86309,15
86307,86309,11
86308,86310,13
86309,86310,11
86310,86311,14
86311,86312,15
86312,86312,15
86313,86314,14
86314,86314,15
86315,86316,15
86316,86317,11
86317,86317,14
86318,86318,13
86319,86319,13
86320,86320,12
86321,86320,15
86322,86321,11
86323,86321,12
86324,86324,12
86325,86324,15
86326,86326,11
86327,86326,13
86328,86328,12
86329,86333,11
86330,86334,11
86331,86335,14
86332,86335,15
86333,86337,13
86334,86337,13
86335,86339,11
86336,86340,15
86337,86342,11
86338,86342,13
86339,86344,15
86340,86344,13
86341,86348,12
86342,86348,11
86343,86350,15
86344,86351,13
86345,86351,14
86346,86352,13
86347,86353,11
86348,86354,11
86349,86354,13
86350,86355,13
86351,86355,13
86352,86356,13
86353,86357,12
86354,86357,11
86355,86358,14
86356,86359,11
86357,86360,12
86358,86361,12
86359,86364,12
86360,86366,15
86361,86368,13
86362,86368,14
86363,86371,14
86364,86373,14
86365,86373,14
86366,86374,14
86367,86375,14
86368,86377,13
86369,86378,15
86370,86379,14
86371,86380,15
86372,86381,11
86373,86381,13
86374,86382,12
86375,86383,14
86376,86384,11
86377,86384,11
86378,86386,15
86379,86386,11
86380,86387,11
86381,86390,15
86382,86390,15
86383,86391,15
86384,86391,15
86385,86392,11
86386,86392,13
86387,86394,14
86388,86395,12
86389,86396,14
86390,86397,15
86391,86397,11
86392,86399,12
86393,86402,14
86394,86403,15
86395,86405,11
86396,86406,12
86397,86410,14
86398,86411,15
86399,86412,13
86400,86415,15
86401,86416,12
86402,86416,14
86403,86417,14
86404,86417,12
86405,86418,14
86406,86418,12
86407,86419,15
86408,86421,12
86409,86424,12
86410,86426,13
86411,86426,15
86412,86428,13
86413,86428,13
86414,86429,11
86415,86429,14
86416,86430,13
86417,86430,12
86418,86431,13
86419,86431,14
86420,86434,13
86421,86435,13
86422,86435,13
86423,86436,11
86424,86437,13
86425,86438,15
86426,86440,15
86427,86441,13
86428,86441,12
86429,86442,11
86430,86443,15
86431,86443,12
86432,86444,15
86433,86444,11
86434,86445,13
86435,86445,11
86436,86446,15
86437,86449,14
86438,86449,13
86439,86450,13
86440,86451,12
86441,86451,12
86442,86452,15
86443,86452,13
86444,86453,12
86445,86454,13
86446,86454,11
86447,86455,12
86448,86455,12
86449,86456,14
86450,86458,12
86451,86458,15
86452,86459,15
86453,86459,15
86454,86461,12
86455,86461,14
86456,86463,11
86457,86463,11
86458,86464,13
86459,86465,14
86460,86466,13
86461,86470,15
86462,86471,15
86463,86471,13
86464,86473,14
86465,86473,13
86466,86474,15
86467,86475,13
86468,86475,14
86469,86478,14
86470,86478,13
86471,86479,11
86472,86479,13
86473,86482,11
86474,86482,14
86475,86483,12
86476,86486,15
86477,86486,12
86478,86489,13
86479,86490,14
86480,86490,11
86481,86491,11
86482,86492,12
86483,86493,12
86484,86498,12
86485,86499,14
86486,86499,15
86487,86500,11
86488,86500,14
86489,86501,13
86490,86503,12
86491,86504,12
86492,86505,14
86493,86508,15
86494,86509,15
86495,86509,15
86496,86511,11
86497,86511,14
86498,86513,14
86499,86513,13
86500,86514,12
86501,86516,11
86502,86516,13
86503,86517,14
86504,86517,13
86505,86522,14
86506,86522,15
86507,86523,15
86508,86523,13
86509,86525,14
86510,86526,11
86511,86527,11
86512,86528,15
86513,86529,13
86514,86529,11
86515,86531,13
86516,86531,13
86517,86532,11
86518,86533,14
86519,86533,13
86520,86537,11
86521,86539,13
86522,86540,11
86523,86540,12
86524,86541,15
86525,86541,11
86526,86542,13
86527,86544,12
86528,86546,15
86529,86547,15
86530,86550,14
86531,86550,15
86532,86551,13
86533,86552,15
86534,86552,12
86535,86553,14
86536,86553,12
86537,86554,15
86538,86554,14
86539,86555,14
86540,86556,13
86541,86557,13
86542,86557,11
86543,86558,15
86544,86558,15
86545,86559,11
86546,86560,13
86547,86560,15
86548,86561,11
86549,86561,15
86550,86562,13
86551,86562,13
86552,86564,12
86553,86565,12
86554,86567,14
86555,86568,13
86556,86569,11
86557,86569,15
86558,86571,12
86559,86571,14
86560,86574,11
86561,86574,13
86562,86575,14
86563,86576,11
86564,86577,11
86565,86578,12
86566,86579,14
86567,86580,12
86568,86581,15
86569,86581,11
86570,86585,14
86571,86585,15
86572,86586,12
86573,86588,14
86574,86591,15
86575,86591,15
86576,86592,14
86577,86592,15
86578,86593,14
86579,86594,11
86580,86595,14
86581,86596,12
86582,86597,12
86583,86598,14
86584,86598,11
86585,86599,12
86586,86600,12
86587,86600,13
86588,86601,13
86589,86601,11
86590,86603,11
86591,86603,12
86592,86605,13
86593,86605,14
86594,86607,15
86595,86607,12
86596,86608,14
86597,86608,15
86598,86611,12
86599,86611,14
86600,86613,11
86601,86614,13
86602,86615,11
86603,86616,12
86604,86616,11
86605,86617,15
86606,86617,12
86607,86619,12
86608,86619,11
86609,86621,11
86610,86622,11
86611,86623,11
86612,86623,13
86613,86624,12
86614,86625,13
86615,86626,12
86616,86627,14
86617,86627,12
86618,86629,11
86619,86629,14
86620,86630,15
86621,86630,14
86622,86633,13
86623,86633,13
86624,86634,12
86625,86634,13
86626,86635,15
86627,86637,13
86628,86638,11
86629,86639,13
86630,86639,11
86631,86641,14
86632,86641,14
86633,86643,12
86634,86643,12
86635,86644,13
86636,86644,11
86637,86645,15
86638,86645,15
86639,86647,15
86640,86647,15
86641,86648,11
86642,86649,15
86643,86649,12
86644,86650,13
86645,86650,13
86646,86652,14
86647,86652,12
86648,86653,12
86649,86654,11
86650,86654,14
86651,86655,11
86652,86656,14
86653,86656,13
86654,86657,15
86655,86658,15
86656,86659,15
86657,86659,13
86658,86660,15
86659,86660,15
86660,86661,14
86661,86663,14
86662,86663,14
86663,86666,12
86664,86666,15
86665,86667,12
86666,86667,13
86667,86669,14
86668,86670,13
86669,86671,14
86670,86671,13
86671,86674,15
86672,86674,11
86673,86675,14
86674,86675,14
86675,86678,11
86676,86679,12
86677,86679,15
86678,86681,12
86679,86682,15
86680,86684,12
86681,86685,14
86682,86685,13
86683,86686,15
86684,86686,11
86685,86687,11
86686,86688,11
86687,86688,14
86688,86690,14
86689,86691,12
86690,86697,11
86691,86698,15
86692,86698,11
86693,86699,15
86694,86699,13
86695,86700,12
86696,86700,15
86697,86701,14
86698,86701,11
86699,86702,13
86700,86704,15
86701,86705,15
86702,86705,14
86703,86707,15
86704,86708,15
86705,86708,12
86706,86709,12
86707,86709,11
86708,86712,15
86709,86713,11
86710,86714,11
86711,86715,15
86712,86715,14
86713,86716,14
86714,86716,11
86715,86717,14
86716,86717,12
86717,86718,12
86718,86719,11
86719,86720,11
86720,86720,14
86721,86721,15
86722,86721,13
86723,86723,15
86724,86723,14
86725,86724,14
86726,86725,13
86727,86726,11
86728,86728,15
86729,86728,13
86730,86730,11
86731,86731,14
86732,86733,13
86733,86733,11
86734,86734,12
86735,86734,12
86736,86735,12
86737,86736,13
86738,86737,13
86739,86738,11
86740,86738,11
86741,86739,13
86742,86739,12
86743,86741,13
86744,86741,11
86745,86743,14
86746,86743,12
86747,86744,11
86748,86745,11
86749,86745,14
86750,86747,14
86751,86748,13
86752,86748,11
86753,86749,14
86754,86749,14
86755,86750,14
86756,86754,11
86757,86755,14
86758,86758,13
86759,86758,15
86760,86759,11
86761,86761,12
86762,86761,11
86763,86762,11
86764,86762,12
86765,86764,11
86766,86765,14
86767,86765,15
86768,86767,13
86769,86770,11
86770,86771,15
86771,86772,11
86772,86773,15
86773,86774,12
86774,86775,15
86775,86775,15
86776,86776,14
86777,86776,14
86778,86778,11
86779,86779,11
86780,86781,13
86781,86782,13
86782,86784,14
86783,86784,15
86784,86785,13
86785,86786,12
86786,86787,14
86787,86787,12
86788,86788,15
86789,86788,13
86790,86789,15
86791,86790,13
86792,86790,15
86793,86791,14
86794,86791,13
86795,86795,14
86796,86796,13
86797,86796,12
86798,86799,12
86799,86802,15
86800,86802,11
86801,86805,13
86802,86805,13
86803,86806,15
86804,86807,14
86805,86809,12
86806,86809,11
86807,86810,11
86808,86811,13
86809,86814,12
86810,86815,13
86811,86815,15
86812,86819,13
86813,86820,12
86814,86822,12
86815,86822,11
86816,86823,13
86817,86824,12
86818,86824,11
86819,86829,13
86820,86829,11
86821,86830,11
86822,86831,15
86823,86832,15
86824,86834,12
86825,86835,14
86826,86836,12
86827,86836,14
86828,86838,15
86829,86838,14
86830,86839,13
86831,86840,12
86832,86841,12
86833,86842,15
86834,86842,14
86835,86843,14
86836,86843,15
86837,86846,11
86838,86846,12
86839,86848,11
86840,86850,15
86841,86851,13
86842,86851,15
86843,86852,15
86844,86853,13
86845,86855,13
86846,86856,14
86847,86857,12
86848,86857,12
86849,86858,15
86850,86858,11
86851,86862,15
86852,86864,13
86853,86864,15
86854,86866,14
86855,86867,14
86856,86872,13
86857,86872,12
86858,86874,11
86859,86874,14
86860,86875,11
86861,86876,14
86862,86878,13
86863,86878,13
86864,86879,13
86865,86880,12
86866,86880,14
86867,86881,15
86868,86881,12
86869,86883,14
86870,86885,12
86871,86885,15
86872,86886,13
86873,86889,13
86874,86889,14
86875,86890,14
86876,86892,12
86877,86892,12
86878,86895,12
86879,86896,13
86880,86898,13
86881,86898,14
86882,86899,14
86883,86900,12
86884,86901,15
86885,86901,13
86886,86902,15
86887,86902,15
86888,86904,13
86889,86906,11
86890,86907,13
86891,86907,14
86892,86908,13
86893,86909,12
86894,86910,12
86895,86912,12
86896,86913,13
86897,86916,15
86898,86919,13
86899,86919,13
86900,86920,15
86901,86920,12
86902,86921,14
86903,86923,12
86904,86923,11
86905,86925,13
86906,86925,14
86907,86926,12
86908,86926,13
86909,86927,12
86910,86930,11
86911,86931,13
86912,86931,11
86913,86933,13
86914,86937,12
86915,86937,13
86916,86941,14
86917,86943,15
86918,86943,12
86919,86944,12
86920,86945,13
86921,86945,14
86922,86947,11
86923,86951,11
86924,86951,13
86925,86953,13
86926,86954,13
86927,86955,14
86928,86955,14
86929,86956,13
86930,86958,13
86931,86958,12
86932,86959,11
86933,86962,14
86934,86963,11
86935,86963,12
86936,86964,15
86937,86964,13
86938,86965,12
86939,86965,11
86940,86966,12
86941,86966,14
86942,86970,11
86943,86971,11
86944,86971,15
86945,86973,14
86946,86974,13
86947,86974,12
86948,86978,15
86949,86978,13
86950,86981,11
86951,86981,14
86952,86983,14
86953,86988,14
86954,86990,14
86955,86991,12
86956,86992,13
86957,86993,13
86958,86993,13
86959,86994,12
86960,86995,14
86961,86996,11
86962,86997,11
86963,86997,13
86964,86999,13
86965,86999,13
86966,87000,12
86967,87000,11
86968,87001,15
86969,87001,15
86970,87003,12
86971,87004,11
86972,87005,12
86973,87005,15
86974,87006,14
86975,87007,15
86976,87007,15
86977,87008,15
86978,87009,12
86979,87009,14
86980,87010,11
86981,87011,15
86982,87011,14
86983,87012,14
86984,87012,14
86985,87013,15
86986,87015,14
86987,87017,13
86988,87017,11
86989,87019,13
86990,87020,12
86991,87020,15
86992,87021,13
86993,87021,11
86994,87022,13
86995,87022,13
86996,87024,13
86997,87026,11
86998,87026,15
86999,87027,11
87000,87028,12
87001,87028,12
87002,87029,15
87003,87029,11
87004,87031,13
87005,87032,14
87006,87032,15
87007,87037,14
87008,87038,11
87009,87039,12
87010,87039,11
87011,87040,14
87012,87040,11
87013,87041,12
87014,87046,14
87015,87046,12
87016,87047,11
87017,87047,13
87018,87048,13
87019,87049,15
87020,87050,14
87021,87050,14
87022,87051,11
87023,87052,14
87024,87053,13
87025,87055,12
87026,87055,14
87027,87056,14
87028,87056,12
87029,87057,14
87030,87059,12
87031,87059,12
87032,87062,15
87033,87062,14
87034,87063,12
87035,87065,13
87036,87065,12
87037,87069,13
87038,87069,12
87039,87070,15
87040,87071,14
87041,87072,11
87042,87072,15
87043,87073,13
87044,87076,13
87045,87076,11
87046,87077,11
87047,87077,15
87048,87079,12
87049,87080,14
87050,87080,13
87051,87081,15
87052,87081,14
87053,87082,15
87054,87083,11
87055,87084,13
87056,87084,12
87057,87085,14
87058,87085,12
87059,87087,14
87060,87088,15
87061,87088,13
87062,87089,14
87063,87090,12
87064,87091,11
87065,87094,11
87066,87095,11
87067,87096,14
87068,87096,11
87069,87098,13
87070,87099,15
87071,87099,12
87072,87100,13
87073,87101,11
87074,87101,15
87075,87102,13
87076,87103,11
87077,87104,15
87078,87104,11
87079,87105,14
87080,87105,11
87081,87106,12
87082,87106,11
87083,87107,13
87084,87107,12
87085,87108,15
87086,87109,11
87087,87109,13
87088,87110,13
87089,87110,11
87090,87111,11
87091,87111,11
87092,87112,12
87093,87114,14
87094,87114,15
87095,87115,15
87096,87117,15
87097,87117,11
87098,87118,13
87099,87121,14
87100,87122,12
87101,87122,14
87102,87124,13
87103,87126,13
87104,87126,14
87105,87127,15
87106,87127,13
87107,87129,12
87108,87134,14
87109,87134,14
87110,87135,14
87111,87136,12
87112,87136,12
87113,87137,12
87114,87138,12
87115,87141,12
87116,87141,12
87117,87142,14
87118,87144,13
87119,87147,14
87120,87149,14
87121,87149,12
87122,87152,15
87123,87153,15
87124,87153,15
87125,87155,11
87126,87156,14
87127,87156,15
87128,87157,14
87129,87158,15
87130,87161,12
87131,87166,13
87132,87167,12
87133,87167,11
87134,87168,12
87135,87169,12
87136,87170,12
87137,87172,11
87138,87173,12
87139,87174,15
87140,87174,11
87141,87175,14
87142,87177,13
87143,87178,15
87144,87179,11
87145,87179,13
87146,87183,12
87147,87183,11
87148,87184,12
87149,87184,13
87150,87185,15
87151,87185,13
87152,87186,11
87153,87186,12
87154,87188,13
87155,87189,14
87156,87190,12
87157,87192,13
87158,87192,13
87159,87196,14
87160,87196,14
87161,87198,11
87162,87198,12
87163,87199,13
87164,87200,12
87165,87201,15
87166,87201,12
87167,87202,13
87168,87203,12
87169,87205,11
87170,87205,15
87171,87206,13
87172,87206,13
87173,87207,12
87174,87209,11
87175,87209,11
87176,87210,11
87177,87211,12
87178,87211,14
87179,87212,15
87180,87212,15
87181,87214,13
87182,87214,15
87183,87216,14
87184,87218,11
87185,87218,15
87186,87224,12
87187,87226,14
87188,87226,15
87189,87228,13
87190,87228,13
87191,87229,12
87192,87230,12
87193,87231,12
87194,87231,11
87195,87232,12
87196,87233,11
87197,87236,11
87198,87237,11
87199,87237,11
87200,87238,12
87201,87240,11
87202,87240,14
87203,87242,13
87204,87242,14
87205,87247,14
87206,87247,12
87207,87248,15
87208,87249,14
87209,87250,13
87210,87250,14
87211,87252,13
87212,87253,15
87213,87253,12
87214,87256,14
87215,87256,13
87216,87257,12
87217,87257,14
87218,87258,15
87219,87261,11
87220,87262,14
87221,87262,14
87222,87264,13
87223,87265,15
87224,87265,14
87225,87269,13
87226,87270,15
87227,87270,11
87228,87271,12
87229,87272,12
87230,87272,13
87231,87273,12
87232,87274,14
87233,87274,13
87234,87275,13
87235,87278,14
87236,87278,11
87237,87279,11
87238,87280,11
87239,87283,12
87240,87283,13
87241,87287,14
87242,87287,14
87243,87288,13
87244,87288,14
87245,87289,14
87246,87290,13
87247,87290,15
87248,87291,13
87249,87291,13
87250,87292,13
87251,87294,12
87252,87294,15
87253,87295,12
87254,87297,13
87255,87298,11
87256,87298,13
87257,87299,15
87258,87302,11
87259,87304,14
87260,87304,15
87261,87306,11
87262,87307,14
87263,87308,11
87264,87309,12
87265,87309,15
87266,87310,15
87267,87310,11
87268,87312,15
87269,87313,12
87270,87314,14
87271,87314,12
87272,87316,13
87273,87323,12
87274,87323,13
87275,87325,13
87276,87325,11
87277,87326,11
87278,87326,15
87279,87327,14
87280,87328,14
87281,87329,15
87282,87332,14
87283,87332,14
87284,87333,14
87285,87334,14
87286,87337,14
87287,87337,11
87288,87338,11
87289,87338,13
87290,87339,15
87291,87343,14
87292,87343,11
87293,87345,14
87294,87346,14
87295,87347,14
87296,87347,13
87297,87348,11
87298,87348,11
87299,87353,13
87300,87354,14
87301,87354,14
87302,87355,14
87303,87358,11
87304,87359,15
87305,87360,15
87306,87360,14
87307,87361,14
87308,87361,11
87309,87364,13
87310,87365,12
87311,87365,13
87312,87366,14
87313,87366,15
87314,87368,12
87315,87368,12
87316,87369,11
87317,87370,15
87318,87372,11
87319,87372,11
87320,87373,11
87321,87376,13
87322,87377,14
87323,87378,14
87324,87380,15
87325,87381,11
87326,87381,13
87327,87382,12
87328,87382,11
87329,87383,11
87330,87383,15
87331,87387,14
87332,87389,12
87333,87389,12
87334,87391,11
87335,87391,14
87336,87392,15
87337,87392,12
87338,87393,14
87339,87393,12
87340,87394,11
87341,87396,14
87342,87397,12
87343,87398,11
87344,87400,13
87345,87400,11
87346,87403,12
87347,87404,12
87348,87405,14
87349,87405,15
87350,87406,15
87351,87406,15
87352,87407,15
87353,87408,14
87354,87412,14
87355,87412,13
87356,87413,11
87357,87414,11
87358,87416,11
87359,87416,13
87360,87418,12
87361,87418,14
87362,87421,12
87363,87421,13
87364,87422,14
87365,87422,14
87366,87426,12
87367,87426,11
87368,87428,12
87369,87430,14
87370,87431,12
87371,87433,13
87372,87434,15
87373,87434,15
87374,87435,14
87375,87437,11
87376,87438,14
87377,87440,13
87378,87441,13
87379,87441,14
87380,87442,12
87381,87442,12
87382,87444,11
87383,87445,14
87384,87445,11
87385,87448,11
87386,87449,11
87387,87451,13
87388,87452,11
87389,87452,12
87390,87454,15
87391,87455,13
87392,87455,12
87393,87456,12
87394,87456,13
87395,87458,11
87396,87458,15
87397,87460,14
87398,87460,15
87399,87461,12
87400,87462,11
87401,87462,11
87402,87468,15
87403,87470,12
87404,87471,11
87405,87471,11
87406,87474,13
87407,87475,14
87408,87476,14
87409,87477,15
87410,87477,14
87411,87478,11
87412,87478,12
87413,87480,11
87414,87481,15
87415,87482,13
87416,87482,11
87417,87483,13
87418,87484,14
87419,87484,14
87420,87485,14
87421,87487,11
87422,87487,14
87423,87488,11
87424,87489,14
87425,87489,11
87426,87491,15
87427,87493,13
87428,87494,15
87429,87497,11
87430,87500,13
87431,87501,13
87432,87501,12
87433,87503,13
87434,87503,12
87435,87504,12
87436,87505,11
87437,87506,13
87438,87507,12
87439,87508,11
87440,87508,11
87441,87509,11
87442,87509,13
87443,87510,11
87444,87510,14
87445,87511,14
87446,87512,14
87447,87512,13
87448,87513,15
87449,87513,11
87450,87514,15
87451,87514,14
87452,87516,11
87453,87516,15
87454,87517,11
87455,87518,15
87456,87519,11
87457,87519,12
87458,87521,13
87459,87521,13
87460,87522,11
87461,87522,13
87462,87523,12
87463,87524,15
87464,87524,11
87465,87525,14
87466,87527,14
87467,87528,12
87468,87528,14
87469,87529,12
87470,87529,12
87471,87532,12
87472,87532,12
87473,87533,11
87474,87536,14
87475,87536,11
87476,87537,11
87477,87538,15
87478,87538,13
87479,87539,15
87480,87540,11
87481,87540,15
87482,87541,14
87483,87541,12
87484,87544,15
87485,87544,13
87486,87545,13
87487,87545,15
87488,87546,13
87489,87547,12
87490,87547,13
87491,87549,13
87492,87549,12
87493,87550,11
87494,87551,14
87495,87554,13
87496,87554,13
87497,87555,14
87498,87557,12
87499,87557,15
87500,87560,15
87501,87560,14
87502,87561,11
87503,87561,11
87504,87562,12
87505,87562,15
87506,87563,14
87507,87563,14
87508,87566,11
87509,87566,11
87510,87567,11
87511,87568,12
87512,87568,15
87513,87569,13
87514,87570,14
87515,87570,15
87516,87571,14
87517,87572,11
87518,87573,11
87519,87574,11
87520,87575,13
87521,87575,13
87522,87577,15
87523,87578,13
87524,87582,12
87525,87583,11
87526,87583,12
87527,87585,12
87528,87586,11
87529,87588,11
87530,87589,11
87531,87593,14
87532,87594,14
87533,87597,14
87534,87597,14
87535,87598,11
87536,87600,14
87537,87601,15
87538,87601,12
87539,87603,11
87540,87604,11
87541,87604,14
87542,87605,12
87543,87607,15
87544,87607,11
87545,87609,11
87546,87610,14
87547,87612,15
87548,87612,13
87549,87613,11
87550,87615,15
87551,87616,12
87552,87618,14
87553,87618,15
87554,87619,11
87555,87619,11
87556,87620,11
87557,87620,15
87558,87621,11
87559,87621,15
87560,87622,14
87561,87623,14
87562,87624,14
87563,87624,12
87564,87626,11
87565,87626,11
87566,87627,11
87567,87628,11
87568,87629,13
87569,87630,12
87570,87630,13
87571,87634,12
87572,87636,13
87573,87637,15
87574,87638,11
87575,87638,11
87576,87639,15
87577,87639,12
87578,87640,15
87579,87640,11
87580,87642,15
87581,87642,14
87582,87644,11
87583,87644,14
87584,87645,12
87585,87646,15
87586,87646,12
87587,87648,12
87588,87648,12
87589,87649,14
87590,87649,15
87591,87650,13
87592,87650,12
87593,87651,12
87594,87652,15
87595,87652,15
87596,87658,11
87597,87660,11
87598,87660,11
87599,87661,12
87600,87661,11
87601,87662,13
87602,87662,13
87603,87665,13
87604,87666,11
87605,87666,11
87606,87667,13
87607,87674,14
87608,87675,12
87609,87676,13
87610,87679,14
87611,87679,13
87612,87681,13
87613,87682,12
87614,87682,15
87615,87684,14
87616,87686,14
87617,87687,14
87618,87688,14
87619,87688,14
87620,87689,14
87621,87690,13
87622,87690,13
87623,87691,14
87624,87691,12
87625,87692,13
87626,87692,14
87627,87693,13
87628,87695,15
87629,87696,12
87630,87696,14
87631,87697,14
87632,87697,14
87633,87699,15
87634,87699,12
87635,87700,12
87636,87701,11
87637,87701,13
87638,87703,11
87639,87708,14
87640,87709,15
87641,87710,11
87642,87710,14
87643,87711,14
87644,87712,15
87645,87712,12
87646,87713,15
87647,87713,13
87648,87714,12
87649,87715,14
87650,87715,12
87651,87716,13
87652,87720,14
87653,87721,11
87654,87721,15
87655,87722,15
87656,87722,13
87657,87723,13
87658,87723,14
87659,87724,13
87660,87724,14
87661,87725,12
87662,87725,11
87663,87726,13
87664,87727,14
87665,87728,15
87666,87728,13
87667,87729,14
87668,87729,12
87669,87731,14
87670,87731,12
87671,87733,11
87672,87733,12
87673,87734,14
87674,87734,15
87675,87735,14
87676,87736,12
87677,87736,15
87678,87737,15
87679,87737,12
87680,87738,12
87681,87739,12
87682,87741,14
87683,87742,12
87684,87742,13
87685,87743,13
87686,87743,12
87687,87745,14
87688,87746,11
87689,87746,15
87690,87747,15
87691,87749,12
87692,87749,14
87693,87750,11
87694,87751,14
87695,87751,11
87696,87752,13
87697,87756,12
87698,87757,15
87699,87757,11
87700,87758,11
87701,87759,11
87702,87760,15
87703,87760,15
87704,87761,15
87705,87762,15
87706,87762,12
87707,87763,11
87708,87764,14
87709,87764,15
87710,87765,15
87711,87765,12
87712,87766,11
87713,87766,14
87714,87767,14
87715,87767,11
87716,87770,14
87717,87770,11
87718,87771,15
87719,87775,11
87720,87775,13
87721,87777,11
87722,87778,12
87723,87778,15
87724,87780,15
87725,87781,14
87726,87782,11
87727,87782,14
87728,87783,15
87729,87784,11
87730,87785,15
87731,87785,12
87732,87787,15
87733,87787,14
87734,87788,11
87735,87789,11
87736,87789,13
87737,87792,12
87738,87793,12
87739,87794,12
87740,87794,15
87741,87795,11
87742,87798,11
87743,87798,13
87744,87799,11
87745,87800,12
87746,87801,12
87747,87801,15
87748,87802,12
87749,87803,11
87750,87805,11
87751,87806,13
87752,87806,15
87753,87807,13
87754,87808,14
87755,87808,15
87756,87809,15
87757,87809,14
87758,87811,13
87759,87812,14
87760,87812,11
87761,87813,11
87762,87816,15
87763,87818,14
87764,87819,15
87765,87819,14
87766,87820,15
87767,87820,13
87768,87822,12
87769,87823,15
87770,87824,12
87771,87826,12
87772,87826,15
87773,87827,11
87774,87828,13
87775,87828,13
87776,87829,11
87777,87830,13
87778,87831,12
87779,87831,11
87780,87832,12
87781,87832,11
87782,87833,13
87783,87834,12
87784,87834,15
87785,87836,15
87786,87836,11
87787,87838,15
87788,87839,14
87789,87839,12
87790,87840,15
87791,87840,11
87792,87841,14
87793,87841,15
87794,87842,14
87795,87843,13
87796,87843,13
87797,87844,12
87798,87844,14
87799,87847,12
87800,87848,13
87801,87848,11
87802,87849,13
87803,87850,14
87804,87851,12
87805,87851,14
87806,87853,12
87807,87855,11
87808,87858,15
87809,87859,13
87810,87859,14
87811,87861,11
87812,87862,14
87813,87862,13
87814,87864,11
87815,87867,15
87816,87868,15
87817,87868,15
87818,87870,13
87819,87870,12
87820,87871,11
87821,87871,11
87822,87874,11
87823,87874,11
87824,87875,15
87825,87875,12
87826,87876,14
87827,87877,15
87828,87879,14
87829,87880,13
87830,87881,12
87831,87881,11
87832,87882,14
87833,87882,11
87834,87883,15
87835,87883,12
87836,87884,14
87837,87885,13
87838,87886,13
87839,87887,15
87840,87887,11
87841,87888,13
87842,87888,11
87843,87889,12
87844,87889,11
87845,87890,13
87846,87890,14
87847,87891,11
87848,87892,13
87849,87893,12
87850,87893,11
87851,87894,12
87852,87894,14
87853,87895,12
87854,87897,13
87855,87897,13
87856,87898,12
87857,87898,13
87858,87899,12
87859,87899,15
87860,87900,14
87861,87900,12
87862,87901,11
87863,87901,14
87864,87906,11
87865,87909,14
87866,87909,15
87867,87910,12
87868,87911,11
87869,87912,14
87870,87915,14
87871,87915,15
87872,87920,15
87873,87924,14
87874,87924,11
87875,87925,15
87876,87925,15
87877,87927,15
87878,87927,12
87879,87928,13
87880,87928,15
87881,87929,15
87882,87929,11
87883,87930,15
87884,87930,12
87885,87931,14
87886,87934,15
87887,87936,14
87888,87936,11
87889,87937,11
87890,87938,11
87891,87939,15
87892,87939,14
87893,87940,12
87894,87940,11
87895,87941,14
87896,87941,12
87897,87943,15
87898,87943,15
87899,87944,12
87900,87944,11
87901,87945,15
87902,87949,11
87903,87951,14
87904,87951,13
87905,87952,14
87906,87952,15
87907,87953,12
87908,87954,12
87909,87954,13
87910,87956,13
87911,87957,12
87912,87957,12
87913,87958,12
87914,87959,11
87915,87959,14
87916,87961,15
87917,87962,13
87918,87962,12
87919,87965,11
87920,87965,11
87921,87966,13
87922,87966,14
87923,87967,14
87924,87968,12
87925,87968,13
87926,87971,13
87927,87972,13
87928,87972,13
87929,87974,14
87930,87976,15
87931,87976,15
87932,87977,12
87933,87977,15
87934,87980,15
87935,87980,12
87936,87981,11
87937,87986,15
87938,87986,11
87939,87987,11
87940,87988,15
87941,87988,13
87942,87993,12
87943,87993,11
87944,87994,12
87945,87994,14
87946,87995,12
87947,87995,12
87948,87997,13
87949,88000,14
87950,88000,15
87951,88001,15
87952,88002,15
87953,88005,11
87954,88006,11
87955,88007,12
87956,88007,14
87957,88009,11
87958,88011,11
87959,88012,11
87960,88012,14
87961,88013,13
87962,88013,11
87963,88015,13
87964,88016,14
87965,88016,15
87966,88019,15
87967,88019,13
87968,88020,15
87969,88021,11
87970,88021,14
87971,88022,15
87972,88022,11
87973,88023,15
87974,88024,15
87975,88026,14
87976,88027,11
87977,88028,11
87978,88029,15
87979,88029,14
87980,88032,14
87981,88032,13
87982,88033,15
87983,88033,12
87984,88035,11
87985,88035,14
87986,88036,13
87987,88037,13
87988,88039,11
87989,88040,14
87990,88040,11
87991,88042,11
87992,88043,14
87993,88043,15
87994,88045,14
87995,88047,11
87996,88052,11
87997,88052,11
87998,88053,13
87999,88054,15
88000,88055,13
88001,88055,11
88002,88056,12
88003,88056,13
88004,88057,13
88005,88057,14
88006,88058,11
88007,88058,15
88008,88059,13
88009,88059,12
88010,88061,14
88011,88061,13
88012,88062,12
88013,88063,13
88014,88065,13
88015,88065,11
88016,88066,11
88017,88066,12
88018,88067,11
88019,88068,14
88020,88071,12
88021,88071,15
88022,88073,12
88023,88074,11
88024,88074,13
88025,88075,15
88026,88078,14
88027,88080,15
88028,88080,12
88029,88081,11
88030,88081,13
88031,88082,15
88032,88082,11
88033,88083,12
88034,88083,13
88035,88086,12
88036,88086,15
88037,88087,13
88038,88087,12
88039,88089,15
88040,88089,14
88041,88090,11
88042,88090,13
88043,88091,15
88044,88092,14
88045,88092,15
88046,88094,12
88047,88096,14
88048,88099,12
88049,88101,14
88050,88101,15
88051,88102,12
88052,88102,14
88053,88103,11
88054,88103,11
88055,88104,13
88056,88105,12
88057,88106,13
88058,88107,14
88059,88107,13
88060,88109,11
88061,88109,14
88062,88113,13
88063,88114,14
88064,88114,15
88065,88115,11
88066,88115,14
88067,88117,12
88068,88117,13
88069,88118,14
88070,88118,12
88071,88119,15
88072,88120,13
88073,88124,12
88074,88125,11
88075,88125,12
88076,88126,13
88077,88129,12
88078,88129,13
88079,88130,14
88080,88130,13
88081,88132,13
88082,88133,11
88083,88134,14
88084,88134,13
88085,88135,12
88086,88135,14
88087,88136,11
88088,88136,11
88089,88138,13
88090,88139,13
88091,88139,12
88092,88140,12
88093,88141,11
88094,88142,13
88095,88143,13
88096,88143,14
88097,88145,11
88098,88145,15
88099,88146,15
88100,88148,14
88101,88148,12
88102,88149,11
88103,88150,15
88104,88151,14
88105,88151,15
88106,88152,13
88107,88153,14
88108,88153,14
88109,88154,14
88110,88155,15
88111,88155,13
88112,88156,13
88113,88159,14
88114,88161,14
88115,88162,12
88116,88162,14
88117,88163,14
88118,88165,13
88119,88166,13
88120,88168,15
88121,88169,13
88122,88170,11
88123,88173,15
88124,88177,11
88125,88177,12
88126,88181,11
88127,88181,11
88128,88182,12
88129,88182,15
88130,88183,14
88131,88184,14
88132,88184,15
88133,88185,13
88134,88185,15
88135,88186,13
88136,88187,15
88137,88188,12
88138,88190,13
88139,88191,13
88140,88192,12
88141,88193,12
88142,88194,15
88143,88196,15
88144,88196,11
88145,88197,14
88146,88197,11
88147,88198,13
88148,88198,11
88149,88199,12
88150,88201,13
88151,88202,15
88152,88204,13
88153,88205,13
88154,88205,12
88155,88206,11
88156,88207,15
88157,88207,13
88158,88208,12
88159,88209,15
88160,88209,13
88161,88211,11
88162,88213,12
88163,88214,12
88164,88216,14
88165,88216,15
88166,88218,11
88167,88219,15
88168,88219,13
88169,88222,15
88170,88222,15
88171,88223,12
88172,88223,12
88173,88224,14
88174,88224,12
88175,88225,13
88176,88226,15
88177,88227,14
88178,88228,13
88179,88229,14
88180,88230,15
88181,88230,14
88182,88231,14
88183,88233,11
88184,88233,13
88185,88234,11
88186,88235,15
88187,88235,12
88188,88237,15
88189,88239,12
88190,88241,12
88191,88241,12
88192,88242,14
88193,88243,14
88194,88244,15
88195,88244,14
88196,88245,13
88197,88246,14
88198,88246,15
88199,88247,11
88200,88248,13
88201,88249,15
88202,88250,15
88203,88250,13
88204,88252,14
88205,88252,14
88206,88253,15
88207,88254,13
88208,88256,11
88209,88256,12
88210,88257,14
88211,88258,14
88212,88258,13
88213,88259,11
88214,88260,14
88215,88261,15
88216,88261,15
88217,88262,15
88218,88262,13
88219,88263,13
88220,88264,14
88221,88264,13
88222,88265,14
88223,88265,14
88224,88266,11
88225,88266,12
88226,88267,12
88227,88268,11
88228,88268,12
88229,88269,15
88230,88269,13
88231,88270,12
88232,88270,15
88233,88271,15
88234,88271,11
88235,88273,13
88236,88275,14
88237,88275,15
88238,88277,14
88239,88278,11
88240,88278,13
88241,88279,11
88242,88279,12
88243,88280,14
88244,88282,12
88245,88283,11
88246,88283,15
88247,88284,11
88248,88284,13
88249,88285,15
88250,88285,11
88251,88286,13
88252,88286,11
88253,88287,11
88254,88287,15
88255,88288,13
88256,88288,12
88257,88289,15
88258,88289,15
88259,88290,15
88260,88291,14
88261,88291,15
88262,88292,14
88263,88293,13
88264,88293,11
88265,88294,12
88266,88296,15
88267,88297,12
88268,88299,12
88269,88300,14
88270,88300,15
88271,88301,11
88272,88301,14
88273,88305,14
88274,88307,13
88275,88308,11
88276,88308,13
88277,88310,14
88278,88310,14
88279,88312,15
88280,88313,14
88281,88313,15
88282,88315,14
88283,88317,13
88284,88317,14
88285,88319,13
88286,88321,15
88287,88321,13
88288,88323,12
88289,88323,13
88290,88324,12
88291,88325,11
88292,88325,12
88293,88327,14
88294,88327,14
88295,88331,15
88296,88332,11
88297,88332,14
88298,88334,13
88299,88334,14
88300,88335,11
88301,88335,13
88302,88338,13
88303,88341,15
88304,88342,12
88305,88343,14
88306,88343,11
88307,88344,13
88308,88344,15
88309,88345,15
88310,88346,15
88311,88346,14
88312,88347,15
88313,88348,11
88314,88348,12
88315,88349,14
88316,88349,15
88317,88350,13
88318,88351,13
88319,88353,11
88320,88353,12
88321,88354,15
88322,88355,15
88323,88355,12
88324,88357,11
88325,88357,15
88326,88359,15
88327,88361,15
88328,88361,13
88329,88363,13
88330,88363,11
88331,88364,15
88332,88364,13
88333,88365,15
88334,88366,12
88335,88368,11
88336,88368,11
88337,88371,13
88338,88372,11
88339,88373,12
88340,88373,13
88341,88375,15
88342,88376,11
88343,88376,15
88344,88377,12
88345,88377,13
88346,88379,14
88347,88379,12
88348,88380,13
88349,88380,13
88350,88382,14
88351,88382,14
88352,88383,13
88353,88384,11
88354,88385,13
88355,88385,14
88356,88386,13
88357,88389,13
88358,88389,13
88359,88390,15
88360,88390,14
88361,88391,12
88362,88393,15
88363,88394,15
88364,88395,13
88365,88396,14
88366,88397,15
88367,88397,15
88368,88399,13
88369,88401,14
88370,88402,14
88371,88403,15
88372,88404,12
88373,88404,12
88374,88405,13
88375,88405,13
88376,88407,11
88377,88407,14
88378,88408,14
88379,88409,14
88380,88409,12
88381,88410,11
88382,88410,11
88383,88411,12
88384,88411,15
88385,88413,11
88386,88414,13
88387,88415,14
88388,88416,12
88389,88416,14
88390,88418,11
88391,88419,12
88392,88420,15
88393,88420,12
88394,88422,11
88395,88422,15
88396,88424,11
88397,88425,14
88398,88427,11
88399,88427,15
88400,88429,11
88401,88430,14
88402,88430,13
88403,88432,15
88404,88432,13
88405,88433,13
88406,88435,12
88407,88436,15
88408,88436,12
88409,88437,15
88410,88439,15
88411,88442,15
88412,88443,12
88413,88446,15
88414,88448,14
88415,88448,13
88416,88449,15
88417,88450,13
88418,88451,13
88419,88451,13
88420,88452,12
88421,88452,13
88422,88454,11
88423,88456,15
88424,88457,13
88425,88457,15
88426,88458,14
88427,88458,14
88428,88459,15
88429,88459,11
88430,88460,12
88431,88461,14
88432,88462,13
88433,88462,15
88434,88463,15
88435,88463,13
88436,88465,11
88437,88465,13
88438,88466,11
88439,88466,12
88440,88467,12
88441,88468,12
88442,88469,14
88443,88469,14
88444,88470,14
88445,88470,11
88446,88472,13
88447,88474,13
88448,88476,13
88449,88479,12
88450,88481,14
88451,88481,14
88452,88482,11
88453,88482,12
88454,88483,13
88455,88484,15
88456,88487,12
88457,88490,13
88458,88490,13
88459,88491,13
88460,88492,11
88461,88493,11
88462,88493,14
88463,88495,13
88464,88496,14
88465,88496,12
88466,88500,12
88467,88500,13
88468,88502,12
88469,88503,11
88470,88503,14
88471,88505,13
88472,88505,12
88473,88507,11
88474,88508,13
88475,88511,15
88476,88512,12
88477,88512,13
88478,88513,15
88479,88514,14
88480,88516,11
88481,88516,14
88482,88518,12
88483,88519,13
88484,88519,11
88485,88520,12
88486,88520,12
88487,88522,14
88488,88522,11
88489,88523,12
88490,88523,12
88491,88524,13
88492,88524,11
88493,88525,13
88494,88526,15
88495,88526,15
88496,88527,12
88497,88527,15
88498,88528,15
88499,88528,15
88500,88529,12
88501,88531,13
88502,88531,12
88503,88534,11
88504,88535,11
88505,88535,15
88506,88536,11
88507,88536,15
88508,88537,12
88509,88537,13
88510,88538,12
88511,88538,14
88512,88539,13
88513,88540,11
88514,88541,15
88515,88543,15
88516,88544,14
88517,88544,15
88518,88545,14
88519,88547,14
88520,88548,13
88521,88549,11
88522,88549,14
88523,88550,14
88524,88550,13
88525,88552,13
88526,88552,11
88527,88553,11
88528,88553,13
88529,88554,12
88530,88554,12
88531,88555,14
88532,88555,15
88533,88557,11
88534,88559,13
88535,88559,11
88536,88561,11
88537,88565,11
88538,88566,11
88539,88567,11
88540,88567,13
88541,88568,13
88542,88568,15
88543,88569,13
88544,88569,15
88545,88571,15
88546,88573,13
88547,88575,12
88548,88578,14
88549,88579,12
88550,88581,14
88551,88581,15
88552,88582,15
88553,88583,13
88554,88585,14
88555,88586,14
88556,88586,12
88557,88587,12
88558,88587,15
88559,88588,12
88560,88588,11
88561,88590,13
88562,88592,12
88563,88593,14
88564,88593,15
88565,88594,11
88566,88595,14
88567,88595,12
88568,88597,11
88569,88598,13
88570,88598,11
88571,88599,14
88572,88599,11
88573,88600,15
88574,88601,15
88575,88601,14
88576,88603,13
88577,88605,15
88578,88607,11
88579,88611,11
88580,88612,14
88581,88612,12
88582,88614,12
88583,88614,13
88584,88615,12
88585,88616,14
88586,88616,14
88587,88617,11
88588,88618,14
88589,88618,14
88590,88619,15
88591,88619,14
88592,88621,15
88593,88622,15
88594,88622,11
88595,88625,13
88596,88626,14
88597,88627,13
88598,88629,12
88599,88629,15
88600,88630,15
88601,88630,13
88602,88632,13
88603,88632,12
88604,88634,11
88605,88635,15
88606,88638,13
88607,88638,14
88608,88639,11
88609,88640,11
88610,88640,11
88611,88641,11
88612,88641,13
88613,88642,12
88614,88644,12
88615,88646,15
88616,88648,12
88617,88648,14
88618,88649,15
88619,88649,12
88620,88651,13
88621,88652,11
88622,88653,13
88623,88654,13
88624,88656,15
88625,88656,14
88626,88658,15
88627,88658,15
88628,88659,15
88629,88660,12
88630,88662,14
88631,88663,13
88632,88664,15
88633,88665,15
88634,88666,11
88635,88667,11
88636,88668,13
88637,88669,12
88638,88671,11
88639,88675,13
88640,88675,14
88641,88676,15
88642,88677,14
88643,88677,14
88644,88679,11
88645,88682,14
88646,88683,11
88647,88683,14
88648,88684,11
88649,88684,13
88650,88685,15
88651,88685,15
88652,88686,11
88653,88690,12
88654,88691,12
88655,88691,14
88656,88692,12
88657,88692,13
88658,88693,11
88659,88693,13
88660,88697,11
88661,88697,11
88662,88698,12
88663,88699,15
88664,88701,11
88665,88702,14
88666,88702,11
88667,88703,12
88668,88705,11
88669,88705,13
88670,88707,14
88671,88709,14
88672,88709,14
88673,88711,12
88674,88711,15
88675,88714,14
88676,88714,15
88677,88715,12
88678,88715,14
88679,88717,15
88680,88717,15
88681,88718,13
88682,88718,15
88683,88719,15
88684,88719,15
88685,88721,11
88686,88721,14
88687,88722,12
88688,88722,12
88689,88723,15
88690,88723,11
88691,88725,13
88692,88725,14
88693,88726,14
88694,88727,14
88695,88728,15
88696,88728,12
88697,88729,14
88698,88730,13
88699,88731,14
88700,88732,14
88701,88733,11
88702,88734,14
88703,88734,11
88704,88735,15
88705,88736,11
88706,88736,11
88707,88737,15
88708,88737,15
88709,88738,14
88710,88738,13
88711,88741,15
88712,88742,13
88713,88742,14
88714,88743,15
88715,88743,11
88716,88745,12
88717,88748,11
88718,88749,15
88719,88749,15
88720,88750,12
88721,88751,12
88722,88751,12
88723,88752,13
88724,88756,15
88725,88756,12
88726,88757,13
88727,88757,11
88728,88759,14
88729,88760,12
88730,88761,13
88731,88761,13
88732,88762,14
88733,88763,15
88734,88763,13
88735,88764,13
88736,88768,12
88737,88769,15
88738,88770,13
88739,88771,13
88740,88773,15
88741,88777,13
88742,88778,13
88743,88779,11
88744,88779,13
88745,88781,12
88746,88781,15
88747,88783,14
88748,88784,12
88749,88784,15
88750,88785,11
88751,88785,12
88752,88786,11
88753,88788,14
88754,88790,14
88755,88791,12
88756,88791,14
88757,88794,14
88758,88796,15
88759,88796,15
88760,88797,14
88761,88798,13
88762,88799,11
88763,88799,12
88764,88800,15
88765,88800,13
88766,88801,14
88767,88801,11
88768,88802,15
88769,88803,12
88770,88803,15
88771,88804,13
88772,88804,13
88773,88805,11
88774,88805,13
88775,88806,15
88776,88806,15
88777,88807,14
88778,88807,11
88779,88808,12
88780,88808,11
88781,88809,12
88782,88809,14
88783,88810,11
88784,88810,11
88785,88811,13
88786,88811,13
88787,88814,14
88788,88816,11
88789,88817,13
88790,88817,15
88791,88818,15
88792,88818,12
88793,88819,14
88794,88819,11
88795,88820,11
88796,88821,12
88797,88822,14
88798,88824,14
88799,88825,12
88800,88825,11
88801,88827,13
88802,88828,12
88803,88828,15
88804,88829,13
88805,88829,11
88806,88830,11
88807,88830,15
88808,88831,15
88809,88832,12
88810,88833,15
88811,88834,13
88812,88834,13
88813,88835,14
88814,88836,11
88815,88836,13
88816,88837,14
88817,88838,15
88818,88839,13
88819,88840,15
88820,88842,12
88821,88842,13
88822,88843,13
88823,88845,11
88824,88846,14
88825,88849,12
88826,88849,13
88827,88850,15
88828,88850,14
88829,88851,13
88830,88851,13
88831,88853,13
88832,88855,12
88833,88857,15
88834,88859,13
88835,88860,13
88836,88861,14
88837,88861,15
88838,88862,14
88839,88862,11
88840,88864,15
88841,88865,11
88842,88865,11
88843,88866,14
88844,88867,15
88845,88867,14
88846,88868,15
88847,88869,15
88848,88870,15
88849,88871,13
88850,88872,13
88851,88874,11
88852,88874,13
88853,88880,15
88854,88881,15
88855,88881,15
88856,88882,11
88857,88882,14
88858,88884,11
88859,88885,13
88860,88885,12
88861,88886,12
88862,88889,11
88863,88889,11
88864,88890,11
88865,88892,12
88866,88893,12
88867,88894,12
88868,88894,14
88869,88895,15
88870,88895,14
88871,88896,15
88872,88897,12
88873,88898,13
88874,88898,13
88875,88899,14
88876,88900,15
88877,88900,13
88878,88901,12
88879,88901,15
88880,88902,14
88881,88903,11
88882,88903,13
88883,88904,15
88884,88904,11
88885,88906,15
88886,88906,15
88887,88908,14
88888,88908,13
88889,88910,11
88890,88911,11
88891,88911,15
88892,88914,12
88893,88917,14
88894,88917,12
88895,88919,13
88896,88920,14
88897,88921,12
88898,88923,15
88899,88923,11
88900,88925,12
88901,88925,13
88902,88928,11
88903,88928,13
88904,88929,12
88905,88930,15
88906,88931,12
88907,88932,13
88908,88932,11
88909,88933,14
88910,88933,11
88911,88934,11
88912,88934,12
88913,88938,14
88914,88939,13
88915,88940,12
88916,88941,14
88917,88943,12
88918,88943,11
88919,88944,15
88920,88946,13
88921,88946,13
88922,88947,15
88923,88948,14
88924,88948,11
88925,88949,11
88926,88949,13
88927,88950,11
88928,88951,11
88929,88951,15
88930,88952,15
88931,88952,12
88932,88953,11
88933,88953,13
88934,88955,14
88935,88959,11
88936,88960,14
88937,88960,12
88938,88962,15
88939,88963,15
88940,88966,11
88941,88967,11
88942,88968,15
88943,88972,14
88944,88972,14
88945,88973,13
88946,88977,15
88947,88978,11
88948,88979,13
88949,88979,11
88950,88981,12
88951,88981,12
88952,88983,11
88953,88984,14
88954,88985,15
88955,88985,12
88956,88986,11
88957,88987,14
88958,88991,13
88959,88991,11
88960,88992,14
88961,88992,13
88962,88995,14
88963,88995,14
88964,88996,12
88965,88997,12
88966,88997,13
88967,88998,15
88968,88999,13
88969,88999,14
88970,89001,15
88971,89001,13
88972,89002,14
88973,89003,15
88974,89004,11
88975,89005,11
88976,89005,14
88977,89007,11
88978,89007,12
88979,89008,14
88980,89009,13
88981,89010,15
88982,89010,11
88983,89012,11
88984,89016,13
88985,89016,13
88986,89017,14
88987,89017,11
88988,89019,15
88989,89019,15
88990,89021,14
88991,89022,14
88992,89022,11
88993,89023,11
88994,89023,14
88995,89024,11
88996,89025,12
88997,89025,14
88998,89027,11
88999,89027,13
89000,89032,14
89001,89033,13
89002,89033,12
89003,89034,11
89004,89035,11
89005,89038,12
89006,89040,14
89007,89040,12
89008,89041,14
89009,89043,15
89010,89043,13
89011,89044,15
89012,89044,13
89013,89045,12
89014,89045,12
89015,89047,13
89016,89050,14
89017,89050,11
89018,89052,13
89019,89052,12
89020,89053,12
89021,89055,13
89022,89055,15
89023,89056,11
89024,89058,11
89025,89058,15
89026,89060,14
89027,89062,13
89028,89064,14
89029,89064,11
89030,89065,15
89031,89065,15
89032,89066,13
89033,89068,14
89034,89070,12
89035,89070,15
89036,89071,14
89037,89073,14
89038,89073,12
89039,89074,13
89040,89074,12
89041,89075,14
89042,89075,12
89043,89076,11
89044,89076,14
89045,89078,15
89046,89078,12
89047,89079,14
89048,89079,14
89049,89080,14
89050,89081,14
89051,89081,15
89052,89082,14
89053,89082,14
89054,89084,14
89055,89084,12
89056,89085,12
89057,89085,13
89058,89087,12
89059,89089,12
89060,89090,15
89061,89090,13
89062,89091,14
89063,89091,11
89064,89095,12
89065,89095,15
89066,89096,15
89067,89096,13
89068,89097,14
89069,89100,13
89070,89101,14
89071,89102,11
89072,89104,14
89073,89105,11
89074,89105,14
89075,89106,13
89076,89106,11
89077,89108,14
89078,89108,15
89079,89112,11
89080,89112,11
89081,89113,14
89082,89113,11
89083,89114,12
89084,89114,15
89085,89116,13
89086,89117,13
89087,89117,13
89088,89118,14
89089,89119,15
89090,89119,15
89091,89120,12
89092,89120,15
89093,89122,13
89094,89123,15
89095,89124,15
89096,89124,14
89097,89125,15
89098,89125,14
89099,89126,15
89100,89126,14
89101,89127,11
89102,89127,11
89103,89128,11
89104,89128,15
89105,89129,14
89106,89129,15
89107,89130,11
89108,89130,14
89109,89132,14
89110,89132,13
89111,89134,12
89112,89135,11
89113,89137,12
89114,89137,11
89115,89140,11
89116,89140,11
89117,89141,14
89118,89141,11
89119,89145,11
89120,89146,13
89121,89147,12
89122,89148,11
89123,89148,12
89124,89149,11
89125,89149,13
89126,89151,13
89127,89151,12
89128,89154,11
89129,89154,11
89130,89155,11
89131,89156,15
89132,89156,11
89133,89157,12
89134,89157,11
89135,89158,12
89136,89159,15
89137,89160,12
89138,89161,12
89139,89163,15
89140,89164,13
89141,89165,14
89142,89166,13
89143,89167,15
89144,89169,13
89145,89170,11
89146,89171,13
89147,89172,14
89148,89172,14
89149,89174,15
89150,89176,11
89151,89176,15
89152,89178,12
89153,89182,11
89154,89184,11
89155,89185,13
89156,89187,13
89157,89189,14
89158,89189,11
89159,89190,15
89160,89190,13
89161,89191,12
89162,89193,14
89163,89195,12
89164,89196,14
89165,89196,12
89166,89197,15
89167,89198,13
89168,89198,11
89169,89200,11
89170,89200,13
89171,89201,15
89172,89204,15
89173,89204,12
89174,89205,11
89175,89206,14
89176,89207,11
89177,89208,12
89178,89208,12
89179,89209,14
89180,89209,12
89181,89211,11
89182,89212,12
89183,89212,14
89184,89216,15
89185,89218,13
89186,89220,13
89187,89222,12
89188,89222,14
89189,89224,15
89190,89225,12
89191,89226,11
89192,89228,12
89193,89228,11
89194,89229,13
89195,89229,13
89196,89230,11
89197,89232,15
89198,89232,12
89199,89233,13
89200,89233,15
89201,89235,14
89202,89236,13
89203,89236,12
89204,89238,13
89205,89238,11
89206,89241,13
89207,89241,14
89208,89242,14
89209,89242,15
89210,89243,11
89211,89243,14
89212,89244,12
89213,89245,15
89214,89246,15
89215,89246,14
89216,89247,12
89217,89249,14
89218,89250,13
89219,89250,15
89220,89252,15
89221,89253,14
89222,89254,12
89223,89257,13
89224,89259,12
89225,89260,15
89226,89260,12
89227,89261,13
89228,89263,13
89229,89265,13
89230,89265,14
89231,89266,13
89232,89267,11
89233,89267,14
89234,89268,13
89235,89271,15
89236,89271,11
89237,89272,11
89238,89272,15
89239,89273,12
89240,89273,13
89241,89276,14
89242,89277,13
89243,89277,12
89244,89282,13
89245,89282,14
89246,89283,14
89247,89283,14
89248,89284,14
89249,89285,14
89250,89287,11
89251,89288,13
89252,89289,13
89253,89292,12
89254,89292,11
89255,89293,13
89256,89293,15
89257,89294,11
89258,89294,13
89259,89297,12
89260,89297,14
89261,89300,11
89262,89301,13
89263,89302,13
89264,89302,14
89265,89303,11
89266,89303,11
89267,89305,11
89268,89305,12
89269,89306,13
89270,89307,13
89271,89307,12
89272,89308,15
89273,89308,15
89274,89309,14
89275,89310,13
89276,89310,11
89277,89311,14
89278,89311,13
89279,89312,14
89280,89314,11
89281,89314,13
89282,89315,13
89283,89315,14
89284,89317,15
89285,89318,11
89286,89318,14
89287,89321,11
89288,89322,15
89289,89323,12
89290,89324,14
89291,89325,12
89292,89326,14
89293,89326,13
89294,89329,15
89295,89330,15
89296,89330,12
89297,89331,14
89298,89332,14
89299,89334,12
89300,89334,14
89301,89335,14
89302,89340,12
89303,89341,11
89304,89342,13
89305,89342,11
89306,89344,15
89307,89345,11
89308,89346,13
89309,89348,13
89310,89348,13
89311,89349,13
89312,89350,15
89313,89351,11
89314,89353,12
89315,89354,12
89316,89356,14
89317,89357,14
89318,89357,12
89319,89358,12
89320,89360,14
89321,89361,13
89322,89361,12
89323,89362,11
89324,89362,13
89325,89363,13
89326,89364,13
89327,89365,11
89328,89368,13
89329,89369,13
89330,89370,14
89331,89370,15
89332,89374,14
89333,89377,13
89334,89377,14
89335,89379,13
89336,89379,13
89337,89380,11
89338,89380,12
89339,89384,11
89340,89386,15
89341,89387,15
89342,89387,14
89343,89388,15
89344,89390,14
89345,89390,12
89346,89391,13
89347,89391,11
89348,89392,12
89349,89393,13
89350,89397,13
89351,89398,13
89352,89398,12
89353,89399,12
89354,89399,11
89355,89400,13
89356,89401,15
89357,89402,12
89358,89402,12
89359,89403,13
89360,89404,11
89361,89407,13
89362,89409,11
89363,89411,15
89364,89411,13
89365,89412,14
89366,89412,14
89367,89414,11
89368,89414,15
89369,89415,13
89370,89415,11
89371,89419,14
89372,89419,11
89373,89420,13
89374,89420,14
89375,89422,15
89376,89424,12
89377,89425,12
89378,89425,14
89379,89427,13
89380,89427,13
89381,89428,14
89382,89429,12
89383,89429,15
89384,89430,11
89385,89434,14
89386,89434,13
89387,89436,15
89388,89437,13
89389,89438,11
89390,89440,14
89391,89442,13
89392,89443,11
89393,89443,14
89394,89444,15
89395,89445,14
89396,89445,14
89397,89447,14
89398,89449,12
89399,89449,12
89400,89451,13
89401,89453,14
89402,89453,11
89403,89454,15
89404,89454,11
89405,89455,14
89406,89456,15
89407,89456,11
89408,89457,14
89409,89457,15
89410,89458,11
89411,89458,11
89412,89459,11
89413,89459,11
89414,89464,12
89415,89464,14
89416,89467,14
89417,89468,12
89418,89471,14
89419,89473,11
89420,89476,12
89421,89477,15
89422,89478,12
89423,89478,12
89424,89479,14
89425,89480,14
89426,89480,13
89427,89481,13
89428,89482,12
89429,89482,14
89430,89485,14
89431,89486,13
89432,89486,12
89433,89488,11
89434,89491,12
89435,89492,12
89436,89492,11
89437,89494,13
89438,89494,11
89439,89496,13
89440,89496,11
89441,89498,13
89442,89498,13
89443,89502,12
89444,89502,15
89445,89504,11
89446,89504,14
89447,89505,13
89448,89506,11
89449,89507,14
89450,89507,12
89451,89509,13
89452,89510,14
89453,89511,15
89454,89511,13
89455,89512,14
89456,89513,13
89457,89515,15
89458,89516,13
89459,89516,14
89460,89517,13
89461,89517,15
89462,89518,12
89463,89519,13
89464,89519,11
89465,89520,13
89466,89520,14
89467,89522,11
89468,89522,11
89469,89523,11
89470,89524,11
89471,89524,15
89472,89526,15
89473,89526,11
89474,89527,13
89475,89527,13
89476,89528,14
89477,89530,12
89478,89530,15
89479,89531,12
89480,89534,12
89481,89535,13
89482,89538,14
89483,89538,13
89484,89539,11
89485,89540,14
89486,89540,15
89487,89541,13
89488,89542,13
89489,89545,13
89490,89547,14
89491,89547,13
89492,89548,13
89493,89550,13
89494,89550,14
89495,89552,11
89496,89552,14
89497,89554,15
89498,89554,13
89499,89555,14
89500,89556,12
89501,89557,13
89502,89557,11
89503,89558,13
89504,89558,13
89505,89559,14
89506,89559,13
89507,89561,15
89508,89563,15
89509,89564,15
89510,89564,14
89511,89566,11
89512,89567,11
89513,89568,15
89514,89570,14
89515,89571,12
89516,89572,11
89517,89575,15
89518,89578,11
89519,89580,13
89520,89580,13
89521,89581,14
89522,89581,14
89523,89583,11
89524,89584,11
89525,89586,13
89526,89590,11
89527,89590,11
89528,89591,14
89529,89591,11
89530,89592,12
89531,89593,15
89532,89594,13
89533,89595,15
89534,89598,14
89535,89600,15
89536,89600,13
89537,89602,12
89538,89606,11
89539,89608,12
89540,89610,12
89541,89611,15
89542,89612,11
89543,89613,13
89544,89614,15
89545,89616,14
89546,89617,13
89547,89617,14
89548,89618,11
89549,89619,11
89550,89619,14
89551,89621,14
89552,89621,11
89553,89622,11
89554,89623,12
89555,89623,14
89556,89625,14
89557,89626,12
89558,89626,14
89559,89627,15
89560,89628,13
89561,89629,12
89562,89631,15
89563,89632,12
89564,89633,15
89565,89636,14
89566,89636,14
89567,89638,12
89568,89638,13
89569,89639,12
89570,89640,13
89571,89640,13
89572,89641,15
89573,89641,11
89574,89642,15
89575,89642,13
89576,89645,12
89577,89646,15
89578,89646,13
89579,89647,15
89580,89648,13
89581,89650,15
89582,89651,12
89583,89652,14
89584,89652,14
89585,89656,11
89586,89657,11
89587,89658,14
89588,89658,14
89589,89661,11
89590,89662,14
89591,89663,15
89592,89664,13
89593,89664,13
89594,89665,15
89595,89665,14
89596,89667,11
89597,89667,15
89598,89670,13
89599,89671,14
89600,89671,15
89601,89676,14
89602,89677,13
89603,89677,15
89604,89679,14
89605,89681,13
89606,89682,13
89607,89683,11
89608,89683,13
89609,89684,14
89610,89686,15
89611,89688,15
89612,89688,11
89613,89689,14
89614,89689,15
89615,89690,14
89616,89692,13
89617,89692,12
89618,89695,11
89619,89697,14
89620,89698,15
89621,89698,15
89622,89699,15
89623,89700,11
89624,89700,13
89625,89701,12
89626,89701,11
89627,89702,11
89628,89703,11
89629,89704,15
89630,89704,13
89631,89705,15
89632,89705,14
89633,89708,12
89634,89709,13
89635,89709,14
89636,89711,14
89637,89711,12
89638,89712,14
89639,89713,14
89640,89715,13
89641,89715,12
89642,89719,11
89643,89719,15
89644,89720,12
89645,89723,12
89646,89724,14
89647,89724,12
89648,89725,13
89649,89725,14
89650,89726,12
89651,89726,12
89652,89728,15
89653,89731,12
89654,89731,11
89655,89732,12
89656,89733,15
89657,89734,13
89658,89736,14
89659,89737,15
89660,89737,15
89661,89738,12
89662,89740,15
89663,89740,11
89664,89741,11
89665,89742,12
89666,89742,14
89667,89743,13
89668,89744,11
89669,89746,11
89670,89750,15
89671,89750,12
89672,89751,14
89673,89753,14
89674,89753,13
89675,89754,13
89676,89754,12
89677,89755,14
89678,89756,14
89679,89756,15
89680,89757,14
89681,89758,14
89682,89759,13
89683,89760,14
89684,89760,12
89685,89763,14
89686,89763,13
89687,89765,11
89688,89765,13
89689,89766,11
89690,89767,15
89691,89767,12
89692,89769,14
89693,89769,11
89694,89770,11
89695,89770,11
89696,89771,12
89697,89771,12
89698,89773,11
89699,89775,14
89700,89776,12
89701,89781,12
89702,89783,14
89703,89786,13
89704,89786,15
89705,89788,11
89706,89788,14
89707,89789,15
89708,89790,14
89709,89790,12
89710,89791,12
89711,89793,13
89712,89794,11
89713,89794,11
89714,89795,14
89715,89795,11
89716,89796,13
89717,89797,12
89718,89798,13
89719,89798,13
89720,89799,13
89721,89800,14
89722,89801,15
89723,89801,13
89724,89802,14
89725,89803,13
89726,89804,15
89727,89804,12
89728,89805,13
89729,89805,15
89730,89806,11
89731,89807,15
89732,89807,11
89733,89808,15
89734,89808,14
89735,89811,13
89736,89813,11
89737,89813,12
89738,89814,15
89739,89815,12
89740,89816,13
89741,89817,15
89742,89817,12
89743,89818,13
89744,89818,14
89745,89819,15
89746,89819,11
89747,89820,11
89748,89821,12
89749,89822,14
89750,89824,11
89751,89824,14
89752,89825,14
89753,89825,12
89754,89828,11
89755,89829,11
89756,89831,12
89757,89831,11
89758,89833,13
89759,89834,14
89760,89835,11
89761,89835,15
89762,89837,15
89763,89837,11
89764,89838,12
89765,89839,11
89766,89841,14
89767,89841,13
89768,89842,14
89769,89842,15
89770,89843,14
89771,89843,14
89772,89844,15
89773,89844,15
89774,89846,15
89775,89846,13
89776,89848,11
89777,89848,14
89778,89849,13
89779,89850,11
89780,89851,14
89781,89854,14
89782,89855,15
89783,89856,12
89784,89857,12
89785,89860,13
89786,89861,13
89787,89862,11
89788,89862,13
89789,89863,14
89790,89864,11
89791,89865,14
89792,89866,15
89793,89867,12
89794,89867,11
89795,89868,13
89796,89868,15
89797,89871,14
89798,89872,13
89799,89873,15
89800,89873,15
89801,89874,15
89802,89874,14
89803,89877,11
89804,89878,11
89805,89878,14
89806,89879,15
89807,89879,13
89808,89880,15
89809,89881,14
89810,89881,15
89811,89882,14
89812,89882,15
89813,89885,14
89814,89886,15
89815,89886,15
89816,89888,15
89817,89890,14
89818,89892,13
89819,89892,13
89820,89896,15
89821,89897,14
89822,89897,15
89823,89898,11
89824,89898,11
89825,89900,12
89826,89900,11
89827,89901,13
89828,89901,15
89829,89903,14
89830,89903,15
89831,89904,15
89832,89904,13
89833,89906,15
89834,89906,11
89835,89907,14
89836,89908,12
89837,89908,13
89838,89911,11
89839,89912,15
89840,89912,11
89841,89913,12
89842,89913,14
89843,89914,14
89844,89914,15
89845,89917,11
89846,89917,11
89847,89918,12
89848,89918,13
89849,89919,12
89850,89919,14
89851,89920,14
89852,89921,12
89853,89922,15
89854,89922,13
89855,89923,14
89856,89927,11
89857,89928,11
89858,89930,12
89859,89930,13
89860,89931,12
89861,89931,11
89862,89933,11
89863,89937,11
89864,89938,13
89865,89939,12
89866,89940,11
89867,89940,13
89868,89942,15
89869,89942,13
89870,89943,14
89871,89943,11
89872,89944,14
89873,89944,13
89874,89945,12
89875,89945,13
89876,89946,14
89877,89946,12
89878,89947,12
89879,89948,15
89880,89949,11
89881,89950,13
89882,89950,14
89883,89951,11
89884,89951,11
89885,89957,12
89886,89958,11
89887,89963,14
89888,89963,14
89889,89964,15
89890,89966,11
89891,89968,11
89892,89969,15
89893,89969,11
89894,89971,14
89895,89971,11
89896,89972,11
89897,89973,11
89898,89974,13
89899,89976,11
89900,89977,14
89901,89978,15
89902,89979,12
89903,89979,12
89904,89980,11
89905,89981,15
89906,89983,13
89907,89984,11
89908,89984,14
89909,89985,14
89910,89986,15
89911,89987,15
89912,89987,12
89913,89988,13
89914,89989,14
89915,89990,14
89916,89990,13
89917,89991,15
89918,89993,14
89919,89993,14
89920,89994,11
89921,89995,12
89922,89997,13
89923,90000,11
89924,90001,11
89925,90001,15
89926,90002,15
89927,90005,13
89928,90006,15
89929,90006,14
89930,90007,13
89931,90007,15
89932,90008,12
89933,90010,12
89934,90010,12
89935,90011,14
89936,90011,13
89937,90012,15
89938,90012,15
89939,90013,15
89940,90015,11
89941,90016,11
89942,90017,13
89943,90019,13
89944,90020,12
89945,90020,13
89946,90021,11
89947,90021,12
89948,90022,14
89949,90022,15
89950,90024,13
89951,90024,15
89952,90025,11
89953,90026,13
89954,90027,14
89955,90028,11
89956,90029,13
89957,90029,14
89958,90030,11
89959,90030,15
89960,90031,14
89961,90031,13
89962,90032,15
89963,90032,14
89964,90033,11
89965,90034,14
89966,90035,14
89967,90035,15
89968,90036,13
89969,90039,13
89970,90039,15
89971,90040,12
89972,90040,11
89973,90041,15
89974,90045,13
89975,90045,15
89976,90048,13
89977,90048,11
89978,90049,11
89979,90049,13
89980,90053,11
89981,90053,11
89982,90054,11
89983,90056,11
89984,90056,15
89985,90057,15
89986,90058,12
89987,90058,14
89988,90059,13
89989,90060,15
89990,90060,12
89991,90061,12
89992,90061,15
89993,90062,13
89994,90063,14
89995,90065,14
89996,90065,15
89997,90068,14
89998,90069,11
89999,90069,13
90000,90071,14
90001,90071,13
90002,90073,13
90003,90074,14
90004,90075,11
90005,90075,14
90006,90076,13
90007,90077,14
90008,90077,12
90009,90079,13
90010,90079,11
90011,90080,11
90012,90081,13
90013,90082,11
90014,90083,11
90015,90084,11
90016,90084,13
90017,90085,11
90018,90085,12
90019,90086,14
90020,90086,14
90021,90087,14
90022,90089,13
90023,90089,11
90024,90092,12
90025,90094,15
90026,90094,12
90027,90097,13
90028,90098,14
90029,90099,14
90030,90099,13
90031,90100,15
90032,90101,15
90033,90102,12
90034,90104,11
90035,90106,12
90036,90106,12
90037,90109,15
90038,90111,11
90039,90111,14
90040,90112,13
90041,90112,13
90042,90117,12
90043,90118,12
90044,90118,14
90045,90120,15
90046,90121,13
90047,90121,12
90048,90123,11
90049,90123,14
90050,90124,15
90051,90127,12
90052,90127,13
90053,90128,15
90054,90128,15
90055,90129,13
90056,90130,15
90057,90130,14
90058,90131,11
90059,90131,11
90060,90132,15
90061,90132,14
90062,90133,14
90063,90134,13
90064,90134,11
90065,90135,11
90066,90137,12
90067,90139,12
90068,90139,13
90069,90142,15
90070,90145,15
90071,90145,12
90072,90146,14
90073,90146,12
90074,90147,12
90075,90148,15
90076,90148,15
90077,90150,15
90078,90151,15
90079,90153,11
90080,90153,15
90081,90157,11
90082,90159,14
90083,90161,13
90084,90162,13
90085,90162,12
90086,90164,12
90087,90164,11
90088,90166,12
90089,90167,15
90090,90172,15
90091,90174,12
90092,90174,15
90093,90175,15
90094,90176,12
90095,90176,11
90096,90177,13
90097,90180,13
90098,90180,12
90099,90181,15
90100,90181,12
90101,90182,13
90102,90182,14
90103,90185,11
90104,90185,12
90105,90190,12
90106,90192,13
90107,90193,15
90108,90195,15
90109,90197,12
90110,90199,12
90111,90199,14
90112,90200,11
90113,90201,12
90114,90202,13
90115,90202,14
90116,90203,15
90117,90203,13
90118,90204,15
90119,90205,12
90120,90207,12
90121,90207,11
90122,90208,14
90123,90208,11
90124,90211,14
90125,90213,13
90126,90214,12
90127,90214,14
90128,90215,12
90129,90217,12
90130,90218,12
90131,90218,11
90132,90219,14
90133,90219,14
90134,90221,14
90135,90223,13
90136,90223,11
90137,90224,12
90138,90225,14
90139,90225,12
90140,90226,14
90141,90226,12
90142,90227,15
90143,90228,11
90144,90229,14
90145,90229,11
90146,90230,14
90147,90231,14
90148,90231,12
90149,90232,11
90150,90233,12
90151,90234,14
90152,90238,14
90153,90238,14
90154,90240,15
90155,90240,14
90156,90243,13
90157,90244,14
90158,90244,14
90159,90245,11
90160,90245,11
90161,90246,13
90162,90246,14
90163,90247,11
90164,90247,11
90165,90248,14
90166,90248,14
90167,90250,14
90168,90251,14
90169,90251,15
90170,90252,13
90171,90252,14
90172,90253,15
90173,90253,12
90174,90254,14
90175,90255,11
90176,90255,15
90177,90256,11
90178,90257,11
90179,90258,13
90180,90259,12
90181,90259,11
90182,90261,12
90183,90261,13
90184,90262,14
90185,90262,12
90186,90264,15
90187,90264,11
90188,90267,11
90189,90267,15
90190,90268,12
90191,90272,11
90192,90273,12
90193,90273,11
90194,90274,15
90195,90276,11
90196,90277,11
90197,90278,13
90198,90278,15
90199,90279,15
90200,90279,11
90201,90280,11
90202,90281,14
90203,90281,13
90204,90283,15
90205,90283,11
90206,90284,14
90207,90285,12
90208,90286,15
90209,90286,14
90210,90287,11
90211,90288,14
90212,90290,12
90213,90291,11
90214,90291,11
90215,90292,11
90216,90292,14
90217,90293,15
90218,90294,13
90219,90294,11
90220,90295,13
90221,90299,12
90222,90300,11
90223,90301,13
90224,90301,13
90225,90302,13
90226,90302,14
90227,90303,15
90228,90303,11
90229,90304,13
90230,90305,15
90231,90305,12
90232,90307,12
90233,90310,13
90234,90310,12
90235,90312,13
90236,90312,15
90237,90313,15
90238,90313,11
90239,90314,11
90240,90314,15
90241,90315,15
90242,90315,12
90243,90316,14
90244,90316,11
90245,90317,11
90246,90317,12
90247,90318,12
90248,90319,14
90249,90319,15
90250,90320,15
90251,90321,11
90252,90323,14
90253,90323,11
90254,90324,12
90255,90324,15
90256,90326,13
90257,90326,13
90258,90327,14
90259,90328,11
90260,90330,14
90261,90332,11
90262,90334,15
90263,90335,14
90264,90336,13
90265,90337,15
90266,90337,11
90267,90338,14
90268,90339,11
90269,90339,15
90270,90340,15
90271,90340,15
90272,90341,14
90273,90343,13
90274,90343,13
90275,90344,14
90276,90344,14
90277,90345,13
90278,90348,12
90279,90351,14
90280,90351,15
90281,90352,14
90282,90352,14
90283,90353,12
90284,90353,12
90285,90354,15
90286,90355,13
90287,90355,11
90288,90356,15
90289,90357,12
90290,90360,15
90291,90360,14
90292,90361,12
90293,90362,15
90294,90366,14
90295,90367,15
90296,90369,15
90297,90369,13
90298,90370,14
90299,90371,15
90300,90372,13
90301,90372,12
90302,90373,15
90303,90373,12
90304,90374,14
90305,90374,13
90306,90375,14
90307,90375,13
90308,90377,12
90309,90379,11
90310,90380,13
90311,90380,13
90312,90381,11
90313,90381,14
90314,90383,15
90315,90383,15
90316,90385,13
90317,90385,11
90318,90386,15
90319,90386,11
90320,90388,11
90321,90388,12
90322,90389,11
90323,90389,14
90324,90390,14
90325,90391,15
90326,90391,14
90327,90392,13
90328,90392,12
90329,90394,11
90330,90395,12
90331,90395,11
90332,90396,14
90333,90397,15
90334,90399,13
90335,90399,15
90336,90400,13
90337,90400,14
90338,90401,15
90339,90401,11
90340,90402,12
90341,90404,14
90342,90404,13
90343,90405,12
90344,90405,12
90345,90406,13
90346,90406,12
90347,90408,12
90348,90408,13
90349,90409,15
90350,90411,13
90351,90411,12
90352,90412,14
90353,90414,15
90354,90415,14
90355,90415,15
90356,90416,11
90357,90416,14
90358,90417,13
90359,90417,14
90360,90418,15
90361,90418,11
90362,90419,11
90363,90419,11
90364,90420,11
90365,90420,13
90366,90421,11
90367,90421,14
90368,90423,15
90369,90423,11
90370,90424,13
90371,90424,14
90372,90426,11
90373,90427,11
90374,90429,14
90375,90429,14
90376,90430,14
90377,90430,14
90378,90431,13
90379,90431,15
90380,90432,14
90381,90432,12
90382,90433,11
90383,90435,11
90384,90436,15
90385,90437,13
90386,90437,11
90387,90438,13
90388,90438,12
90389,90440,15
90390,90442,14
90391,90444,14
90392,90444,15
90393,90445,14
90394,90445,11
90395,90446,11
90396,90446,11
90397,90449,15
90398,90450,15
90399,90452,15
90400,90455,14
90401,90456,12
90402,90457,11
90403,90457,12
90404,90458,12
90405,90458,12
90406,90460,11
90407,90460,12
90408,90462,11
90409,90463,13
90410,90464,11
90411,90464,15
90412,90465,14
90413,90466,13
90414,90466,15
90415,90471,12
90416,90472,15
90417,90473,15
90418,90474,11
90419,90474,15
90420,90475,15
90421,90475,15
90422,90476,12
90423,90477,11
90424,90477,14
90425,90478,13
90426,90478,12
90427,90479,13
90428,90480,12
90429,90480,12
90430,90481,13
90431,90481,14
90432,90482,12
90433,90482,15
90434,90483,13
90435,90483,14
90436,90485,11
90437,90485,12
90438,90489,11
90439,90489,15
90440,90490,12
90441,90491,12
90442,90492,12
90443,90492,15
90444,90493,11
90445,90494,11
90446,90495,13
90447,90495,12
90448,90496,15
90449,90497,13
90450,90497,15
90451,90498,12
90452,90498,13
90453,90501,15
90454,90501,11
90455,90502,11
90456,90503,15
90457,90503,14
90458,90504,12
90459,90507,11
90460,90507,15
90461,90508,12
90462,90510,15
90463,90512,14
90464,90512,14
90465,90513,11
90466,90513,11
90467,90514,15
90468,90514,12
90469,90516,11
90470,90517,12
90471,90519,11
90472,90525,15
90473,90525,14
90474,90526,13
90475,90527,12
90476,90527,15
90477,90528,15
90478,90530,14
90479,90530,12
90480,90532,15
90481,90533,14
90482,90533,14
90483,90535,14
90484,90536,13
90485,90537,11
90486,90537,12
90487,90539,14
90488,90540,13
90489,90540,14
90490,90541,11
90491,90544,15
90492,90545,13
90493,90545,13
90494,90547,14
90495,90549,12
90496,90549,14
90497,90550,13
90498,90551,12
90499,90552,12
90500,90555,11
90501,90555,12
90502,90556,13
90503,90556,12
90504,90557,14
90505,90557,15
90506,90558,15
90507,90559,13
90508,90559,11
90509,90560,11
90510,90560,13
90511,90561,15
90512,90561,12
90513,90562,12
90514,90563,11
90515,90566,11
90516,90567,12
90517,90567,12
90518,90568,14
90519,90571,12
90520,90571,15
90521,90573,11
90522,90574,15
90523,90574,15
90524,90575,11
90525,90575,11
90526,90576,11
90527,90578,11
90528,90578,11
90529,90579,13
90530,90579,13
90531,90581,13
90532,90582,11
90533,90582,14
90534,90585,11
90535,90586,11
90536,90586,11
90537,90587,15
90538,90588,12
90539,90589,15
90540,90589,11
90541,90591,12
90542,90591,14
90543,90594,14
90544,90595,13
90545,90597,12
90546,90598,13
90547,90599,12
90548,90600,12
90549,90600,15
90550,90601,13
90551,90602,15
90552,90602,15
90553,90603,15
90554,90604,15
90555,90605,15
90556,90605,14
90557,90606,15
90558,90606,15
90559,90609,14
90560,90609,15
90561,90610,15
90562,90610,11
90563,90611,11
90564,90611,11
90565,90615,11
90566,90615,15
90567,90618,12
90568,90619,15
90569,90619,11
90570,90621,12
90571,90623,15
90572,90623,13
90573,90624,11
90574,90625,14
90575,90625,11
90576,90626,11
90577,90627,13
90578,90628,12
90579,90628,14
90580,90630,13
90581,90631,12
90582,90631,11
90583,90632,13
90584,90634,14
90585,90635,14
90586,90636,13
90587,90637,11
90588,90637,12
90589,90638,12
90590,90639,11
90591,90642,13
90592,90642,13
90593,90644,11
90594,90644,13
90595,90645,15
90596,90647,11
90597,90647,13
90598,90648,13
90599,90648,13
90600,90651,15
90601,90651,15
90602,90653,11
90603,90653,11
90604,90654,13
90605,90654,13
90606,90656,14
90607,90656,11
90608,90657,13
90609,90657,12
90610,90662,13
90611,90662,12
90612,90663,13
90613,90663,12
90614,90664,11
90615,90664,11
90616,90665,11
90617,90665,11
90618,90666,15
90619,90666,13
90620,90667,12
90621,90667,15
90622,90670,11
90623,90671,14
90624,90672,12
90625,90673,14
90626,90673,15
90627,90675,14
90628,90675,12
90629,90676,12
90630,90676,15
90631,90677,12
90632,90677,12
90633,90678,12
90634,90678,15
90635,90679,11
90636,90679,13
90637,90681,11
90638,90681,12
90639,90682,12
90640,90682,13
90641,90683,14
90642,90686,11
90643,90686,11
90644,90690,15
90645,90694,12
90646,90694,14
90647,90695,12
90648,90696,14
90649,90697,12
90650,90697,11
90651,90698,15
90652,90699,13
90653,90700,11
90654,90703,12
90655,90703,13
90656,90704,12
90657,90704,15
90658,90706,13
90659,90707,15
90660,90708,13
90661,90709,12
90662,90709,15
90663,90712,12
90664,90712,13
90665,90717,13
90666,90717,15
90667,90718,13
90668,90718,11
90669,90719,11
90670,90719,11
90671,90720,12
90672,90720,11
90673,90721,13
90674,90721,15
90675,90723,15
90676,90724,14
90677,90724,13
90678,90728,15
90679,90728,11
90680,90729,11
90681,90729,11
90682,90730,15
90683,90730,11
90684,90732,13
90685,90733,14
90686,90734,11
90687,90735,13
90688,90735,13
90689,90737,15
90690,90737,14
90691,90738,13
90692,90738,11
90693,90739,13
90694,90739,11
90695,90741,15
90696,90743,12
90697,90744,11
90698,90745,13
90699,90746,11
90700,90747,11
90701,90747,14
90702,90748,13
90703,90749,15
90704,90749,11
90705,90750,15
90706,90750,14
90707,90751,12
90708,90756,14
90709,90756,12
90710,90757,13
90711,90757,12
90712,90759,12
90713,90760,15
90714,90760,12
90715,90762,14
90716,90762,12
90717,90765,15
90718,90766,14
90719,90766,14
90720,90768,13
90721,90768,15
90722,90769,13
90723,90769,15
90724,90771,11
90725,90771,13
90726,90772,13
90727,90772,11
90728,90773,11
90729,90777,13
90730,90779,11
90731,90780,13
90732,90780,15
90733,90781,13
90734,90781,11
90735,90782,14
90736,90784,15
90737,90785,15
90738,90786,14
90739,90788,13
90740,90792,13
90741,90792,13
90742,90794,13
90743,90796,12
90744,90796,11
90745,90799,13
90746,90799,12
90747,90801,14
90748,90801,14
90749,90802,11
90750,90802,13
90751,90804,14
90752,90804,11
90753,90805,13
90754,90807,14
90755,90807,14
90756,90808,12
90757,90809,15
90758,90809,12
90759,90810,12
90760,90811,15
90761,90813,15
90762,90814,13
90763,90815,13
90764,90815,12
90765,90817,14
90766,90819,11
90767,90819,15
90768,90820,13
90769,90820,12
90770,90821,13
90771,90821,12
90772,90823,15
90773,90824,12
90774,90824,11
90775,90825,13
90776,90827,11
90777,90829,15
90778,90829,14
90779,90832,11
90780,90833,14
90781,90834,13
90782,90835,14
90783,90835,14
90784,90836,14
90785,90837,12
90786,90837,15
90787,90838,15
90788,90838,12
90789,90839,11
90790,90839,15
90791,90840,15
90792,90843,11
90793,90845,13
90794,90846,12
90795,90846,15
90796,90847,15
90797,90848,12
90798,90848,14
90799,90849,14
90800,90849,15
90801,90851,13
90802,90851,15
90803,90852,14
90804,90853,15
90805,90853,14
90806,90854,11
90807,90856,14
90808,90856,12
90809,90857,15
90810,90857,12
90811,90858,15
90812,90859,15
90813,90861,11
90814,90861,14
90815,90862,12
90816,90862,11
90817,90865,15
90818,90865,14
90819,90866,15
90820,90867,13
90821,90867,11
90822,90870,15
90823,90870,15
90824,90871,14
90825,90872,15
90826,90874,11
90827,90874,12
90828,90875,13
90829,90876,12
90830,90878,13
90831,90879,13
90832,90879,14
90833,90880,13
90834,90880,12
90835,90881,11
90836,90881,15
90837,90883,14
90838,90884,11
90839,90884,12
90840,90886,14
90841,90886,15
90842,90887,12
90843,90887,11
90844,90889,13
90845,90889,11
90846,90890,12
90847,90890,15
90848,90891,12
90849,90891,13
90850,90893,12
90851,90894,11
90852,90894,13
90853,90897,14
90854,90898,15
90855,90899,12
90856,90899,14
90857,90900,12
90858,90901,14
90859,90901,13
90860,90902,15
90861,90903,11
90862,90906,15
90863,90906,14
90864,90907,15
90865,90907,11
90866,90908,13
90867,90910,14
90868,90910,11
90869,90913,15
90870,90913,14
90871,90914,15
90872,90915,15
90873,90915,13
90874,90916,15
90875,90916,14
90876,90917,14
90877,90918,12
90878,90918,15
90879,90920,11
90880,90921,11
90881,90921,11
90882,90923,11
90883,90923,14
90884,90925,11
90885,90926,15
90886,90927,11
90887,90927,11
90888,90928,15
90889,90929,15
90890,90929,14
90891,90930,12
90892,90932,14
90893,90932,11
90894,90933,13
90895,90935,15
90896,90935,14
90897,90937,11
90898,90937,11
90899,90938,12
90900,90938,11
90901,90939,14
90902,90939,15
90903,90942,12
90904,90942,11
90905,90943,15
90906,90944,14
90907,90944,12
90908,90946,15
90909,90946,11
90910,90947,11
90911,90948,12
90912,90948,14
90913,90950,12
90914,90950,11
90915,90953,15
90916,90954,11
90917,90954,13
90918,90956,15
90919,90956,11
90920,90957,13
90921,90958,11
90922,90958,14
90923,90959,15
90924,90960,11
90925,90960,11
90926,90961,12
90927,90961,13
90928,90962,11
90929,90964,15
90930,90964,13
90931,90965,12
90932,90965,11
90933,90966,15
90934,90966,14
90935,90967,12
90936,90968,11
90937,90972,11
90938,90973,11
90939,90974,13
90940,90975,12
90941,90975,11
90942,90979,14
90943,90980,11
90944,90982,13
90945,90982,12
90946,90983,13
90947,90984,11
90948,90986,11
90949,90987,14
90950,90988,12
90951,90988,14
90952,90990,11
90953,90990,11
90954,90992,13
90955,90992,12
90956,90994,13
90957,90996,14
90958,90996,14
90959,90997,14
90960,90998,15
90961,90998,12
90962,90999,12
90963,90999,14
90964,91001,15
90965,91001,14
90966,91002,12
90967,91003,15
90968,91003,11
90969,91004,12
90970,91004,15
90971,91005,11
90972,91007,13
90973,91008,13
90974,91008,13
90975,91009,12
90976,91014,14
90977,91015,14
90978,91016,14
90979,91017,11
90980,91017,15
90981,91019,11
90982,91019,15
90983,91020,11
90984,91020,15
90985,91021,14
90986,91021,12
90987,91022,15
90988,91022,11
90989,91024,11
90990,91024,15
90991,91025,15
90992,91025,11
90993,91028,15
90994,91028,15
90995,91029,13
90996,91029,14
90997,91031,13
90998,91031,15
90999,91032,14
91000,91032,11
91001,91034,11
91002,91034,13
91003,91036,11
91004,91037,14
91005,91038,15
91006,91038,13
91007,91039,13
91008,91039,13
91009,91040,11
91010,91040,11
91011,91041,12
91012,91041,11
91013,91042,15
91014,91043,12
91015,91046,13
91016,91046,14
91017,91047,15
91018,91048,14
91019,91050,12
91020,91050,13
91021,91051,12
91022,91051,15
91023,91054,11
91024,91059,14
91025,91059,11
91026,91061,11
91027,91061,14
91028,91062,11
91029,91065,12
91030,91066,12
91031,91066,13
91032,91068,12
91033,91068,15
91034,91069,11
91035,91069,15
91036,91072,11
91037,91073,13
91038,91073,14
91039,91074,14
91040,91075,15
91041,91075,11
91042,91078,12
91043,91079,14
91044,91079,13
91045,91080,11
91046,91082,15
91047,91082,14
91048,91084,12
91049,91085,12
91050,91085,12
91051,91087,14
91052,91087,12
91053,91090,14
91054,91091,13
91055,91091,14
91056,91092,14
91057,91093,12
91058,91094,15
91059,91094,15
91060,91097,11
91061,91098,11
91062,91098,14
91063,91099,15
91064,91099,12
91065,91100,14
91066,91102,14
91067,91102,13
91068,91103,14
91069,91105,14
91070,91106,15
91071,91107,15
91072,91108,13
91073,91109,11
91074,91109,15
91075,91110,12
91076,91110,14
91077,91111,13
91078,91111,11
91079,91113,11
91080,91114,15
91081,91118,14
91082,91118,15
91083,91120,13
91084,91120,15
91085,91121,11
91086,91122,11
91087,91124,11
91088,91125,13
91089,91127,12
91090,91128,11
91091,91129,15
91092,91130,12
91093,91130,11
91094,91133,14
91095,91133,12
91096,91134,14
91097,91136,15
91098,91138,13
91099,91141,13
91100,91142,14
91101,91145,12
91102,91145,15
91103,91146,13
91104,91146,12
91105,91147,12
91106,91148,14
91107,91148,15
91108,91149,11
91109,91149,15
91110,91151,12
91111,91151,15
91112,91152,14
91113,91152,14
91114,91153,12
91115,91153,11
91116,91154,14
91117,91156,12
91118,91156,12
91119,91158,13
91120,91158,15
91121,91160,14
91122,91162,14
91123,91163,12
91124,91163,11
91125,91164,13
91126,91166,14
91127,91169,11
91128,91170,12
91129,91173,12
91130,91173,11
91131,91175,11
91132,91176,14
91133,91176,14
91134,91178,12
91135,91179,11
91136,91181,13
91137,91182,11
91138,91183,13
91139,91184,13
91140,91186,15
91141,91186,15
91142,91187,15
91143,91188,11
91144,91189,14
91145,91189,15
91146,91190,11
91147,91191,12
91148,91192,14
91149,91192,12
91150,91193,14
91151,91193,15
91152,91194,15
91153,91195,12
91154,91196,13
91155,91197,11
91156,91197,13
91157,91198,12
91158,91199,11
91159,91200,15
91160,91202,14
91161,91203,11
91162,91203,12
91163,91206,12
91164,91206,12
91165,91207,11
91166,91207,13
91167,91208,11
91168,91208,13
91169,91209,11
91170,91209,14
91171,91210,15
91172,91211,15
91173,91211,11
91174,91212,15
91175,91212,13
91176,91215,14
91177,91216,13
91178,91217,13
91179,91217,14
91180,91223,15
91181,91223,13
91182,91224,15
91183,91226,15
91184,91226,15
91185,91228,13
91186,91228,12
91187,91229,13
91188,91233,11
91189,91233,15
91190,91235,11
91191,91235,12
91192,91236,11
91193,91236,14
91194,91239,11
91195,91239,14
91196,91240,12
91197,91240,14
91198,91241,14
91199,91242,13
91200,91242,11
91201,91243,12
91202,91247,12
91203,91248,15
91204,91249,14
91205,91249,13
91206,91251,14
91207,91251,12
91208,91252,11
91209,91252,15
91210,91255,15
91211,91255,13
91212,91259,11
91213,91259,13
91214,91263,14
91215,91264,15
91216,91264,14
91217,91267,12
91218,91267,12
91219,91268,15
91220,91269,12
91221,91269,12
91222,91270,14
91223,91271,12
91224,91271,11
91225,91272,14
91226,91273,11
91227,91275,13
91228,91278,12
91229,91278,12
91230,91280,11
91231,91281,12
91232,91281,15
91233,91282,12
91234,91282,11
91235,91283,11
91236,91283,13
91237,91285,11
91238,91285,11
91239,91287,13
91240,91287,15
91241,91288,14
91242,91288,14
91243,91290,15
91244,91291,15
91245,91291,14
91246,91292,15
91247,91295,15
91248,91295,14
91249,91296,15
91250,91296,14
91251,91297,15
91252,91297,14
91253,91298,14
91254,91299,12
91255,91299,14
91256,91301,14
91257,91302,13
91258,91302,14
91259,91305,14
91260,91305,15
91261,91306,13
91262,91307,12
91263,91308,13
91264,91309,12
91265,91309,14
91266,91310,11
91267,91311,12
91268,91316,15
91269,91316,14
91270,91317,12
91271,91318,15
91272,91318,14
91273,91319,15
91274,91319,11
91275,91320,15
91276,91320,15
91277,91321,14
91278,91321,13
91279,91323,15
91280,91323,12
91281,91324,15
91282,91325,15
91283,91325,15
91284,91326,11
91285,91326,12
91286,91327,15
91287,91327,13
91288,91328,12
91289,91328,12
91290,91329,14
91291,91330,14
91292,91330,14
91293,91331,12
91294,91332,13
91295,91332,14
91296,91333,14
91297,91333,12
91298,91335,11
91299,91335,12
91300,91336,11
91301,91339,13
91302,91340,12
91303,91341,11
91304,91342,13
91305,91342,15
91306,91344,15
91307,91344,12
91308,91345,11
91309,91345,13
91310,91347,11
91311,91349,12
91312,91351,11
91313,91351,15
91314,91352,11
91315,91352,11
91316,91353,14
91317,91355,12
91318,91358,11
91319,91359,15
91320,91359,11
91321,91360,12
91322,91362,15
91323,91362,13
91324,91363,15
91325,91366,11
91326,91367,15
91327,91367,15
91328,91369,13
91329,91371,12
91330,91372,11
91331,91374,15
91332,91374,15
91333,91376,12
91334,91377,12
91335,91377,15
91336,91378,11
91337,91378,15
91338,91380,15
91339,91381,12
91340,91381,15
91341,91383,12
91342,91383,14
91343,91384,11
91344,91385,14
91345,91385,14
91346,91386,15
91347,91387,13
91348,91387,15
91349,91388,14
91350,91392,14
91351,91393,11
91352,91393,14
91353,91394,11
91354,91394,11
91355,91396,14
91356,91397,13
91357,91397,15
91358,91398,12
91359,91401,13
91360,91401,15
91361,91402,13
91362,91402,15
91363,91403,12
91364,91404,15
91365,91404,12
91366,91407,13
91367,91407,11
91368,91408,14
91369,91411,15
91370,91412,15
91371,91412,12
91372,91413,14
91373,91414,11
91374,91415,11
91375,91416,13
91376,91425,15
91377,91425,13
91378,91426,13
91379,91426,11
91380,91427,11
91381,91428,15
91382,91428,12
91383,91429,15
91384,91429,15
91385,91430,15
91386,91430,14
91387,91431,15
91388,91431,12
91389,91432,11
91390,91436,11
91391,91437,12
91392,91440,14
91393,91440,15
91394,91443,14
91395,91443,14
91396,91444,15
91397,91445,12
91398,91445,15
91399,91446,11
91400,91446,14
91401,91447,13
91402,91447,11
91403,91448,12
91404,91448,13
91405,91450,11
91406,91452,15
91407,91452,14
91408,91453,12
91409,91453,11
91410,91454,12
91411,91454,11
91412,91455,14
91413,91455,15
91414,91459,15
91415,91459,12
91416,91461,12
91417,91461,12
91418,91462,15
91419,91463,15
91420,91463,12
91421,91467,12
91422,91467,13
91423,91468,12
91424,91468,14
91425,91475,15
91426,91476,11
91427,91476,13
91428,91477,12
91429,91479,14
91430,91480,15
91431,91480,15
91432,91482,12
91433,91483,11
91434,91485,13
91435,91486,13
91436,91486,11
91437,91487,15
91438,91488,13
91439,91488,12
91440,91489,14
91441,91489,14
91442,91490,12
91443,91492,11
91444,91494,13
91445,91494,15
91446,91495,14
91447,91495,11
91448,91497,15
91449,91497,12
91450,91499,15
91451,91499,14
91452,91500,14
91453,91501,13
91454,91501,11
91455,91504,14
91456,91504,12
91457,91506,15
91458,91506,15
91459,91507,13
91460,91507,15
91461,91508,15
91462,91508,14
91463,91510,12
91464,91510,12
91465,91511,13
91466,91512,15
91467,91513,11
91468,91514,12
91469,91515,12
91470,91515,11
91471,91516,15
91472,91517,12
91473,91519,12
91474,91519,13
91475,91521,11
91476,91522,15
91477,91522,15
91478,91523,15
91479,91524,12
91480,91524,11
91481,91527,13
91482,91528,11
91483,91528,11
91484,91529,12
91485,91529,12
91486,91530,13
91487,91530,13
91488,91531,15
91489,91531,13
91490,91534,15
91491,91535,14
91492,91535,13
91493,91536,12
91494,91537,12
91495,91537,11
91496,91538,12
91497,91539,13
91498,91542,11
91499,91543,14
91500,91543,11
91501,91545,12
91502,91546,11
91503,91546,12
91504,91547,11
91505,91547,14
91506,91548,13
91507,91549,12
91508,91549,13
91509,91551,12
91510,91552,13
91511,91552,12
91512,91554,11
91513,91554,12
91514,91555,13
91515,91557,15
91516,91558,11
91517,91558,14
91518,91559,11
91519,91559,12
91520,91560,14
91521,91560,15
91522,91561,11
91523,91562,15
91524,91563,13
91525,91563,11
91526,91565,14
91527,91565,15
91528,91568,12
91529,91568,12
91530,91570,15
91531,91570,13
91532,91571,11
91533,91571,11
91534,91572,12
91535,91572,15
91536,91573,12
91537,91574,15
91538,91575,15
91539,91577,13
91540,91578,13
91541,91580,11
91542,91580,11
91543,91582,12
91544,91582,12
91545,91584,12
91546,91584,14
91547,91586,12
91548,91587,12
91549,91587,13
91550,91588,12
91551,91588,15
91552,91589,12
91553,91591,12
91554,91592,13
91555,91592,15
91556,91593,11
91557,91594,13
91558,91595,11
91559,91595,15
91560,91598,11
91561,91599,13
91562,91599,12
91563,91600,13
91564,91601,12
91565,91601,14
91566,91602,11
91567,91602,13
91568,91603,15
91569,91603,13
91570,91604,11
91571,91605,12
91572,91605,15
91573,91611,11
91574,91612,12
91575,91612,15
91576,91613,14
91577,91613,12
91578,91614,14
91579,91614,12
91580,91615,14
91581,91615,14
91582,91616,12
91583,91616,15
91584,91620,12
91585,91620,12
91586,91624,11
91587,91624,12
91588,91625,15
91589,91626,12
91590,91629,11
91591,91629,13
91592,91630,12
91593,91630,11
91594,91631,15
91595,91631,15
91596,91632,15
91597,91633,14
91598,91633,13
91599,91634,12
91600,91636,11
91601,91638,14
91602,91640,11
91603,91640,13
91604,91641,13
91605,91641,14
91606,91642,13
91607,91643,13
91608,91643,13
91609,91644,14
91610,91644,13
91611,91645,12
91612,91645,14
91613,91647,14
91614,91647,12
91615,91648,11
91616,91649,13
91617,91649,15
91618,91650,14
91619,91651,13
91620,91652,11
91621,91653,11
91622,91662,12
91623,91664,15
91624,91664,12
91625,91666,13
91626,91666,15
91627,91668,15
91628,91668,11
91629,91669,11
91630,91669,14
91631,91673,12
91632,91673,14
91633,91677,15
91634,91678,14
91635,91679,13
91636,91679,13
91637,91680,13
91638,91682,14
91639,91683,14
91640,91683,15
91641,91684,12
91642,91685,11
91643,91685,12
91644,91686,15
91645,91687,11
91646,91687,11
91647,91688,11
91648,91689,14
91649,91690,11
91650,91692,11
91651,91692,13
91652,91694,13
91653,91694,11
91654,91695,11
91655,91696,15
91656,91696,14
91657,91699,15
91658,91699,11
91659,91700,11
91660,91702,13
91661,91702,14
91662,91705,14
91663,91706,12
91664,91709,11
91665,91709,15
91666,91711,11
91667,91711,12
91668,91712,13
91669,91712,11
91670,91713,15
91671,91713,13
91672,91714,13
91673,91716,12
91674,91716,15
91675,91717,15
91676,91718,12
91677,91718,12
91678,91719,15
91679,91719,11
91680,91720,13
91681,91721,12
91682,91722,13
91683,91723,12
91684,91726,14
91685,91727,14
91686,91727,15
91687,91730,15
91688,91731,13
91689,91732,15
91690,91733,15
91691,91736,12
91692,91737,11
91693,91738,13
91694,91739,15
91695,91741,11
91696,91741,14
91697,91743,11
91698,91744,14
91699,91745,11
91700,91745,12
91701,91747,11
91702,91749,13
91703,91749,12
91704,91750,11
91705,91752,11
91706,91753,12
91707,91753,12
91708,91754,11
91709,91754,12
91710,91755,12
91711,91755,14
91712,91759,15
91713,91761,15
91714,91761,14
91715,91762,15
91716,91764,12
91717,91765,11
91718,91766,12
91719,91766,13
91720,91767,12
91721,91767,12
91722,91769,11
91723,91770,13
91724,91770,13
91725,91771,12
91726,91771,13
91727,91772,15
91728,91773,13
91729,91774,13
91730,91774,14
91731,91776,15
91732,91780,12
91733,91780,12
91734,91781,15
91735,91781,15
91736,91782,15
91737,91782,11
91738,91783,14
91739,91784,12
91740,91785,13
91741,91785,13
91742,91787,11
91743,91788,14
91744,91789,12
91745,91789,11
91746,91790,11
91747,91790,12
91748,91791,11
91749,91793,14
91750,91793,15
91751,91794,14
91752,91797,11
91753,91798,13
91754,91800,11
91755,91801,13
91756,91803,13
91757,91803,11
91758,91804,13
91759,91805,15
91760,91805,13
91761,91806,12
91762,91806,15
91763,91808,13
91764,91808,15
91765,91809,14
91766,91810,13
91767,91812,12
91768,91812,12
91769,91817,13
91770,91817,11
91771,91819,11
91772,91820,12
91773,91820,12
91774,91823,15
91775,91823,12
91776,91824,14
91777,91824,13
91778,91825,14
91779,91825,15
91780,91826,12
91781,91826,14
91782,91827,14
91783,91827,11
91784,91829,14
91785,91830,15
91786,91832,15
91787,91833,13
91788,91834,14
91789,91835,14
91790,91837,14
91791,91837,11
91792,91839,15
91793,91840,14
91794,91840,11
91795,91841,12
91796,91843,15
91797,91844,11
91798,91845,12
91799,91846,13
91800,91848,11
91801,91849,13
91802,91849,15
91803,91850,14
91804,91850,13
91805,91852,14
91806,91852,15
91807,91853,12
91808,91856,11
91809,91857,13
91810,91858,11
91811,91858,11
91812,91860,15
91813,91860,12
91814,91862,15
91815,91863,15
91816,91864,12
91817,91864,11
91818,91867,12
91819,91868,11
91820,91870,11
91821,91870,13
91822,91872,12
91823,91875,13
91824,91877,11
91825,91877,12
91826,91879,14
91827,91880,12
91828,91880,15
91829,91882,12
91830,91883,13
91831,91885,12
91832,91886,12
91833,91887,15
91834,91887,12
91835,91890,15
91836,91890,12
91837,91891,13
91838,91891,11
91839,91893,13
91840,91893,13
91841,91895,11
91842,91897,14
91843,91897,15
91844,91899,15
91845,91899,12
91846,91900,13
91847,91901,15
91848,91901,12
91849,91902,13
91850,91903,12
91851,91904,11
91852,91904,14
91853,91906,12
91854,91906,11
91855,91907,13
91856,91908,13
91857,91908,14
91858,91910,11
91859,91913,14
91860,91913,12
91861,91914,12
91862,91914,14
91863,91916,15
91864,91918,11
91865,91919,11
91866,91919,13
91867,91920,11
91868,91922,14
91869,91923,12
91870,91923,13
91871,91924,11
91872,91924,12
91873,91925,13
91874,91926,13
91875,91926,14
91876,91927,14
91877,91927,14
91878,91928,13
91879,91928,12
91880,91932,15
91881,91933,13
91882,91935,12
91883,91935,14
91884,91937,15
91885,91939,12
91886,91942,12
91887,91943,13
91888,91943,11
91889,91947,13
91890,91948,12
91891,91949,11
91892,91949,14
91893,91951,14
91894,91951,12
91895,91953,15
91896,91953,13
91897,91955,15
91898,91956,11
91899,91956,11
91900,91957,15
91901,91958,14
91902,91958,15
91903,91959,13
91904,91960,11
91905,91961,14
91906,91961,11
91907,91962,15
91908,91963,14
91909,91964,12
91910,91965,15
91911,91965,14
91912,91966,11
91913,91966,14
91914,91967,11
91915,91968,13
91916,91969,15
91917,91970,13
91918,91970,12
91919,91971,15
91920,91977,15
91921,91978,13
91922,91979,14
91923,91979,12
91924,91980,11
91925,91980,12
91926,91982,11
91927,91983,12
91928,91983,15
91929,91986,12
91930,91988,14
91931,91989,13
91932,91989,14
91933,91990,11
91934,91990,14
91935,91991,15
91936,91992,11
91937,91994,11
91938,91994,11
91939,91997,11
91940,91998,13
91941,91999,14
91942,91999,15
91943,92001,13
91944,92001,12
91945,92002,12
91946,92003,11
91947,92004,14
91948,92004,11
91949,92006,13
91950,92007,12
91951,92008,12
91952,92009,12
91953,92011,14
91954,92012,11
91955,92013,14
91956,92013,12
91957,92014,12
91958,92016,13
91959,92017,11
91960,92017,15
91961,92019,15
91962,92020,15
91963,92020,13
91964,92022,12
91965,92022,14
91966,92023,11
91967,92023,15
91968,92024,15
91969,92025,12
91970,92025,13
91971,92026,14
91972,92027,11
91973,92027,13
91974,92028,12
91975,92028,14
91976,92033,14
91977,92033,15
91978,92034,14
91979,92034,11
91980,92035,13
91981,92036,14
91982,92036,11
91983,92037,15
91984,92038,11
91985,92038,11
91986,92039,11
91987,92039,11
91988,92041,14
91989,92042,14
91990,92046,12
91991,92046,14
91992,92048,12
91993,92048,15
91994,92049,11
91995,92049,14
91996,92056,13
91997,92056,13
91998,92058,13
91999,92059,12
92000,92061,11
92001,92064,12
92002,92065,12
92003,92065,11
92004,92066,15
92005,92067,14
92006,92068,14
92007,92068,15
92008,92070,15
92009,92070,12
92010,92071,15
92011,92071,12
92012,92072,12
92013,92072,14
92014,92074,15
92015,92075,15
92016,92076,15
92017,92078,15
92018,92079,14
92019,92079,12
92020,92080,11
92021,92081,12
92022,92082,14
92023,92083,12
92024,92084,15
92025,92084,14
92026,92085,14
92027,92085,11
92028,92086,11
92029,92087,13
92030,92089,11
92031,92090,12
92032,92090,14
92033,92092,14
92034,92093,13
92035,92093,12
92036,92094,14
92037,92095,11
92038,92096,14
92039,92096,13
92040,92097,11
92041,92098,11
92042,92098,15
92043,92100,15
92044,92101,15
92045,92102,13
92046,92102,11
92047,92103,11
92048,92103,15
92049,92104,14
92050,92105,14
92051,92107,12
92052,92107,14
92053,92109,12
92054,92109,11
92055,92111,15
92056,92111,14
92057,92113,11
92058,92114,15
92059,92114,15
92060,92115,13
92061,92115,11
92062,92116,15
92063,92117,11
92064,92117,12
92065,92119,14
92066,92119,15
92067,92120,14
92068,92122,13
92069,92123,14
92070,92123,13
92071,92125,12
92072,92125,15
92073,92127,13
92074,92127,13
92075,92128,15
92076,92128,14
92077,92129,11
92078,92129,13
92079,92130,12
92080,92130,12
92081,92131,14
92082,92131,11
92083,92134,14
92084,92136,11
92085,92136,14
92086,92138,12
92087,92138,14
92088,92139,11
92089,92139,14
92090,92141,14
92091,92141,13
92092,92143,11
92093,92144,11
92094,92145,13
92095,92145,14
92096,92146,11
92097,92146,13
92098,92147,13
92099,92147,13
92100,92149,15
92101,92150,14
92102,92151,13
92103,92151,15
92104,92153,11
92105,92153,11
92106,92155,15
92107,92156,14
92108,92157,14
92109,92157,13
92110,92160,12
92111,92160,12
92112,92162,12
92113,92162,13
92114,92163,15
92115,92164,13
92116,92165,14
92117,92167,11
92118,92167,14
92119,92168,13
92120,92169,12
92121,92169,11
92122,92171,14
92123,92171,14
92124,92172,13
92125,92173,13
92126,92173,13
92127,92174,14
92128,92175,12
92129,92176,14
92130,92176,15
92131,92177,11
92132,92178,12
92133,92180,12
92134,92181,12
92135,92182,11
92136,92185,13
92137,92186,13
92138,92186,14
92139,92187,11
92140,92188,12
92141,92192,14
92142,92197,13
92143,92198,14
92144,92198,12
92145,92199,11
92146,92199,12
92147,92200,15
92148,92201,15
92149,92202,13
92150,92202,12
92151,92203,13
92152,92204,12
92153,92205,11
92154,92208,11
92155,92208,11
92156,92210,11
92157,92211,14
92158,92211,13
92159,92212,15
92160,92212,14
92161,92213,15
92162,92214,12
92163,92214,13
92164,92215,15
92165,92216,13
92166,92217,15
92167,92217,13
92168,92218,11
92169,92218,13
92170,92219,14
92171,92220,12
92172,92220,12
92173,92221,12
92174,92222,14
92175,92223,15
92176,92223,13
92177,92224,15
92178,92225,13
92179,92225,11
92180,92227,14
92181,92227,15
92182,92230,12
92183,92231,15
92184,92232,13
92185,92233,12
92186,92233,11
92187,92234,13
92188,92234,12
92189,92235,12
92190,92235,12
92191,92238,11
92192,92238,15
92193,92241,11
92194,92242,12
92195,92243,14
92196,92244,14
92197,92245,14
92198,92245,15
92199,92246,13
92200,92246,12
92201,92247,11
92202,92247,15
92203,92248,15
92204,92249,14
92205,92249,13
92206,92251,11
92207,92253,15
92208,92254,15
92209,92255,14
92210,92255,14
92211,92256,14
92212,92256,14
92213,92257,13
92214,92257,13
92215,92258,15
92216,92258,12
92217,92259,14
92218,92260,12
92219,92261,15
92220,92261,15
92221,92262,12
92222,92263,11
92223,92266,13
92224,92266,14
92225,92267,12
92226,92269,13
92227,92269,12
92228,92270,14
92229,92270,13
92230,92271,14
92231,92272,14
92232,92274,14
92233,92274,12
92234,92275,12
92235,92276,15
92236,92276,12
92237,92278,14
92238,92278,14
92239,92279,15
92240,92279,13
92241,92282,15
92242,92283,13
92243,92283,14
92244,92284,12
92245,92285,11
92246,92285,12
92247,92286,14
92248,92286,15
92249,92287,15
92250,92287,11
92251,92288,15
92252,92290,11
92253,92290,13
92254,92292,11
92255,92292,13
92256,92293,11
92257,92293,12
92258,92294,11
92259,92295,14
92260,92297,12
92261,92297,15
92262,92302,12
92263,92303,13
92264,92306,13
92265,92306,12
92266,92307,11
92267,92307,13
92268,92308,14
92269,92308,12
92270,92309,15
92271,92309,15
92272,92310,11
92273,92310,12
92274,92311,14
92275,92313,13
92276,92313,11
92277,92314,15
92278,92315,15
92279,92318,11
92280,92318,12
92281,92319,13
92282,92319,12
92283,92320,15
92284,92323,12
92285,92323,11
92286,92330,11
92287,92331,12
92288,92331,11
92289,92332,11
92290,92335,14
92291,92336,11
92292,92336,11
92293,92338,13
92294,92338,13
92295,92342,13
92296,92344,15
92297,92345,15
92298,92345,13
92299,92347,13
92300,92350,15
92301,92351,13
92302,92352,13
92303,92353,15
92304,92355,15
92305,92357,12
92306,92360,14
92307,92360,14
92308,92361,14
92309,92362,12
92310,92362,12
92311,92364,13
92312,92364,13
92313,92365,13
92314,92366,15
92315,92366,13
92316,92367,14
92317,92369,13
92318,92369,15
92319,92371,15
92320,92371,14
92321,92373,15
92322,92373,12
92323,92374,13
92324,92374,14
92325,92376,11
92326,92377,13
92327,92377,13
92328,92378,13
92329,92378,11
92330,92379,14
92331,92381,13
92332,92384,11
92333,92384,13
92334,92386,12
92335,92386,14
92336,92389,11
92337,92390,13
92338,92392,15
92339,92393,14
92340,92393,11
92341,92397,13
92342,92398,11
92343,92398,13
92344,92399,14
92345,92399,14
92346,92401,14
92347,92401,15
92348,92402,15
92349,92402,15
92350,92403,11
92351,92406,12
92352,92406,14
92353,92407,11
92354,92408,13
92355,92409,11
92356,92410,13
92357,92412,12
92358,92414,12
92359,92414,13
92360,92416,11
92361,92417,15
92362,92417,13
92363,92418,14
92364,92418,12
92365,92420,15
92366,92420,12
92367,92421,15
92368,92421,15
92369,92422,11
92370,92423,14
92371,92423,15
92372,92425,15
92373,92425,15
92374,92426,15
92375,92427,14
92376,92427,12
92377,92428,12
92378,92431,11
92379,92431,14
92380,92432,11
92381,92433,11
92382,92434,15
92383,92435,13
92384,92436,13
92385,92437,11
92386,92437,12
92387,92438,14
92388,92440,12
92389,92441,12
92390,92441,14
92391,92443,12
92392,92443,14
92393,92444,13
92394,92444,12
92395,92446,14
92396,92446,13
92397,92449,13
92398,92449,15
92399,92451,11
92400,92453,15
92401,92453,14
92402,92454,14
92403,92455,12
92404,92456,12
92405,92456,13
92406,92457,13
92407,92457,14
92408,92458,13
92409,92458,14
92410,92459,15
92411,92459,15
92412,92460,14
92413,92460,12
92414,92461,15
92415,92461,12
92416,92462,15
92417,92462,12
92418,92464,12
92419,92464,14
92420,92466,14
92421,92466,12
92422,92468,11
92423,92469,13
92424,92470,14
92425,92470,12
92426,92471,13
92427,92471,12
92428,92472,15
92429,92473,13
92430,92473,12
92431,92474,14
92432,92475,13
92433,92475,13
92434,92480,14
92435,92480,15
92436,92481,12
92437,92481,14
92438,92482,11
92439,92482,12
92440,92483,12
92441,92483,12
92442,92484,12
92443,92484,14
92444,92485,13
92445,92487,14
92446,92488,13
92447,92489,15
92448,92490,14
92449,92490,14
92450,92491,13
92451,92492,13
92452,92493,13
92453,92494,15
92454,92494,15
92455,92495,15
92456,92495,14
92457,92496,13
92458,92496,15
92459,92499,15
92460,92499,12
92461,92500,15
92462,92500,13
92463,92501,11
92464,92501,14
92465,92503,15
92466,92504,12
92467,92504,14
92468,92506,13
92469,92507,13
92470,92507,13
92471,92509,11
92472,92509,15
92473,92511,12
92474,92511,15
92475,92513,12
92476,92513,14
92477,92514,11
92478,92514,13
92479,92515,14
92480,92515,11
92481,92516,14
92482,92518,15
92483,92518,14
92484,92519,14
92485,92522,12
92486,92524,11
92487,92526,11
92488,92526,15
92489,92527,11
92490,92528,15
92491,92528,13
92492,92529,14
92493,92529,14
92494,92530,14
92495,92531,13
92496,92532,14
92497,92533,15
92498,92534,14
92499,92535,14
92500,92536,13
92501,92536,11
92502,92537,11
92503,92539,14
92504,92539,13
92505,92540,12
92506,92540,15
92507,92542,12
92508,92542,13
92509,92543,13
92510,92543,15
92511,92544,13
92512,92546,15
92513,92546,15
92514,92547,12
92515,92548,15
92516,92548,13
92517,92549,13
92518,92549,15
92519,92551,11
92520,92551,11
92521,92553,13
92522,92553,12
92523,92554,12
92524,92555,13
92525,92558,12
92526,92559,13
92527,92560,14
92528,92560,15
92529,92561,15
92530,92562,13
92531,92563,12
92532,92565,11
92533,92567,12
92534,92567,12
92535,92569,13
92536,92570,14
92537,92570,13
92538,92573,13
92539,92573,15
92540,92575,14
92541,92575,15
92542,92576,12
92543,92576,15
92544,92577,12
92545,92582,13
92546,92582,13
92547,92583,14
92548,92584,12
92549,92584,15
92550,92586,11
92551,92586,15
92552,92587,15
92553,92587,15
92554,92589,12
92555,92590,12
92556,92592,11
92557,92592,13
92558,92593,14
92559,92593,14
92560,92594,11
92561,92594,11
92562,92595,12
92563,92595,14
92564,92597,13
92565,92598,15
92566,92598,11
92567,92599,12
92568,92600,12
92569,92600,15
92570,92601,12
92571,92602,15
92572,92602,11
92573,92603,13
92574,92604,12
92575,92605,13
92576,92605,13
92577,92607,14
92578,92608,14
92579,92609,14
92580,92609,12
92581,92611,14
92582,92611,14
92583,92613,11
92584,92613,13
92585,92614,11
92586,92616,11
92587,92616,13
92588,92618,13
92589,92618,13
92590,92621,11
92591,92621,13
92592,92622,12
92593,92624,14
92594,92625,15
92595,92626,14
92596,92626,15
92597,92627,13
92598,92627,15
92599,92629,12
92600,92630,14
92601,92633,11
92602,92634,12
92603,92634,13
92604,92635,15
92605,92636,13
92606,92638,14
92607,92638,15
92608,92639,14
92609,92640,12
92610,92643,15
92611,92645,12
92612,92645,15
92613,92646,13
92614,92646,14
92615,92647,15
92616,92647,13
92617,92649,14
92618,92653,15
92619,92654,12
92620,92654,14
92621,92655,12
92622,92656,14
92623,92656,15
92624,92657,11
92625,92658,15
92626,92658,11
92627,92659,15
92628,92660,11
92629,92663,14
92630,92665,14
92631,92665,11
92632,92667,14
92633,92667,12
92634,92668,13
92635,92670,14
92636,92670,13
92637,92672,13
92638,92672,13
92639,92674,14
92640,92674,13
92641,92675,15
92642,92675,13
92643,92676,12
92644,92676,12
92645,92678,13
92646,92678,15
92647,92679,14
92648,92681,15
92649,92684,12
92650,92685,13
92651,92687,13
92652,92688,14
92653,92688,14
92654,92690,11
92655,92690,15
92656,92691,12
92657,92691,14
92658,92692,12
92659,92693,15
92660,92694,12
92661,92695,14
92662,92697,14
92663,92697,12
92664,92699,11
92665,92699,13
92666,92700,15
92667,92700,13
92668,92701,14
92669,92701,11
92670,92703,15
92671,92706,11
92672,92707,11
92673,92707,13
92674,92708,11
92675,92708,15
92676,92709,12
92677,92710,12
92678,92711,11
92679,92711,14
92680,92712,11
92681,92714,11
92682,92715,11
92683,92715,11
92684,92716,15
92685,92718,12
92686,92719,13
92687,92719,12
92688,92720,12
92689,92721,12
92690,92722,15
92691,92723,13
92692,92724,12
92693,92725,12
92694,92726,12
92695,92726,14
92696,92727,15
92697,92727,13
92698,92729,11
92699,92729,11
92700,92731,15
92701,92732,11
92702,92732,12
92703,92733,11
92704,92733,15
92705,92734,11
92706,92735,13
92707,92735,14
92708,92738,11
92709,92739,11
92710,92740,14
92711,92740,13
92712,92742,14
92713,92746,13
92714,92748,15
92715,92749,14
92716,92751,12
92717,92751,14
92718,92755,12
92719,92755,12
92720,92756,13
92721,92757,12
92722,92757,12
92723,92759,14
92724,92761,11
92725,92761,15
92726,92763,15
92727,92764,13
92728,92764,13
92729,92765,15
92730,92767,15
92731,92767,15
92732,92768,11
92733,92768,11
92734,92771,12
92735,92771,14
92736,92773,12
92737,92773,15
92738,92776,13
92739,92779,15
92740,92779,11
92741,92780,15
92742,92783,11
92743,92784,11
92744,92787,12
92745,92789,13
92746,92789,13
92747,92790,13
92748,92790,15
92749,92791,11
92750,92791,15
92751,92792,14
92752,92792,11
92753,92793,13
92754,92793,15
92755,92794,11
92756,92795,13
92757,92795,15
92758,92797,14
92759,92798,14
92760,92799,14
92761,92801,14
92762,92801,14
92763,92803,14
92764,92803,11
92765,92806,15
92766,92811,12
92767,92811,11
92768,92812,14
92769,92812,12
92770,92813,11
92771,92814,14
92772,92816,13
92773,92816,15
92774,92818,14
92775,92818,11
92776,92819,13
92777,92819,15
92778,92820,11
92779,92821,12
92780,92821,11
92781,92822,14
92782,92822,15
92783,92824,11
92784,92825,11
92785,92825,14
92786,92827,12
92787,92827,15
92788,92828,11
92789,92828,13
92790,92831,13
92791,92831,12
92792,92832,13
92793,92832,13
92794,92834,15
92795,92835,12
92796,92835,14
92797,92836,12
92798,92837,15
92799,92838,15
92800,92839,13
92801,92839,13
92802,92840,11
92803,92841,15
92804,92841,15
92805,92842,15
92806,92842,12
92807,92844,14
92808,92844,12
92809,92846,12
92810,92847,13
92811,92849,13
92812,92850,12
92813,92852,15
92814,92852,15
92815,92853,14
92816,92855,12
92817,92857,11
92818,92858,14
92819,92861,11
92820,92862,11
92821,92862,14
92822,92864,12
92823,92864,15
92824,92865,11
92825,92866,13
92826,92866,12
92827,92868,14
92828,92868,13
92829,92870,12
92830,92870,15
92831,92871,11
92832,92871,11
92833,92873,15
92834,92874,13
92835,92874,11
92836,92875,14
92837,92875,14
92838,92877,11
92839,92877,15
92840,92878,11
92841,92879,15
92842,92879,15
92843,92880,15
92844,92882,15
92845,92884,11
92846,92885,15
92847,92885,13
92848,92886,13
92849,92886,15
92850,92887,15
92851,92887,13
92852,92888,13
92853,92888,14
92854,92889,14
92855,92889,13
92856,92890,15
92857,92891,15
92858,92893,14
92859,92894,13
92860,92894,13
92861,92896,12
92862,92896,11
92863,92897,13
92864,92898,11
92865,92899,15
92866,92899,12
92867,92900,12
92868,92902,12
92869,92906,15
92870,92906,14
92871,92909,14
92872,92910,12
92873,92914,11
92874,92915,12
92875,92916,15
92876,92916,11
92877,92917,15
92878,92919,15
92879,92919,11
92880,92920,13
92881,92920,15
92882,92921,13
92883,92922,15
92884,92923,14
92885,92924,13
92886,92926,14
92887,92930,15
92888,92930,15
92889,92931,11
92890,92932,12
92891,92932,15
92892,92934,15
92893,92935,14
92894,92936,12
92895,92938,13
92896,92938,15
92897,92939,12
92898,92939,13
92899,92940,15
92900,92945,12
92901,92946,14
92902,92946,11
92903,92948,13
92904,92948,11
92905,92950,14
92906,92950,12
92907,92951,11
92908,92951,12
92909,92952,12
92910,92955,14
92911,92955,13
92912,92956,12
92913,92956,11
92914,92957,14
92915,92957,13
92916,92958,14
92917,92959,14
92918,92959,15
92919,92960,15
92920,92960,15
92921,92962,11
92922,92962,14
92923,92964,11
92924,92965,13
92925,92965,15
92926,92966,11
92927,92967,11
92928,92970,11
92929,92972,15
92930,92972,14
92931,92973,13
92932,92973,14
92933,92976,12
92934,92976,14
92935,92977,14
92936,92977,13
92937,92978,12
92938,92980,13
92939,92980,11
92940,92981,11
92941,92981,14
92942,92982,11
92943,92982,13
92944,92983,13
92945,92983,15
92946,92984,15
92947,92984,13
92948,92985,11
92949,92986,14
92950,92986,12
92951,92987,11
92952,92987,13
92953,92988,13
92954,92988,13
92955,92989,11
92956,92991,15
92957,92993,13
92958,92994,13
92959,92995,15
92960,92995,13
92961,92996,14
92962,92996,15
92963,92997,14
92964,92998,15
92965,92998,15
92966,93001,15
92967,93003,12
92968,93005,13
92969,93006,15
92970,93006,13
92971,93007,14
92972,93008,13
92973,93009,13
92974,93009,12
92975,93010,14
92976,93011,12
92977,93012,11
92978,93012,14
92979,93014,15
92980,93016,11
92981,93017,11
92982,93018,11
92983,93018,14
92984,93019,11
92985,93021,11
92986,93022,15
92987,93023,13
92988,93025,15
92989,93025,12
92990,93026,12
92991,93027,15
92992,93027,12
92993,93028,14
92994,93033,15
92995,93033,13
92996,93034,13
92997,93034,12
92998,93035,14
92999,93035,15
93000,93036,14
93001,93036,13
93002,93037,12
93003,93039,12
93004,93040,11
93005,93041,11
93006,93041,13
93007,93042,12
93008,93042,13
93009,93043,13
93010,93045,13
93011,93045,15
93012,93047,13
93013,93047,11
93014,93048,14
93015,93048,14
93016,93049,15
93017,93050,13
93018,93050,11
93019,93052,13
93020,93054,15
93021,93054,12
93022,93055,12
93023,93055,13
93024,93056,15
93025,93056,15
93026,93057,15
93027,93060,12
93028,93062,15
93029,93064,12
93030,93064,15
93031,93066,12
93032,93067,12
93033,93067,11
93034,93068,15
93035,93068,11
93036,93070,12
93037,93070,14
93038,93073,13
93039,93074,13
93040,93074,12
93041,93075,13
93042,93076,15
93043,93077,15
93044,93077,14
93045,93078,14
93046,93078,13
93047,93079,15
93048,93080,12
93049,93084,14
93050,93085,12
93051,93085,13
93052,93086,13
93053,93087,14
93054,93087,15
93055,93088,12
93056,93090,13
93057,93090,15
93058,93091,11
93059,93091,14
93060,93095,14
93061,93095,13
93062,93096,11
93063,93096,13
93064,93097,11
93065,93099,15
93066,93099,11
93067,93100,11
93068,93100,13
93069,93102,14
93070,93103,11
93071,93105,12
93072,93106,15
93073,93107,11
93074,93107,13
93075,93108,15
93076,93108,15
93077,93109,15
93078,93111,13
93079,93111,15
93080,93114,12
93081,93117,13
93082,93117,13
93083,93118,13
93084,93119,12
93085,93120,11
93086,93120,11
93087,93122,11
93088,93123,13
93089,93124,13
93090,93125,11
93091,93125,14
93092,93126,11
93093,93127,15
93094,93128,14
93095,93129,12
93096,93130,15
93097,93131,14
93098,93131,14
93099,93133,13
93100,93134,15
93101,93134,14
93102,93135,15
93103,93135,11
93104,93136,14
93105,93137,12
93106,93137,13
93107,93138,15
93108,93138,15
93109,93139,13
93110,93142,12
93111,93142,14
93112,93143,12
93113,93145,12
93114,93145,13
93115,93146,12
93116,93146,11
93117,93147,12
93118,93149,14
93119,93150,12
93120,93150,13
93121,93153,11
93122,93153,14
93123,93156,15
93124,93158,15
93125,93158,11
93126,93159,14
93127,93160,11
93128,93161,12
93129,93162,15
93130,93162,15
93131,93163,13
93132,93163,13
93133,93164,13
93134,93164,12
93135,93166,13
93136,93166,13
93137,93167,15
93138,93167,14
93139,93169,13
93140,93170,14
93141,93171,15
93142,93172,12
93143,93173,15
93144,93173,12
93145,93174,13
93146,93175,15
93147,93175,13
93148,93178,14
93149,93180,12
93150,93181,11
93151,93181,15
93152,93182,12
93153,93182,15
93154,93186,14
93155,93187,14
93156,93189,11
93157,93191,14
93158,93192,15
93159,93192,11
93160,93194,14
93161,93194,15
93162,93195,15
93163,93197,12
93164,93199,12
93165,93201,12
93166,93201,15
93167,93203,12
93168,93203,15
93169,93204,14
93170,93206,13
93171,93206,11
93172,93207,15
93173,93210,12
93174,93210,11
93175,93211,14
93176,93212,14
93177,93218,15
93178,93218,12
93179,93219,15
93180,93221,13
93181,93221,12
93182,93222,12
93183,93223,11
93184,93225,12
93185,93225,14
93186,93226,15
93187,93227,13
93188,93228,12
93189,93231,12
93190,93232,11
93191,93232,11
93192,93233,11
93193,93233,14
93194,93236,12
93195,93240,12
93196,93240,13
93197,93241,12
93198,93242,11
93199,93242,15
93200,93243,12
93201,93244,11
93202,93245,15
93203,93245,12
93204,93247,12
93205,93249,13
93206,93250,13
93207,93250,12
93208,93252,11
93209,93252,11
93210,93253,11
93211,93253,14
93212,93254,12
93213,93254,12
93214,93256,12
93215,93256,11
93216,93257,11
93217,93259,12
93218,93259,12
93219,93260,11
93220,93260,13
93221,93261,11
93222,93262,15
93223,93262,14
93224,93263,13
93225,93263,13
93226,93264,13
93227,93264,14
93228,93265,13
93229,93265,13
93230,93266,12
93231,93266,14
93232,93267,12
93233,93267,13
93234,93268,12
93235,93268,12
93236,93269,14
93237,93270,14
93238,93270,12
93239,93272,15
93240,93272,11
93241,93273,14
93242,93273,11
93243,93274,14
93244,93275,12
93245,93276,14
93246,93279,14
93247,93280,14
93248,93281,13
93249,93282,11
93250,93282,11
93251,93284,12
93252,93285,11
93253,93285,12
93254,93286,12
93255,93287,11
93256,93287,11
93257,93288,12
93258,93289,13
93259,93290,15
93260,93290,11
93261,93292,12
93262,93294,11
93263,93295,11
93264,93296,11
93265,93298,15
93266,93301,12
93267,93301,13
93268,93303,15
93269,93303,15
93270,93304,11
93271,93304,14
93272,93305,14
93273,93306,11
93274,93307,15
93275,93310,15
93276,93311,14
93277,93311,13
93278,93312,11
93279,93313,13
93280,93316,15
93281,93316,12
93282,93317,11
93283,93317,13
93284,93318,15
93285,93318,15
93286,93319,12
93287,93319,11
93288,93320,13
93289,93320,14
93290,93321,11
93291,93321,13
93292,93322,11
93293,93322,11
93294,93323,12
93295,93326,15
93296,93327,11
93297,93328,12
93298,93328,13
93299,93329,11
93300,93331,11
93301,93331,12
93302,93332,14
93303,93334,11
93304,93334,15
93305,93335,15
93306,93337,14
93307,93337,13
93308,93338,13
93309,93338,11
93310,93341,13
93311,93342,12
93312,93342,11
93313,93344,15
93314,93344,13
93315,93346,14
93316,93348,15
93317,93349,12
93318,93349,12
93319,93350,11
93320,93351,11
93321,93352,14
93322,93354,12
93323,93359,13
93324,93360,11
93325,93362,15
93326,93365,13
93327,93365,13
93328,93367,14
93329,93367,13
93330,93370,11
93331,93374,14
93332,93375,12
93333,93377,12
93334,93377,15
93335,93379,14
93336,93381,11
93337,93383,14
93338,93385,14
93339,93387,11
93340,93388,12
93341,93388,12
93342,93390,14
93343,93391,12
93344,93392,12
93345,93393,14
93346,93393,15
93347,93394,11
93348,93395,11
93349,93396,13
93350,93397,14
93351,93397,12
93352,93400,11
93353,93400,13
93354,93401,11
93355,93402,14
93356,93403,15
93357,93403,15
93358,93404,14
93359,93405,11
93360,93405,15
93361,93406,11
93362,93406,14
93363,93408,14
93364,93408,15
93365,93410,14
93366,93410,14
93367,93411,14
93368,93412,13
93369,93412,14
93370,93413,14
93371,93413,11
93372,93417,11
93373,93417,11
93374,93419,12
93375,93419,12
93376,93421,11
93377,93422,15
93378,93422,12
93379,93424,12
93380,93424,14
93381,93425,13
93382,93425,11
93383,93427,13
93384,93427,14
93385,93428,15
93386,93428,13
93387,93429,15
93388,93430,14
93389,93434,14
93390,93435,13
93391,93435,12
93392,93437,13
93393,93439,15
93394,93440,13
93395,93441,14
93396,93442,13
93397,93444,12
93398,93444,15
93399,93446,15
93400,93447,13
93401,93447,13
93402,93449,14
93403,93450,15
93404,93451,12
93405,93451,14
93406,93452,14
93407,93453,15
93408,93455,14
93409,93455,12
93410,93456,12
93411,93456,12
93412,93457,14
93413,93457,12
93414,93458,11
93415,93458,12
93416,93460,14
93417,93460,13
93418,93461,14
93419,93463,11
93420,93463,13
93421,93465,13
93422,93465,14
93423,93467,14
93424,93467,11
93425,93468,14
93426,93468,13
93427,93470,13
93428,93471,12
93429,93471,14
93430,93472,12
93431,93472,11
93432,93474,14
93433,93475,11
93434,93476,15
93435,93476,14
93436,93478,14
93437,93479,13
93438,93480,15
93439,93481,15
93440,93482,11
93441,93484,14
93442,93486,11
93443,93488,12
93444,93488,14
93445,93490,12
93446,93492,12
93447,93493,15
93448,93493,12
93449,93494,14
93450,93494,11
93451,93495,15
93452,93496,14
93453,93496,12
93454,93497,13
93455,93499,15
93456,93501,11
93457,93501,11
93458,93502,11
93459,93503,11
93460,93504,13
93461,93504,15
93462,93506,15
93463,93506,14
93464,93507,13
93465,93508,15
93466,93508,15
93467,93510,11
93468,93512,13
93469,93512,13
93470,93514,14
93471,93514,11
93472,93517,15
93473,93518,11
93474,93520,12
93475,93521,15
93476,93521,14
93477,93522,12
93478,93522,13
93479,93524,12
93480,93524,13
93481,93525,11
93482,93527,14
93483,93527,12
93484,93528,14
93485,93529,14
93486,93530,15
93487,93530,13
93488,93531,13
93489,93534,15
93490,93534,14
93491,93535,13
93492,93539,12
93493,93540,11
93494,93542,15
93495,93542,12
93496,93543,13
93497,93543,12
93498,93544,14
93499,93545,14
93500,93545,14
93501,93549,12
93502,93550,11
93503,93550,13
93504,93553,14
93505,93556,15
93506,93556,11
93507,93559,11
93508,93562,15
93509,93564,11
93510,93565,12
93511,93566,15
93512,93568,14
93513,93568,13
93514,93570,11
93515,93572,13
93516,93572,13
93517,93574,13
93518,93574,13
93519,93575,11
93520,93575,13
93521,93576,12
93522,93577,14
93523,93578,15
93524,93578,11
93525,93579,15
93526,93579,11
93527,93580,12
93528,93581,14
93529,93583,12
93530,93583,13
93531,93588,12
93532,93588,13
93533,93589,14
93534,93590,14
93535,93590,13
93536,93591,14
93537,93591,14
93538,93592,15
93539,93592,11
93540,93594,11
93541,93594,13
93542,93596,13
93543,93596,15
93544,93597,12
93545,93599,13
93546,93599,15
93547,93601,11
93548,93602,12
93549,93602,12
93550,93604,13
93551,93604,15
93552,93607,14
93553,93607,13
93554,93608,12
93555,93609,13
93556,93610,12
93557,93611,11
93558,93611,13
93559,93613,11
93560,93613,15
93561,93614,11
93562,93614,13
93563,93616,15
93564,93616,15
93565,93618,14
93566,93618,12
93567,93621,11
93568,93621,14
93569,93622,13
93570,93623,12
93571,93626,11
93572,93628,15
93573,93629,11
93574,93630,12
93575,93633,13
93576,93633,13
93577,93635,11
93578,93635,14
93579,93636,11
93580,93637,12
93581,93641,12
93582,93641,13
93583,93642,11
93584,93644,15
93585,93646,11
93586,93646,13
93587,93647,11
93588,93647,12
93589,93648,11
93590,93648,13
93591,93649,13
93592,93650,14
93593,93651,12
93594,93652,11
93595,93653,12
93596,93653,11
93597,93654,15
93598,93656,14
93599,93657,14
93600,93657,15
93601,93659,13
93602,93660,11
93603,93661,15
93604,93661,15
93605,93664,13
93606,93665,11
93607,93665,15
93608,93666,15
93609,93666,15
93610,93667,15
93611,93667,11
93612,93668,13
93613,93668,12
93614,93669,12
93615,93670,14
93616,93671,11
93617,93671,12
93618,93672,11
93619,93672,14
93620,93674,13
93621,93674,11
93622,93676,11
93623,93676,12
93624,93677,11
93625,93678,14
93626,93681,12
93627,93682,11
93628,93682,14
93629,93686,11
93630,93687,14
93631,93687,14
93632,93688,14
93633,93688,12
93634,93689,14
93635,93689,11
93636,93690,15
93637,93690,13
93638,93691,13
93639,93691,11
93640,93692,14
93641,93693,12
93642,93694,13
93643,93694,12
93644,93695,15
93645,93695,15
93646,93696,11
93647,93696,11
93648,93699,15
93649,93700,15
93650,93701,11
93651,93702,13
93652,93702,13
93653,93703,14
93654,93705,14
93655,93705,13
93656,93706,12
93657,93706,13
93658,93707,12
93659,93708,12
93660,93708,13
93661,93709,15
93662,93709,11
93663,93712,13
93664,93713,15
93665,93713,15
93666,93714,14
93667,93715,15
93668,93716,11
93669,93716,12
93670,93717,15
93671,93718,11
93672,93718,11
93673,93719,12
93674,93720,14
93675,93723,14
93676,93727,11
93677,93728,13
93678,93728,14
93679,93729,15
93680,93730,12
93681,93730,14
93682,93732,12
93683,93732,15
93684,93735,15
93685,93735,14
93686,93736,14
93687,93737,14
93688,93738,12
93689,93738,13
93690,93739,12
93691,93739,14
93692,93741,15
93693,93741,14
93694,93742,14
93695,93743,12
93696,93744,14
93697,93745,11
93698,93746,14
93699,93748,11
93700,93748,11
93701,93749,15
93702,93750,13
93703,93750,11
93704,93751,15
93705,93752,11
93706,93753,11
93707,93753,14
93708,93754,14
93709,93755,14
93710,93756,13
93711,93756,11
93712,93757,12
93713,93757,14
93714,93758,14
93715,93758,13
93716,93759,15
93717,93759,12
93718,93760,11
93719,93760,14
93720,93762,15
93721,93762,15
93722,93763,11
93723,93763,11
93724,93765,12
93725,93765,12
93726,93767,13
93727,93767,12
93728,93771,11
93729,93772,13
93730,93773,12
93731,93773,14
93732,93774,14
93733,93774,14
93734,93775,13
93735,93777,15
93736,93777,12
93737,93778,11
93738,93778,14
93739,93780,11
93740,93780,12
93741,93784,12
93742,93786,14
93743,93787,11
93744,93787,15
93745,93788,12
93746,93789,14
93747,93790,11
93748,93792,11
93749,93794,15
93750,93795,14
93751,93795,15
93752,93796,14
93753,93797,11
93754,93798,12
93755,93798,12
93756,93800,14
93757,93801,12
93758,93802,12
93759,93802,13
93760,93803,11
93761,93803,15
93762,93804,12
93763,93805,12
93764,93805,15
93765,93806,13
93766,93806,14
93767,93807,12
93768,93808,14
93769,93809,13
93770,93810,11
93771,93811,12
93772,93813,12
93773,93813,14
93774,93815,11
93775,93818,14
93776,93819,15
93777,93820,12
93778,93820,14
93779,93821,14
93780,93822,12
93781,93822,14
93782,93826,11
93783,93827,14
93784,93827,15
93785,93828,13
93786,93829,11
93787,93829,12
93788,93832,12
93789,93833,12
93790,93833,15
93791,93834,13
93792,93835,12
93793,93835,12
93794,93837,14
93795,93837,12
93796,93839,13
93797,93839,11
93798,93841,13
93799,93841,15
93800,93843,13
93801,93844,11
93802,93844,11
93803,93846,13
93804,93846,14
93805,93849,15
93806,93850,13
93807,93851,13
93808,93852,11
93809,93853,15
93810,93853,15
93811,93854,12
93812,93855,11
93813,93857,14
93814,93857,11
93815,93860,15
93816,93860,12
93817,93861,14
93818,93861,13
93819,93862,12
93820,93863,13
93821,93863,15
93822,93864,15
93823,93864,12
93824,93865,13
93825,93866,14
93826,93867,14
93827,93867,14
93828,93870,11
93829,93871,11
93830,93871,14
93831,93874,13
93832,93875,14
93833,93876,12
93834,93877,12
93835,93877,12
93836,93878,12
93837,93878,15
93838,93881,15
93839,93882,12
93840,93885,15
93841,93886,15
93842,93886,14
93843,93887,12
93844,93887,12
93845,93888,13
93846,93889,14
93847,93890,15
93848,93891,11
93849,93891,13
93850,93892,13
93851,93892,14
93852,93893,14
93853,93894,14
93854,93895,15
93855,93895,11
93856,93896,11
93857,93898,13
93858,93900,14
93859,93900,15
93860,93903,11
93861,93903,12
93862,93904,14
93863,93904,14
93864,93905,15
93865,93906,11
93866,93906,12
93867,93907,13
93868,93907,13
93869,93908,12
93870,93909,11
93871,93910,11
93872,93911,15
93873,93911,13
93874,93912,14
93875,93913,14
93876,93913,14
93877,93914,15
93878,93915,12
93879,93916,12
93880,93916,11
93881,93918,12
93882,93919,13
93883,93919,14
93884,93920,11
93885,93920,11
93886,93921,12
93887,93921,14
93888,93922,14
93889,93922,12
93890,93923,13
93891,93925,15
93892,93926,11
93893,93926,13
93894,93927,15
93895,93928,15
93896,93933,11
93897,93933,14
93898,93935,13
93899,93935,15
93900,93937,11
93901,93939,14
93902,93939,11
93903,93940,12
93904,93941,13
93905,93941,12
93906,93943,11
93907,93945,11
93908,93945,11
93909,93947,15
93910,93947,13
93911,93948,12
93912,93951,12
93913,93951,12
93914,93952,14
93915,93952,15
93916,93954,12
93917,93955,14
93918,93956,15
93919,93957,13
93920,93958,12
93921,93960,11
93922,93961,14
93923,93961,12
93924,93962,11
93925,93963,15
93926,93963,12
93927,93964,12
93928,93964,11
93929,93966,15
93930,93966,15
93931,93968,12
93932,93971,11
93933,93973,12
93934,93975,14
93935,93978,15
93936,93979,15
93937,93979,13
93938,93981,12
93939,93981,11
93940,93982,15
93941,93982,14
93942,93983,13
93943,93984,15
93944,93984,13
93945,93986,11
93946,93986,14
93947,93987,13
93948,93987,15
93949,93988,14
93950,93989,15
93951,93989,15
93952,93990,14
93953,93990,12
93954,93991,15
93955,93991,15
93956,93993,14
93957,93998,12
93958,94000,15
93959,94000,15
93960,94001,15
93961,94002,14
93962,94003,14
93963,94005,14
93964,94006,11
93965,94008,15
93966,94008,13
93967,94009,15
93968,94009,14
93969,94010,15
93970,94010,11
93971,94011,11
93972,94011,15
93973,94012,12
93974,94013,13
93975,94014,15
93976,94014,12
93977,94016,15
93978,94019,13
93979,94019,11
93980,94020,12
93981,94020,13
93982,94021,12
93983,94023,14
93984,94024,15
93985,94024,12
93986,94025,11
93987,94025,15
93988,94026,14
93989,94026,12
93990,94027,15
93991,94027,12
93992,94028,12
93993,94028,14
93994,94030,12
93995,94030,11
93996,94031,12
93997,94031,13
93998,94032,11
93999,94033,12
94000,94034,12
94001,94035,11
94002,94038,13
94003,94039,12
94004,94041,12
94005,94043,15
94006,94044,15
94007,94045,15
94008,94046,11
94009,94047,14
94010,94048,15
94011,94048,15
94012,94049,13
94013,94049,15
94014,94050,14
94015,94050,11
94016,94051,13
94017,94052,14
94018,94054,13
94019,94054,15
94020,94056,15
94021,94056,11
94022,94059,13
94023,94059,14
94024,94062,12
94025,94062,15
94026,94065,12
94027,94068,11
94028,94071,12
94029,94072,12
94030,94075,13
94031,94076,13
94032,94077,13
94033,94078,13
94034,94078,11
94035,94081,13
94036,94081,13
94037,94083,11
94038,94083,13
94039,94084,12
94040,94084,12
94041,94085,11
94042,94086,14
94043,94086,12
94044,94087,11
94045,94088,14
94046,94092,15
94047,94093,15
94048,94093,14
94049,94094,15
94050,94094,11
94051,94096,12
94052,94097,15
94053,94097,15
94054,94098,11
94055,94098,14
94056,94099,13
94057,94099,15
94058,94100,13
94059,94100,15
94060,94101,11
94061,94101,13
94062,94102,13
94063,94102,15
94064,94103,15
94065,94103,15
94066,94104,12
94067,94106,12
94068,94106,14
94069,94107,11
94070,94107,11
94071,94109,14
94072,94110,14
94073,94110,12
94074,94111,12
94075,94111,15
94076,94112,14
94077,94113,15
94078,94114,12
94079,94114,12
94080,94115,12
94081,94116,12
94082,94117,11
94083,94117,11
94084,94118,15
94085,94118,12
94086,94121,11
94087,94121,11
94088,94123,15
94089,94123,12
94090,94124,13
94091,94124,12
94092,94125,12
94093,94125,14
94094,94127,15
94095,94128,13
94096,94129,15
94097,94129,15
94098,94130,14
94099,94130,13
94100,94131,12
94101,94132,15
94102,94132,15
94103,94134,12
94104,94135,15
94105,94137,15
94106,94139,12
94107,94139,13
94108,94140,12
94109,94140,15
94110,94141,15
94111,94142,14
94112,94142,14
94113,94143,15
94114,94143,14
94115,94144,13
94116,94145,15
94117,94145,15
94118,94146,11
94119,94146,11
94120,94149,13
94121,94151,15
94122,94151,14
94123,94152,11
94124,94153,15
94125,94153,11
94126,94154,15
94127,94156,14
94128,94157,15
94129,94159,13
94130,94160,11
94131,94162,11
94132,94162,11
94133,94163,13
94134,94163,15
94135,94164,12
94136,94164,12
94137,94165,12
94138,94165,13
94139,94166,12
94140,94166,14
94141,94167,12
94142,94167,11
94143,94168,14
94144,94168,12
94145,94169,12
94146,94170,11
94147,94171,15
94148,94172,13
94149,94172,13
94150,94173,11
94151,94174,14
94152,94179,15
94153,94179,13
94154,94180,12
94155,94181,11
94156,94185,12
94157,94186,13
94158,94187,13
94159,94187,11
94160,94188,11
94161,94188,15
94162,94189,15
94163,94190,13
94164,94192,14
94165,94193,14
94166,94193,14
94167,94196,11
94168,94197,14
94169,94197,13
94170,94198,13
94171,94198,15
94172,94200,14
94173,94201,11
94174,94201,14
94175,94202,13
94176,94202,11
94177,94205,12
94178,94205,14
94179,94207,12
94180,94207,12
94181,94208,11
94182,94209,11
94183,94209,13
94184,94210,15
94185,94210,13
94186,94211,15
94187,94212,13
94188,94212,11
94189,94213,11
94190,94213,15
94191,94214,15
94192,94214,14
94193,94220,12
94194,94220,13
94195,94221,13
94196,94221,13
94197,94222,15
94198,94228,14
94199,94229,12
94200,94229,15
94201,94232,14
94202,94233,13
94203,94233,13
94204,94234,15
94205,94234,14
94206,94235,12
94207,94236,15
94208,94237,11
94209,94238,13
94210,94239,14
94211,94240,15
94212,94240,11
94213,94241,14
94214,94242,11
94215,94244,13
94216,94245,12
94217,94246,11
94218,94246,14
94219,94247,13
94220,94248,12
94221,94248,12
94222,94249,14
94223,94249,12
94224,94250,15
94225,94250,12
94226,94253,13
94227,94253,14
94228,94254,12
94229,94255,14
94230,94255,11
94231,94257,11
94232,94258,14
94233,94258,13
94234,94259,13
94235,94259,15
94236,94261,13
94237,94261,14
94238,94262,11
94239,94263,12
94240,94263,13
94241,94264,11
94242,94265,14
94243,94266,11
94244,94266,12
94245,94267,14
94246,94268,11
94247,94268,15
94248,94270,12
94249,94270,13
94250,94271,15
94251,94272,14
94252,94273,11
94253,94273,15
94254,94275,13
94255,94275,13
94256,94278,15
94257,94282,13
94258,94283,11
94259,94284,14
94260,94285,13
94261,94285,11
94262,94286,13
94263,94288,14
94264,94288,14
94265,94289,14
94266,94289,14
94267,94290,15
94268,94291,14
94269,94295,13
94270,94295,11
94271,94296,12
94272,94296,12
94273,94297,12
94274,94297,13
94275,94298,14
94276,94298,12
94277,94299,13
94278,94299,15
94279,94301,13
94280,94302,15
94281,94304,12
94282,94305,12
94283,94306,14
94284,94307,14
94285,94309,15
94286,94309,11
94287,94311,13
94288,94311,13
94289,94314,13
94290,94315,13
94291,94315,12
94292,94316,15
94293,94318,13
94294,94320,11
94295,94320,12
94296,94321,14
94297,94322,11
94298,94323,12
94299,94323,12
94300,94324,14
94301,94324,12
94302,94325,12
94303,94326,15
94304,94327,12
94305,94329,11
94306,94329,13
94307,94331,14
94308,94331,14
94309,94332,12
94310,94333,11
94311,94333,12
94312,94334,14
94313,94334,12
94314,94335,13
94315,94336,11
94316,94336,13
94317,94338,14
94318,94340,15
94319,94341,12
94320,94341,11
94321,94344,14
94322,94347,14
94323,94347,12
94324,94348,13
94325,94348,12
94326,94349,15
94327,94349,12
94328,94350,15
94329,94350,12
94330,94351,11
94331,94351,12
94332,94352,15
94333,94353,11
94334,94353,14
94335,94354,13
94336,94354,14
94337,94355,14
94338,94355,15
94339,94356,15
94340,94356,13
94341,94359,12
94342,94361,14
94343,94362,12
94344,94362,12
94345,94365,11
94346,94365,15
94347,94366,12
94348,94367,15
94349,94368,11
94350,94368,15
94351,94369,15
94352,94369,13
94353,94370,15
94354,94370,11
94355,94374,12
94356,94376,11
94357,94376,13
94358,94381,15
94359,94381,13
94360,94382,13
94361,94385,13
94362,94387,12
94363,94388,13
94364,94388,13
94365,94390,11
94366,94391,13
94367,94392,11
94368,94392,14
94369,94393,13
94370,94393,12
94371,94394,14
94372,94394,15
94373,94398,13
94374,94398,12
94375,94399,11
94376,94400,11
94377,94401,14
94378,94401,13
94379,94404,14
94380,94404,14
94381,94405,15
94382,94409,12
94383,94409,11
94384,94410,14
94385,94412,15
94386,94412,14
94387,94413,14
94388,94414,13
94389,94414,15
94390,94415,15
94391,94417,11
94392,94417,14
94393,94418,13
94394,94419,15
94395,94420,13
94396,94421,12
94397,94422,15
94398,94422,12
94399,94423,12
94400,94425,12
94401,94426,13
94402,94428,14
94403,94429,13
94404,94429,13
94405,94430,14
94406,94431,11
94407,94431,11
94408,94432,11
94409,94435,15
94410,94436,13
94411,94437,12
94412,94438,15
94413,94438,14
94414,94439,11
94415,94441,13
94416,94442,14
94417,94443,14
94418,94443,13
94419,94448,11
94420,94449,14
94421,94450,11
94422,94451,15
94423,94451,13
94424,94455,12
94425,94456,12
94426,94456,13
94427,94457,13
94428,94460,15
94429,94460,13
94430,94461,11
94431,94461,15
94432,94463,11
94433,94463,14
94434,94464,11
94435,94464,15
94436,94466,12
94437,94466,12
94438,94467,11
94439,94467,11
94440,94468,12
94441,94468,11
94442,94470,11
94443,94471,15
94444,94471,15
94445,94472,15
94446,94472,12
94447,94473,13
94448,94474,13
94449,94474,11
94450,94477,11
94451,94480,13
94452,94480,11
94453,94482,12
94454,94482,11
94455,94483,14
94456,94484,14
94457,94484,15
94458,94485,12
94459,94487,14
94460,94487,15
94461,94490,13
94462,94491,13
94463,94493,11
94464,94493,12
94465,94494,14
94466,94494,13
94467,94495,12
94468,94495,15
94469,94498,11
94470,94499,11
94471,94500,11
94472,94501,15
94473,94501,14
94474,94503,12
94475,94503,11
94476,94506,13
94477,94506,11
94478,94507,12
94479,94508,14
94480,94509,14
94481,94509,11
94482,94510,15
94483,94511,14
94484,94511,13
94485,94512,12
94486,94513,11
94487,94513,12
94488,94514,12
94489,94514,12
94490,94515,12
94491,94515,14
94492,94517,13
94493,94517,14
94494,94519,12
94495,94519,11
94496,94522,11
94497,94523,15
94498,94523,12
94499,94524,14
94500,94524,12
94501,94525,12
94502,94526,11
94503,94528,13
94504,94529,14
94505,94529,12
94506,94530,12
94507,94531,13
94508,94533,15
94509,94533,11
94510,94535,13
94511,94537,15
94512,94537,11
94513,94538,11
94514,94540,15
94515,94541,15
94516,94541,14
94517,94542,14
94518,94543,15
94519,94544,14
94520,94544,12
94521,94545,12
94522,94545,14
94523,94546,11
94524,94548,14
94525,94549,15
94526,94549,14
94527,94552,12
94528,94552,14
94529,94553,15
94530,94554,12
94531,94555,12
94532,94555,15
94533,94556,12
94534,94557,14
94535,94557,13
94536,94558,11
94537,94558,15
94538,94559,13
94539,94560,14
94540,94560,11
94541,94561,15
94542,94562,14
94543,94564,14
94544,94565,12
94545,94565,14
94546,94567,14
94547,94567,12
94548,94568,14
94549,94568,13
94550,94569,13
94551,94570,15
94552,94571,14
94553,94572,11
94554,94573,15
94555,94578,11
94556,94579,14
94557,94579,13
94558,94580,13
94559,94581,12
94560,94581,14
94561,94583,13
94562,94583,15
94563,94584,11
94564,94585,13
94565,94585,13
94566,94586,13
94567,94586,11
94568,94588,12
94569,94589,15
94570,94591,12
94571,94592,12
94572,94592,13
94573,94595,15
94574,94596,11
94575,94597,12
94576,94598,12
94577,94598,14
94578,94599,13
94579,94599,11
94580,94601,14
94581,94602,12
94582,94602,11
94583,94603,11
94584,94604,11
94585,94606,13
94586,94607,14
94587,94609,14
94588,94609,15
94589,94610,13
94590,94610,14
94591,94611,11
94592,94612,11
94593,94612,14
94594,94613,15
94595,94614,11
94596,94614,14
94597,94615,14
94598,94615,15
94599,94616,14
94600,94616,15
94601,94619,14
94602,94620,14
94603,94621,15
94604,94621,12
94605,94622,13
94606,94624,15
94607,94625,11
94608,94625,11
94609,94626,11
94610,94627,15
94611,94627,12
94612,94628,15
94613,94628,13
94614,94630,12
94615,94631,15
94616,94631,12
94617,94632,15
94618,94634,12
94619,94634,15
94620,94636,14
94621,94636,14
94622,94637,12
94623,94638,13
94624,94638,14
94625,94639,12
94626,94639,15
94627,94641,14
94628,94642,12
94629,94644,14
94630,94644,11
94631,94645,12
94632,94647,12
94633,94649,13
94634,94652,12
94635,94652,15
94636,94653,14
94637,94653,14
94638,94654,13
94639,94654,13
94640,94655,15
94641,94656,11
94642,94656,12
94643,94659,12
94644,94659,15
94645,94660,14
94646,94661,15
94647,94661,12
94648,94662,15
94649,94663,14
94650,94663,12
94651,94664,14
94652,94667,11
94653,94667,13
94654,94669,15
94655,94670,12
94656,94671,12
94657,94671,12
94658,94673,14
94659,94673,15
94660,94675,15
94661,94676,12
94662,94676,13
94663,94677,11
94664,94677,14
94665,94678,13
94666,94678,15
94667,94681,11
94668,94681,14
94669,94682,13
94670,94682,12
94671,94683,13
94672,94684,11
94673,94685,12
94674,94685,14
94675,94687,11
94676,94690,13
94677,94690,11
94678,94691,14
94679,94692,13
94680,94692,13
94681,94693,13
94682,94696,13
94683,94699,12
94684,94699,11
94685,94700,13
94686,94701,12
94687,94701,12
94688,94708,11
94689,94709,15
94690,94709,14
94691,94710,15
94692,94711,12
94693,94713,14
94694,94713,12
94695,94714,12
94696,94714,13
94697,94715,13
94698,94715,15
94699,94716,15
94700,94716,11
94701,94717,13
94702,94717,15
94703,94718,15
94704,94719,13
94705,94719,14
94706,94722,14
94707,94723,14
94708,94723,14
94709,94724,13
94710,94724,15
94711,94725,15
94712,94725,11
94713,94726,14
94714,94726,12
94715,94727,12
94716,94727,13
94717,94728,12
94718,94728,13
94719,94730,15
94720,94731,15
94721,94732,11
94722,94733,15
94723,94734,13
94724,94734,12
94725,94735,12
94726,94737,14
94727,94737,14
94728,94738,14
94729,94741,15
94730,94743,11
94731,94746,14
94732,94746,15
94733,94747,14
94734,94748,11
94735,94749,14
94736,94750,15
94737,94750,13
94738,94752,14
94739,94752,11
94740,94755,14
94741,94757,12
94742,94758,12
94743,94758,12
94744,94759,12
94745,94759,15
94746,94761,11
94747,94763,14
94748,94764,11
94749,94764,15
94750,94767,15
94751,94769,13
94752,94770,14
94753,94773,15
94754,94773,13
94755,94774,15
94756,94775,12
94757,94775,12
94758,94776,11
94759,94776,11
94760,94777,11
94761,94777,15
94762,94778,13
94763,94780,12
94764,94780,15
94765,94781,13
94766,94782,14
94767,94785,13
94768,94786,14
94769,94787,11
94770,94787,14
94771,94788,14
94772,94788,12
94773,94789,15
94774,94791,15
94775,94791,12
94776,94792,13
94777,94795,11
94778,94795,11
94779,94796,12
94780,94796,11
94781,94797,12
94782,94797,13
94783,94800,12
94784,94802,15
94785,94803,15
94786,94803,11
94787,94804,12
94788,94806,15
94789,94806,11
94790,94807,11
94791,94808,13
94792,94809,15
94793,94809,15
94794,94810,12
94795,94810,12
94796,94811,11
94797,94812,11
94798,94812,12
94799,94813,12
94800,94814,14
94801,94814,15
94802,94815,11
94803,94815,13
94804,94817,11
94805,94820,11
94806,94822,12
94807,94823,12
94808,94823,15
94809,94824,13
94810,94825,15
94811,94826,12
94812,94826,12
94813,94828,14
94814,94828,14
94815,94829,14
94816,94831,15
94817,94832,15
94818,94832,12
94819,94834,15
94820,94837,11
94821,94838,11
94822,94840,12
94823,94841,13
94824,94841,11
94825,94843,15
94826,94844,11
94827,94844,15
94828,94845,11
94829,94846,15
94830,94846,14
94831,94847,14
94832,94847,12
94833,94848,11
94834,94848,12
94835,94850,11
94836,94851,13
94837,94852,13
94838,94854,11
94839,94855,11
94840,94856,13
94841,94856,12
94842,94858,14
94843,94859,11
94844,94859,13
94845,94860,13
94846,94860,13
94847,94862,15
94848,94863,14
94849,94863,11
94850,94864,15
94851,94864,15
94852,94865,13
94853,94865,14
94854,94866,11
94855,94866,12
94856,94868,14
94857,94868,11
94858,94869,15
94859,94869,12
94860,94870,12
94861,94871,11
94862,94873,15
94863,94874,14
94864,94875,15
94865,94877,12
94866,94877,14
94867,94878,14
94868,94878,14
94869,94879,12
94870,94879,12
94871,94882,13
94872,94883,11
94873,94885,11
94874,94885,14
94875,94887,15
94876,94888,15
94877,94889,11
94878,94891,14
94879,94891,15
94880,94892,12
94881,94892,15
94882,94898,13
94883,94898,12
94884,94900,13
94885,94900,15
94886,94901,13
94887,94901,13
94888,94903,12
94889,94904,11
94890,94904,11
94891,94907,14
94892,94907,11
94893,94908,15
94894,94908,11
94895,94910,11
94896,94910,12
94897,94911,14
94898,94913,11
94899,94913,15
94900,94914,12
94901,94915,15
94902,94915,12
94903,94916,11
94904,94918,13
94905,94918,11
94906,94919,14
94907,94919,11
94908,94920,15
94909,94920,15
94910,94921,11
94911,94921,12
94912,94928,11
94913,94929,12
94914,94930,14
94915,94930,14
94916,94931,11
94917,94932,13
94918,94934,12
94919,94936,12
94920,94936,12
94921,94938,12
94922,94938,14
94923,94940,15
94924,94940,12
94925,94941,14
94926,94941,11
94927,94942,12
94928,94942,14
94929,94943,12
94930,94944,11
94931,94944,15
94932,94945,11
94933,94945,11
94934,94946,13
94935,94947,11
94936,94947,13
94937,94948,14
94938,94949,12
94939,94949,11
94940,94951,14
94941,94952,15
94942,94952,15
94943,94953,11
94944,94954,11
94945,94955,11
94946,94955,12
94947,94957,12
94948,94959,13
94949,94959,12
94950,94960,11
94951,94961,12
94952,94962,13
94953,94962,14
94954,94963,13
94955,94964,11
94956,94965,13
94957,94965,15
94958,94966,12
94959,94966,13
94960,94968,11
94961,94968,13
94962,94969,13
94963,94970,12
94964,94970,13
94965,94972,12
94966,94974,15
94967,94974,13
94968,94975,13
94969,94977,13
94970,94977,12
94971,94979,14
94972,94983,11
94973,94984,12
94974,94984,14
94975,94986,11
94976,94987,13
94977,94987,12
94978,94989,11
94979,94990,15
94980,94990,13
94981,94992,11
94982,94992,11
94983,94993,12
94984,94994,12
94985,94994,15
94986,94995,14
94987,94995,14
94988,94997,12
94989,94998,11
94990,94999,15
94991,95001,11
94992,95001,14
94993,95005,11
94994,95006,14
94995,95006,12
94996,95007,13
94997,95007,11
94998,95008,11
94999,95009,14
95000,95009,11
95001,95010,11
95002,95012,14
95003,95012,15
95004,95013,13
95005,95014,14
95006,95016,11
95007,95016,12
95008,95017,11
95009,95017,14
95010,95021,11
95011,95021,12
95012,95023,14
95013,95023,12
95014,95024,13
95015,95025,14
95016,95026,13
95017,95026,15
95018,95030,13
95019,95030,12
95020,95032,12
95021,95032,13
95022,95033,15
95023,95033,11
95024,95036,11
95025,95037,13
95026,95037,14
95027,95038,12
95028,95040,13
95029,95040,13
95030,95041,14
95031,95041,12
95032,95042,13
95033,95043,14
95034,95043,11
95035,95045,15
95036,95046,11
95037,95046,14
95038,95047,15
95039,95047,15
95040,95048,11
95041,95048,12
95042,95049,14
95043,95049,11
95044,95052,14
95045,95053,15
95046,95053,11
95047,95056,15
95048,95058,12
95049,95058,14
95050,95059,13
95051,95059,12
95052,95060,11
95053,95061,13
95054,95062,15
95055,95066,14
95056,95066,11
95057,95068,11
95058,95068,11
95059,95071,15
95060,95072,12
95061,95072,13
95062,95073,13
95063,95075,15
95064,95075,11
95065,95076,11
95066,95078,13
95067,95080,11
95068,95081,12
95069,95082,13
95070,95082,12
95071,95083,14
95072,95084,12
95073,95084,11
95074,95086,15
95075,95090,15
95076,95091,13
95077,95092,11
95078,95092,15
95079,95093,11
95080,95094,12
95081,95095,11
95082,95098,13
95083,95099,12
95084,95101,12
95085,95102,11
95086,95102,11
95087,95103,15
95088,95104,13
95089,95106,11
95090,95107,14
95091,95107,12
95092,95109,11
95093,95109,11
95094,95110,14
95095,95110,12
95096,95112,12
95097,95113,15
95098,95116,14
95099,95117,12
95100,95118,14
95101,95120,11
95102,95121,12
95103,95122,12
95104,95122,14
95105,95123,12
95106,95123,12
95107,95124,12
95108,95125,14
95109,95125,13
95110,95126,13
95111,95126,11
95112,95127,14
95113,95129,12
95114,95129,13
95115,95130,13
95116,95131,13
95117,95132,11
95118,95132,14
95119,95133,12
95120,95133,15
95121,95134,13
95122,95134,13
95123,95136,15
95124,95138,13
95125,95138,14
95126,95140,15
95127,95140,12
95128,95141,12
95129,95142,14
95130,95142,15
95131,95143,15
95132,95144,12
95133,95144,11
95134,95146,14
95135,95149,11
95136,95149,11
95137,95150,12
95138,95150,14
95139,95151,12
95140,95151,12
95141,95154,12
95142,95155,15
95143,95156,11
95144,95158,14
95145,95158,12
95146,95159,14
95147,95160,12
95148,95161,14
95149,95161,12
95150,95162,12
95151,95163,12
95152,95163,13
95153,95164,11
95154,95164,12
95155,95166,12
95156,95166,13
95157,95169,15
95158,95169,12
95159,95170,13
95160,95171,13
95161,95171,12
95162,95172,11
95163,95172,14
95164,95173,13
95165,95173,15
95166,95174,12
95167,95174,15
95168,95176,12
95169,95176,14
95170,95178,11
95171,95179,15
95172,95179,12
95173,95181,13
95174,95182,15
95175,95183,15
95176,95184,15
95177,95184,14
95178,95185,14
95179,95185,14
95180,95186,14
95181,95188,11
95182,95189,15
95183,95190,13
95184,95190,11
95185,95191,13
95186,95192,11
95187,95194,13
95188,95194,14
95189,95195,15
95190,95196,12
95191,95196,11
95192,95197,12
95193,95199,15
95194,95201,13
95195,95203,12
95196,95203,13
95197,95204,15
95198,95207,12
95199,95207,15
95200,95209,15
95201,95213,15
95202,95217,11
95203,95217,12
95204,95219,12
95205,95219,11
95206,95220,12
95207,95221,14
95208,95222,13
95209,95222,13
95210,95223,14
95211,95224,13
95212,95225,13
95213,95226,11
95214,95226,11
95215,95228,15
95216,95228,13
95217,95230,14
95218,95230,11
95219,95231,15
95220,95232,14
95221,95232,12
95222,95233,14
95223,95233,15
95224,95235,15
95225,95235,13
95226,95236,12
95227,95236,13
95228,95237,14
95229,95238,14
95230,95238,15
95231,95242,15
95232,95243,12
95233,95243,13
95234,95247,15
95235,95247,14
95236,95248,12
95237,95251,12
95238,95252,15
95239,95254,11
95240,95254,11
95241,95257,14
95242,95257,12
95243,95260,14
95244,95260,11
95245,95261,13
95246,95262,12
95247,95262,12
95248,95263,12
95249,95263,11
95250,95264,12
95251,95264,15
95252,95265,15
95253,95267,14
95254,95268,11
95255,95270,12
95256,95270,13
95257,95271,11
95258,95271,15
95259,95273,13
95260,95273,12
95261,95274,12
95262,95274,11
95263,95276,11
95264,95276,15
95265,95277,13
95266,95281,15
95267,95281,12
95268,95283,15
95269,95283,12
95270,95285,11
95271,95287,12
95272,95293,12
95273,95294,14
95274,95295,13
95275,95295,15
95276,95296,11
95277,95296,13
95278,95297,14
95279,95300,11
95280,95300,15
95281,95301,14
95282,95301,11
95283,95302,14
95284,95306,14
95285,95307,15
95286,95308,15
95287,95310,14
95288,95313,13
95289,95313,12
95290,95314,12
95291,95315,12
95292,95315,13
95293,95316,12
95294,95317,11
95295,95317,12
95296,95320,13
95297,95320,11
95298,95321,15
95299,95322,15
95300,95324,12
95301,95325,11
95302,95325,14
95303,95328,12
95304,95328,13
95305,95329,12
95306,95329,15
95307,95330,12
95308,95330,11
95309,95331,15
95310,95332,14
95311,95332,15
95312,95333,15
95313,95333,11
95314,95336,15
95315,95336,15
95316,95337,14
95317,95337,14
95318,95341,12
95319,95343,13
95320,95344,14
95321,95344,14
95322,95345,13
95323,95346,14
95324,95346,11
95325,95347,13
95326,95347,11
95327,95348,15
95328,95349,13
95329,95350,12
95330,95352,11
95331,95353,12
95332,95353,12
95333,95354,15
95334,95355,12
95335,95355,15
95336,95356,11
95337,95358,12
95338,95359,14
95339,95360,12
95340,95360,12
95341,95361,11
95342,95362,13
95343,95363,12
95344,95363,11
95345,95364,14
95346,95364,11
95347,95369,14
95348,95370,12
95349,95370,15
95350,95371,11
95351,95371,12
95352,95372,13
95353,95372,11
95354,95373,12
95355,95373,14
95356,95376,14
95357,95376,14
95358,95378,11
95359,95378,14
95360,95381,14
95361,95381,15
95362,95382,12
95363,95384,14
95364,95384,14
95365,95385,14
95366,95386,13
95367,95388,15
95368,95391,11
95369,95392,14
95370,95392,13
95371,95397,13
95372,95397,12
95373,95398,11
95374,95398,11
95375,95401,12
95376,95402,15
95377,95403,11
95378,95403,11
95379,95405,11
95380,95405,12
95381,95406,13
95382,95406,11
95383,95407,14
95384,95408,13
95385,95408,15
95386,95409,11
95387,95409,15
95388,95411,13
95389,95413,12
95390,95414,14
95391,95415,12
95392,95416,13
95393,95416,11
95394,95417,13
95395,95420,12
95396,95421,14
95397,95421,13
95398,95422,14
95399,95422,13
95400,95423,11
95401,95425,12
95402,95426,15
95403,95426,11
95404,95427,11
95405,95427,12
95406,95428,14
95407,95428,12
95408,95429,14
95409,95429,11
95410,95430,12
95411,95430,11
95412,95432,12
95413,95432,12
95414,95433,14
95415,95436,11
95416,95439,12
95417,95440,13
95418,95440,14
95419,95441,14
95420,95441,13
95421,95442,13
95422,95444,15
95423,95444,14
95424,95448,15
95425,95448,12
95426,95449,15
95427,95450,14
95428,95451,14
95429,95451,14
95430,95453,15
95431,95453,12
95432,95454,11
95433,95455,13
95434,95456,12
95435,95456,13
95436,95457,12
95437,95457,15
95438,95458,11
95439,95458,11
95440,95460,13
95441,95463,14
95442,95464,15
95443,95467,12
95444,95467,12
95445,95468,11
95446,95468,12
95447,95469,14
95448,95472,15
95449,95473,13
95450,95474,13
95451,95475,13
95452,95476,13
95453,95477,13
95454,95478,15
95455,95478,14
95456,95479,14
95457,95481,13
95458,95481,11
95459,95482,14
95460,95482,11
95461,95484,13
95462,95484,11
95463,95485,13
95464,95486,15
95465,95486,14
95466,95487,13
95467,95487,12
95468,95488,11
95469,95489,13
95470,95490,12
95471,95490,11
95472,95491,13
95473,95492,15
95474,95492,14
95475,95493,15
95476,95494,13
95477,95494,13
95478,95497,14
95479,95497,11
95480,95498,13
95481,95499,15
95482,95500,13
95483,95500,14
95484,95501,12
95485,95502,14
95486,95503,11
95487,95504,14
95488,95504,15
95489,95505,14
95490,95507,14
95491,95508,13
95492,95508,15
95493,95509,12
95494,95510,13
95495,95512,12
95496,95515,15
95497,95519,14
95498,95519,15
95499,95520,14
95500,95520,15
95501,95521,11
95502,95522,15
95503,95522,12
95504,95523,13
95505,95525,13
95506,95525,11
95507,95526,13
95508,95527,12
95509,95527,12
95510,95530,12
95511,95530,13
95512,95531,11
95513,95532,12
95514,95532,15
95515,95534,15
95516,95534,11
95517,95539,13
95518,95541,15
95519,95541,11
95520,95543,11
95521,95544,11
95522,95544,11
95523,95546,14
95524,95546,11
95525,95547,11
95526,95548,13
95527,95548,14
95528,95549,12
95529,95550,11
95530,95551,12
95531,95552,13
95532,95552,11
95533,95553,14
95534,95553,11
95535,95556,14
95536,95558,11
95537,95558,11
95538,95561,14
95539,95562,14
95540,95563,13
95541,95565,11
95542,95566,12
95543,95567,13
95544,95568,13
95545,95568,13
95546,95569,15
95547,95571,12
95548,95571,11
95549,95572,15
95550,95572,13
95551,95573,11
95552,95573,13
95553,95575,15
95554,95576,13
95555,95576,14
95556,95577,14
95557,95578,15
95558,95579,11
95559,95580,12
95560,95580,14
95561,95583,11
95562,95586,14
95563,95586,14
95564,95587,15
95565,95587,15
95566,95589,12
95567,95590,15
95568,95590,13
95569,95591,14
95570,95592,14
95571,95593,11
95572,95593,15
95573,95594,14
95574,95594,14
95575,95596,13
95576,95596,15
95577,95598,11
95578,95600,12
95579,95601,13
95580,95601,11
95581,95602,11
95582,95603,15
95583,95604,14
95584,95604,14
95585,95605,13
95586,95605,11
95587,95606,15
95588,95607,15
95589,95607,11
95590,95608,13
95591,95608,14
95592,95609,15
95593,95609,13
95594,95610,11
95595,95610,12
95596,95611,11
95597,95612,15
95598,95613,11
95599,95613,13
95600,95614,15
95601,95615,12
95602,95616,14
95603,95616,12
95604,95617,13
95605,95617,11
95606,95618,13
95607,95618,13
95608,95619,13
95609,95620,11
95610,95621,13
95611,95621,14
95612,95622,12
95613,95622,15
95614,95624,12
95615,95624,12
95616,95625,12
95617,95625,12
95618,95626,12
95619,95626,11
95620,95629,12
95621,95631,14
95622,95631,15
95623,95632,14
95624,95633,11
95625,95634,15
95626,95634,12
95627,95640,15
95628,95642,14
95629,95643,13
95630,95644,13
95631,95645,14
95632,95650,14
95633,95650,11
95634,95652,15
95635,95653,13
95636,95655,14
95637,95655,11
95638,95657,11
95639,95658,11
95640,95658,15
95641,95659,11
95642,95662,14
95643,95663,12
95644,95663,11
95645,95668,15
95646,95668,13
95647,95671,14
95648,95671,14
95649,95672,11
95650,95673,12
95651,95673,12
95652,95678,13
95653,95678,13
95654,95679,11
95655,95680,15
95656,95680,12
95657,95682,12
95658,95683,14
95659,95683,14
95660,95684,14
95661,95686,15
95662,95687,12
95663,95689,13
95664,95689,15
95665,95691,13
95666,95692,13
95667,95693,15
95668,95693,11
95669,95694,15
95670,95696,11
95671,95697,14
95672,95698,14
95673,95699,15
95674,95702,11
95675,95702,11
95676,95703,11
95677,95704,12
95678,95705,13
95679,95707,12
95680,95707,13
95681,95708,15
95682,95708,12
95683,95709,14
95684,95709,13
95685,95710,14
95686,95710,15
95687,95714,12
95688,95714,15
95689,95716,13
95690,95717,12
95691,95717,12
95692,95718,11
95693,95718,14
95694,95720,12
95695,95722,13
95696,95723,14
95697,95725,15
95698,95726,14
95699,95726,15
95700,95727,13
95701,95727,12
95702,95728,13
95703,95729,11
95704,95729,12
95705,95730,14
95706,95732,14
95707,95732,13
95708,95733,12
95709,95735,14
95710,95736,11
95711,95736,12
95712,95737,13
95713,95738,13
95714,95738,14
95715,95739,15
95716,95740,13
95717,95741,15
95718,95743,13
95719,95743,13
95720,95745,14
95721,95745,11
95722,95746,13
95723,95747,13
95724,95748,11
95725,95749,15
95726,95749,12
95727,95751,13
95728,95751,15
95729,95752,11
95730,95753,11
95731,95753,13
95732,95754,15
95733,95760,11
95734,95761,12
95735,95761,15
95736,95763,11
95737,95763,13
95738,95764,12
95739,95765,14
95740,95765,11
95741,95766,15
95742,95767,12
95743,95767,12
95744,95769,14
95745,95770,12
95746,95771,14
95747,95771,11
95748,95772,11
95749,95772,14
95750,95773,12
95751,95773,13
95752,95775,15
95753,95776,15
95754,95777,15
95755,95777,11
95756,95779,14
95757,95780,13
95758,95782,12
95759,95783,15
95760,95785,11
95761,95785,11
95762,95786,11
95763,95787,11
95764,95787,11
95765,95788,13
95766,95788,13
95767,95789,11
95768,95789,14
95769,95790,13
95770,95791,15
95771,95791,15
95772,95792,13
95773,95792,14
95774,95793,11
95775,95796,11
95776,95796,12
95777,95797,15
95778,95798,12
95779,95799,14
95780,95800,15
95781,95800,11
95782,95801,12
95783,95801,15
95784,95802,11
95785,95803,11
95786,95803,14
95787,95807,14
95788,95808,11
95789,95808,14
95790,95809,14
95791,95810,12
95792,95811,11
95793,95812,13
95794,95814,15
95795,95815,14
95796,95815,11
95797,95816,12
95798,95819,15
95799,95820,12
95800,95821,11
95801,95822,14
95802,95822,12
95803,95824,12
95804,95825,15
95805,95827,13
95806,95829,13
95807,95829,13
95808,95830,14
95809,95830,11
95810,95831,13
95811,95831,14
95812,95832,11
95813,95832,13
95814,95833,14
95815,95838,14
95816,95840,14
95817,95845,13
95818,95845,12
95819,95847,11
95820,95847,13
95821,95848,11
95822,95849,12
95823,95849,14
95824,95851,12
95825,95852,13
95826,95853,12
95827,95854,11
95828,95856,15
95829,95858,11
95830,95859,15
95831,95860,11
95832,95860,11
95833,95862,14
95834,95863,11
95835,95864,14
95836,95865,14
95837,95865,14
95838,95867,11
95839,95867,12
95840,95868,13
95841,95868,12
95842,95869,15
95843,95870,14
95844,95874,11
95845,95875,14
95846,95875,13
95847,95876,13
95848,95879,12
95849,95881,11
95850,95881,13
95851,95884,12
95852,95884,15
95853,95886,12
95854,95887,12
95855,95887,14
95856,95889,15
95857,95890,11
95858,95890,15
95859,95891,15
95860,95892,12
95861,95892,13
95862,95893,14
95863,95893,14
95864,95894,11
95865,95894,15
95866,95895,13
95867,95896,11
95868,95896,15
95869,95898,15
95870,95898,13
95871,95899,12
95872,95900,15
95873,95901,15
95874,95901,15
95875,95902,14
95876,95902,13
95877,95905,15
95878,95906,14
95879,95907,12
95880,95908,11
95881,95909,14
95882,95910,15
95883,95910,11
95884,95911,12
95885,95911,15
95886,95912,13
95887,95912,13
95888,95913,15
95889,95914,15
95890,95914,14
95891,95917,14
95892,95917,15
95893,95918,15
95894,95919,11
95895,95925,14
95896,95927,15
95897,95928,14
95898,95930,15
95899,95930,14
95900,95931,15
95901,95932,15
95902,95933,15
95903,95933,11
95904,95934,13
95905,95934,12
95906,95936,13
95907,95937,13
95908,95941,11
95909,95942,13
95910,95942,12
95911,95944,11
95912,95945,11
95913,95946,14
95914,95946,15
95915,95947,15
95916,95947,14
95917,95948,13
95918,95951,14
95919,95951,13
95920,95953,15
95921,95954,13
95922,95955,13
95923,95955,12
95924,95956,11
95925,95956,15
95926,95957,11
95927,95958,15
95928,95958,11
95929,95959,14
95930,95959,11
95931,95960,15
95932,95960,15
95933,95962,15
95934,95962,12
95935,95964,13
95936,95964,15
95937,95965,11
95938,95966,12
95939,95966,13
95940,95969,12
95941,95970,11
95942,95970,12
95943,95971,14
95944,95971,12
95945,95972,11
95946,95972,12
95947,95979,14
95948,95979,14
95949,95981,15
95950,95982,11
95951,95984,13
95952,95985,11
95953,95985,13
95954,95986,12
95955,95988,15
95956,95988,12
95957,95989,11
95958,95989,12
95959,95990,13
95960,95992,14
95961,95992,12
95962,95993,15
95963,95995,11
95964,95995,14
95965,95996,12
95966,95998,15
95967,95998,11
95968,95999,12
95969,95999,13
95970,96000,11
95971,96000,15
95972,96001,12
95973,96001,15
95974,96002,11
95975,96002,15
95976,96003,13
95977,96005,12
95978,96005,15
95979,96010,11
95980,96011,11
95981,96012,14
95982,96012,15
95983,96015,12
95984,96016,12
95985,96017,15
95986,96017,12
95987,96018,11
95988,96019,14
95989,96021,14
95990,96023,13
95991,96023,14
95992,96024,13
95993,96025,15
95994,96025,12
95995,96026,15
95996,96028,12
95997,96029,11
95998,96030,15
95999,96030,12
96000,96032,11
96001,96032,13
96002,96034,15
96003,96034,15
96004,96035,11
96005,96036,12
96006,96037,15
96007,96037,13
96008,96038,12
96009,96038,13
96010,96042,12
96011,96043,15
96012,96043,11
96013,96044,13
96014,96048,15
96015,96048,12
96016,96049,12
96017,96051,13
96018,96051,15
96019,96054,15
96020,96056,12
96021,96056,14
96022,96058,14
96023,96060,12
96024,96060,14
96025,96062,12
96026,96062,14
96027,96063,14
96028,96063,12
96029,96064,13
96030,96065,12
96031,96065,15
96032,96066,13
96033,96068,13
96034,96068,14
96035,96069,15
96036,96069,13
96037,96070,14
96038,96072,14
96039,96072,11
96040,96074,11
96041,96074,13
96042,96075,14
96043,96075,11
96044,96076,14
96045,96076,14
96046,96078,15
96047,96079,11
96048,96080,15
96049,96080,14
96050,96081,12
96051,96082,15
96052,96084,13
96053,96085,15
96054,96085,12
96055,96087,15
96056,96088,13
96057,96088,12
96058,96091,12
96059,96093,15
96060,96097,11
96061,96099,11
96062,96100,11
96063,96101,12
96064,96106,14
96065,96106,13
96066,96107,12
96067,96107,12
96068,96109,13
96069,96109,13
96070,96110,15
96071,96111,15
96072,96113,12
96073,96114,14
96074,96115,14
96075,96116,11
96076,96116,14
96077,96118,13
96078,96119,12
96079,96119,15
96080,96120,13
96081,96123,15
96082,96125,14
96083,96125,13
96084,96126,14
96085,96128,15
96086,96128,15
96087,96130,12
96088,96130,14
96089,96131,12
96090,96131,12
96091,96135,14
96092,96137,13
96093,96139,14
96094,96139,11
96095,96140,14
96096,96141,11
96097,96142,12
96098,96143,13
96099,96146,13
96100,96146,14
96101,96147,12
96102,96148,13
96103,96148,15
96104,96150,13
96105,96151,12
96106,96152,12
96107,96152,13
96108,96153,15
96109,96154,14
96110,96154,14
96111,96157,14
96112,96158,13
96113,96158,15
96114,96159,11
96115,96159,12
96116,96160,11
96117,96161,12
96118,96161,14
96119,96162,13
96120,96162,15
96121,96164,14
96122,96165,12
96123,96170,13
96124,96170,11
96125,96172,15
96126,96172,15
96127,96173,14
96128,96173,13
96129,96174,15
96130,96175,14
96131,96177,13
96132,96178,12
96133,96178,15
96134,96179,11
96135,96179,14
96136,96180,15
96137,96180,15
96138,96181,14
96139,96182,13
96140,96183,13
96141,96184,12
96142,96184,13
96143,96185,15
96144,96185,11
96145,96186,15
96146,96186,12
96147,96187,13
96148,96187,13
96149,96189,15
96150,96189,14
96151,96190,12
96152,96190,13
96153,96193,13
96154,96194,13
96155,96194,11
96156,96195,14
96157,96197,14
96158,96198,15
96159,96198,11
96160,96199,12
96161,96200,14
96162,96201,14
96163,96202,13
96164,96203,11
96165,96203,15
96166,96205,13
96167,96207,13
96168,96207,12
96169,96208,13
96170,96208,12
96171,96211,15
96172,96211,14
96173,96212,14
96174,96213,11
96175,96213,13
96176,96214,11
96177,96215,11
96178,96216,15
96179,96217,12
96180,96218,12
96181,96220,11
96182,96220,13
96183,96221,11
96184,96223,11
96185,96224,14
96186,96224,15
96187,96226,14
96188,96226,15
96189,96227,13
96190,96228,13
96191,96231,13
96192,96234,11
96193,96235,12
96194,96235,14
96195,96237,15
96196,96238,15
96197,96240,11
96198,96241,11
96199,96241,12
96200,96242,14
96201,96243,14
96202,96243,14
96203,96245,15
96204,96245,15
96205,96247,15
96206,96247,11
96207,96251,11
96208,96251,14
96209,96252,11
96210,96252,11
96211,96253,11
96212,96253,13
96213,96254,11
96214,96256,11
96215,96258,15
96216,96259,12
96217,96260,12
96218,96260,13
96219,96261,14
96220,96262,14
96221,96262,13
96222,96263,12
96223,96265,13
96224,96265,14
96225,96266,15
96226,96266,12
96227,96267,15
96228,96267,14
96229,96268,12
96230,96269,11
96231,96269,14
96232,96270,13
96233,96270,11
96234,96271,12
96235,96272,15
96236,96272,14
96237,96274,14
96238,96274,12
96239,96275,15
96240,96279,12
96241,96280,11
96242,96282,15
96243,96282,13
96244,96283,15
96245,96283,15
96246,96285,14
96247,96285,15
96248,96286,14
96249,96287,11
96250,96288,14
96251,96290,13
96252,96290,11
96253,96291,11
96254,96292,12
96255,96293,11
96256,96293,15
96257,96294,11
96258,96294,11
96259,96297,11
96260,96297,11
96261,96298,11
96262,96298,12
96263,96299,11
96264,96299,15
96265,96302,14
96266,96302,15
96267,96303,11
96268,96303,15
96269,96306,11
96270,96307,12
96271,96311,11
96272,96311,14
96273,96314,12
96274,96319,11
96275,96319,15
96276,96320,13
96277,96322,11
96278,96322,15
96279,96324,15
96280,96324,14
96281,96327,14
96282,96327,12
96283,96328,13
96284,96329,12
96285,96333,12
96286,96334,13
96287,96334,13
96288,96335,14
96289,96336,14
96290,96336,15
96291,96337,11
96292,96337,14
96293,96338,15
96294,96338,13
96295,96340,12
96296,96341,14
96297,96341,14
96298,96342,13
96299,96343,11
96300,96345,12
96301,96346,13
96302,96347,11
96303,96349,15
96304,96350,15
96305,96354,13
96306,96354,14
96307,96356,12
96308,96357,15
96309,96358,14
96310,96359,12
96311,96360,14
96312,96360,11
96313,96364,15
96314,96369,14
96315,96369,14
96316,96371,14
96317,96371,12
96318,96376,13
96319,96377,13
96320,96382,15
96321,96382,15
96322,96384,13
96323,96385,11
96324,96386,12
96325,96389,15
96326,96391,14
96327,96392,11
96328,96392,13
96329,96393,15
96330,96393,14
96331,96394,13
96332,96394,14
96333,96396,14
96334,96397,11
96335,96397,15
96336,96398,15
96337,96398,11
96338,96400,12
96339,96401,13
96340,96401,14
96341,96402,13
96342,96403,14
96343,96404,12
96344,96405,15
96345,96406,14
96346,96406,13
96347,96410,11
96348,96412,12
96349,96412,14
96350,96413,12
96351,96413,13
96352,96414,15
96353,96416,12
96354,96416,12
96355,96417,15
96356,96417,11
96357,96420,12
96358,96420,14
96359,96421,15
96360,96422,13
96361,96423,15
96362,96423,15
96363,96424,12
96364,96424,15
96365,96425,13
96366,96426,11
96367,96426,15
96368,96427,14
96369,96427,15
96370,96428,15
96371,96428,13
96372,96429,13
96373,96430,14
96374,96430,12
96375,96431,12
96376,96433,15
96377,96433,14
96378,96434,15
96379,96434,14
96380,96435,14
96381,96435,12
96382,96436,12
96383,96436,11
96384,96437,12
96385,96437,15
96386,96438,11
96387,96439,14
96388,96440,11
96389,96441,14
96390,96441,14
96391,96444,15
96392,96444,12
96393,96445,14
96394,96447,14
96395,96449,14
96396,96450,15
96397,96450,11
96398,96452,15
96399,96453,12
96400,96455,15
96401,96456,13
96402,96457,14
96403,96458,15
96404,96459,12
96405,96459,15
96406,96460,12
96407,96460,13
96408,96461,11
96409,96461,14
96410,96462,11
96411,96462,11
96412,96464,12
96413,96464,13
96414,96466,11
96415,96466,11
96416,96467,15
96417,96467,11
96418,96470,11
96419,96471,13
96420,96471,15
96421,96475,13
96422,96477,15
96423,96477,15
96424,96479,13
96425,96479,11
96426,96480,12
96427,96481,11
96428,96481,13
96429,96482,15
96430,96482,13
96431,96483,12
96432,96484,15
96433,96484,11
96434,96486,13
96435,96487,11
96436,96487,14
96437,96489,11
96438,96492,15
96439,96492,12
96440,96493,12
96441,96493,12
96442,96494,13
96443,96495,11
96444,96496,14
96445,96497,14
96446,96498,13
96447,96499,12
96448,96499,13
96449,96500,13
96450,96500,12
96451,96501,14
96452,96501,12
96453,96502,12
96454,96503,11
96455,96504,13
96456,96506,12
96457,96507,13
96458,96510,11
96459,96511,11
96460,96512,15
96461,96515,14
96462,96515,15
96463,96516,15
96464,96516,14
96465,96517,11
96466,96518,11
96467,96518,15
96468,96519,14
96469,96519,11
96470,96521,14
96471,96522,11
96472,96522,11
96473,96523,15
96474,96523,13
96475,96524,14
96476,96526,14
96477,96527,15
96478,96527,11
96479,96528,14
96480,96530,12
96481,96531,13
96482,96531,11
96483,96532,14
96484,96532,12
96485,96533,14
96486,96534,15
96487,96534,11
96488,96536,14
96489,96536,15
96490,96537,14
96491,96537,12
96492,96538,15
96493,96538,15
96494,96539,11
96495,96540,14
96496,96540,15
96497,96542,15
96498,96542,13
96499,96543,11
96500,96543,11
96501,96544,11
96502,96545,13
96503,96545,14
96504,96546,13
96505,96547,13
96506,96548,12
96507,96549,15
96508,96551,11
96509,96553,11
96510,96553,14
96511,96554,15
96512,96554,11
96513,96555,13
96514,96556,13
96515,96556,12
96516,96558,12
96517,96558,15
96518,96560,13
96519,96561,15
96520,96562,11
96521,96563,14
96522,96566,15
96523,96566,12
96524,96567,15
96525,96568,13
96526,96570,11
96527,96570,13
96528,96571,14
96529,96572,14
96530,96572,15
96531,96573,13
96532,96574,12
96533,96574,11
96534,96576,13
96535,96577,15
96536,96578,12
96537,96579,12
96538,96581,12
96539,96581,12
96540,96584,15
96541,96587,12
96542,96587,12
96543,96588,13
96544,96588,14
96545,96591,13
96546,96592,13
96547,96593,13
96548,96594,14
96549,96596,12
96550,96596,12
96551,96597,11
96552,96597,13
96553,96598,12
96554,96598,14
96555,96599,13
96556,96601,11
96557,96602,14
96558,96603,14
96559,96603,12
96560,96605,14
96561,96605,15
96562,96606,14
96563,96606,14
96564,96607,13
96565,96607,13
96566,96609,12
96567,96609,12
96568,96611,14
96569,96613,15
96570,96614,11
96571,96615,13
96572,96617,14
96573,96617,14
96574,96618,12
96575,96618,14
96576,96619,15
96577,96620,15
96578,96621,12
96579,96621,15
96580,96622,14
96581,96622,14
96582,96623,13
96583,96624,12
96584,96625,13
96585,96625,11
96586,96627,13
96587,96627,11
96588,96628,13
96589,96629,15
96590,96630,13
96591,96631,11
96592,96635,13
96593,96636,11
96594,96637,11
96595,96638,13
96596,96639,13
96597,96643,15
96598,96644,13
96599,96644,15
96600,96645,13
96601,96646,15
96602,96647,12
96603,96647,14
96604,96648,13
96605,96649,12
96606,96651,12
96607,96652,15
96608,96653,12
96609,96654,12
96610,96655,11
96611,96656,11
96612,96656,15
96613,96659,14
96614,96662,14
96615,96663,14
96616,96663,14
96617,96664,12
96618,96665,14
96619,96669,15
96620,96670,11
96621,96672,12
96622,96672,15
96623,96673,13
96624,96673,14
96625,96674,11
96626,96675,14
96627,96675,14
96628,96676,15
96629,96676,11
96630,96677,11
96631,96677,15
96632,96679,12
96633,96679,11
96634,96680,15
96635,96680,14
96636,96682,14
96637,96683,15
96638,96684,14
96639,96686,11
96640,96686,13
96641,96691,11
96642,96691,12
96643,96693,12
96644,96694,11
96645,96695,15
96646,96696,13
96647,96696,11
96648,96697,11
96649,96697,12
96650,96698,13
96651,96699,12
96652,96702,15
96653,96702,11
96654,96703,14
96655,96705,12
96656,96705,14
96657,96706,11
96658,96707,11
96659,96709,15
96660,96709,12
96661,96710,15
96662,96710,11
96663,96711,13
96664,96712,11
96665,96712,11
96666,96713,13
96667,96715,14
96668,96717,13
96669,96717,12
96670,96718,15
96671,96720,15
96672,96720,15
96673,96721,15
96674,96721,11
96675,96722,11
96676,96722,12
96677,96724,13
96678,96725,14
96679,96726,12
96680,96728,14
96681,96728,14
96682,96732,15
96683,96732,15
96684,96738,11
96685,96738,15
96686,96740,15
96687,96741,12
96688,96741,14
96689,96742,11
96690,96743,15
96691,96747,11
96692,96747,15
96693,96748,14
96694,96749,15
96695,96749,12
96696,96750,15
96697,96751,14
96698,96751,11
96699,96752,14
96700,96753,13
96701,96754,11
96702,96754,11
96703,96755,12
96704,96755,11
96705,96757,15
96706,96760,11
96707,96761,15
96708,96761,11
96709,96762,14
96710,96765,15
96711,96765,12
96712,96766,12
96713,96766,12
96714,96768,11
96715,96768,15
96716,96772,11
96717,96772,14
96718,96774,14
96719,96774,14
96720,96775,14
96721,96777,11
96722,96778,13
96723,96779,15
96724,96780,12
96725,96782,15
96726,96783,14
96727,96783,14
96728,96784,13
96729,96786,13
96730,96787,11
96731,96787,15
96732,96788,11
96733,96790,14
96734,96790,13
96735,96791,13
96736,96791,15
96737,96792,14
96738,96793,12
96739,96795,15
96740,96795,15
96741,96797,11
96742,96800,11
96743,96801,11
96744,96802,11
96745,96802,12
96746,96805,13
96747,96806,13
96748,96806,13
96749,96808,13
96750,96809,13
96751,96809,13
96752,96812,13
96753,96813,13
96754,96814,11
96755,96814,13
96756,96817,11
96757,96818,11
96758,96819,14
96759,96819,11
96760,96820,15
96761,96821,14
96762,96821,14
96763,96823,15
96764,96823,12
96765,96826,13
96766,96830,14
96767,96833,12
96768,96834,15
96769,96834,15
96770,96835,11
96771,96836,13
96772,96838,13
96773,96838,13
96774,96839,15
96775,96839,11
96776,96840,12
96777,96841,11
96778,96842,13
96779,96845,11
96780,96845,15
96781,96846,11
96782,96847,12
96783,96848,15
96784,96848,11
96785,96849,15
96786,96849,12
96787,96850,15
96788,96851,12
96789,96851,11
96790,96852,15
96791,96852,14
96792,96853,12
96793,96853,14
96794,96856,15
96795,96856,12
96796,96859,11
96797,96859,11
96798,96860,14
96799,96862,12
96800,96862,12
96801,96863,13
96802,96864,12
96803,96866,13
96804,96867,11
96805,96867,13
96806,96869,13
96807,96869,15
96808,96872,14
96809,96872,11
96810,96874,11
96811,96874,14
96812,96875,12
96813,96876,14
96814,96877,11
96815,96877,13
96816,96878,11
96817,96879,15
96818,96880,15
96819,96881,12
96820,96882,14
96821,96884,12
96822,96885,14
96823,96885,13
96824,96887,14
96825,96887,12
96826,96888,12
96827,96888,14
96828,96889,12
96829,96889,14
96830,96890,13
96831,96890,13
96832,96891,12
96833,96892,15
96834,96893,12
96835,96893,15
96836,96896,14
96837,96896,14
96838,96897,12
96839,96898,12
96840,96898,14
96841,96900,12
96842,96902,12
96843,96902,11
96844,96906,12
96845,96906,15
96846,96908,12
96847,96910,14
96848,96910,12
96849,96911,11
96850,96914,13
96851,96915,12
96852,96915,13
96853,96916,14
96854,96917,13
96855,96917,12
96856,96918,15
96857,96919,13
96858,96921,12
96859,96923,12
96860,96923,11
96861,96925,15
96862,96926,11
96863,96927,15
96864,96928,12
96865,96928,14
96866,96929,13
96867,96932,14
96868,96933,14
96869,96933,14
96870,96935,12
96871,96935,14
96872,96936,12
96873,96936,11
96874,96937,11
96875,96938,12
96876,96938,14
96877,96939,11
96878,96939,12
96879,96940,15
96880,96942,11
96881,96942,12
96882,96943,11
96883,96943,13
96884,96945,13
96885,96945,12
96886,96947,11
96887,96947,12
96888,96948,12
96889,96949,14
96890,96951,11
96891,96951,13
96892,96952,11
96893,96952,12
96894,96954,11
96895,96955,14
96896,96955,11
96897,96956,11
96898,96957,15
96899,96957,13
96900,96958,11
96901,96961,11
96902,96961,15
96903,96963,14
96904,96963,12
96905,96964,11
96906,96964,14
96907,96967,12
96908,96968,11
96909,96968,13
96910,96969,11
96911,96969,12
96912,96970,12
96913,96970,12
96914,96971,11
96915,96974,14
96916,96974,12
96917,96975,15
96918,96975,12
96919,96976,13
96920,96976,13
96921,96977,14
96922,96978,11
96923,96979,15
96924,96979,12
96925,96980,14
96926,96982,13
96927,96983,14
96928,96985,14
96929,96986,12
96930,96987,13
96931,96990,13
96932,96990,13
96933,96991,13
96934,96992,14
96935,96994,15
96936,96996,12
96937,96997,14
96938,96999,12
96939,97000,12
96940,97002,11
96941,97002,13
96942,97003,15
96943,97003,12
96944,97004,11
96945,97004,14
96946,97005,15
96947,97006,14
96948,97008,15
96949,97008,14
96950,97011,14
96951,97011,14
96952,97012,15
96953,97012,15
96954,97013,15
96955,97015,12
96956,97017,15
96957,97018,13
96958,97020,13
96959,97020,14
96960,97021,12
96961,97021,13
96962,97023,14
96963,97023,11
96964,97024,11
96965,97026,15
96966,97029,15
96967,97031,11
96968,97032,11
96969,97032,14
96970,97033,14
96971,97033,13
96972,97037,14
96973,97037,14
96974,97038,12
96975,97039,15
96976,97040,15
96977,97041,13
96978,97041,15
96979,97042,12
96980,97042,15
96981,97044,13
96982,97045,13
96983,97045,11
96984,97046,13
96985,97046,12
96986,97047,15
96987,97051,14
96988,97051,11
96989,97052,14
96990,97052,11
96991,97054,13
96992,97055,12
96993,97058,12
96994,97058,13
96995,97059,13
96996,97059,15
96997,97060,12
96998,97062,13
96999,97063,13
97000,97064,12
97001,97065,13
97002,97066,15
97003,97067,14
97004,97070,12
97005,97070,15
97006,97071,13
97007,97071,13
97008,97072,13
97009,97074,15
97010,97074,15
97011,97075,15
97012,97076,11
97013,97076,13
97014,97077,14
97015,97079,11
97016,97081,15
97017,97083,15
97018,97083,15
97019,97084,11
97020,97084,11
97021,97086,13
97022,97087,15
97023,97089,12
97024,97089,12
97025,97090,11
97026,97090,11
97027,97091,14
97028,97092,15
97029,97093,14
97030,97093,15
97031,97094,15
97032,97094,15
97033,97098,14
97034,97100,15
97035,97100,11
97036,97101,11
97037,97102,11
97038,97102,14
97039,97104,14
97040,97104,15
97041,97105,12
97042,97106,11
97043,97108,13
97044,97108,11
97045,97109,12
97046,97109,15
97047,97110,12
97048,97110,11
97049,97111,13
97050,97112,15
97051,97112,14
97052,97115,12
97053,97115,13
97054,97117,12
97055,97117,14
97056,97118,11
97057,97118,12
97058,97123,12
97059,97124,14
97060,97125,14
97061,97127,13
97062,97127,14
97063,97128,13
97064,97132,13
97065,97133,15
97066,97135,15
97067,97139,13
97068,97140,12
97069,97143,15
97070,97143,12
97071,97144,14
97072,97145,14
97073,97145,11
97074,97146,14
97075,97146,13
97076,97147,12
97077,97149,15
97078,97149,15
97079,97150,11
97080,97151,15
97081,97152,15
97082,97153,14
97083,97153,13
97084,97154,13
97085,97156,11
97086,97156,11
97087,97157,13
97088,97157,12
97089,97158,15
97090,97158,12
97091,97159,15
97092,97160,15
97093,97160,12
97094,97161,12
97095,97161,11
97096,97165,15
97097,97166,15
97098,97167,14
97099,97168,13
97100,97168,12
97101,97169,13
97102,97173,12
97103,97173,12
97104,97174,14
97105,97174,15
97106,97176,14
97107,97176,11
97108,97177,15
97109,97177,14
97110,97180,11
97111,97180,14
97112,97181,13
97113,97181,15
97114,97183,12
97115,97185,14
97116,97187,14
97117,97188,15
97118,97189,13
97119,97189,12
97120,97191,11
97121,97193,11
97122,97193,14
97123,97194,15
97124,97195,11
97125,97195,15
97126,97197,14
97127,97198,12
97128,97198,11
97129,97200,13
97130,97200,13
97131,97201,14
97132,97201,12
97133,97202,12
97134,97202,12
97135,97203,14
97136,97204,14
97137,97205,15
97138,97207,15
97139,97208,14
97140,97211,15
97141,97212,15
97142,97213,14
97143,97213,13
97144,97214,11
97145,97214,13
97146,97215,11
97147,97217,13
97148,97218,12
97149,97221,11
97150,97221,13
97151,97222,13
97152,97223,13
97153,97226,11
97154,97226,11
97155,97227,13
97156,97227,12
97157,97228,12
97158,97229,14
97159,97230,12
97160,97231,13
97161,97231,14
97162,97232,12
97163,97232,12
97164,97233,14
97165,97236,12
97166,97236,15
97167,97237,15
97168,97237,13
97169,97238,12
97170,97240,13
97171,97241,11
97172,97241,14
97173,97244,14
97174,97245,15
97175,97248,13
97176,97248,11
97177,97250,11
97178,97250,15
97179,97251,12
97180,97251,13
97181,97252,11
97182,97252,14
97183,97254,12
97184,97254,14
97185,97255,11
97186,97256,15
97187,97257,12
97188,97257,12
97189,97258,14
97190,97258,11
97191,97260,14
97192,97260,12
97193,97261,14
97194,97264,12
97195,97264,15
97196,97265,15
97197,97267,13
97198,97267,14
97199,97269,13
97200,97270,12
97201,97273,14
97202,97273,11
97203,97275,14
97204,97275,14
97205,97276,11
97206,97276,15
97207,97277,11
97208,97277,14
97209,97278,11
97210,97279,15
97211,97279,11
97212,97281,13
97213,97284,12
97214,97284,15
97215,97288,11
97216,97289,14
97217,97290,13
97218,97290,15
97219,97295,13
97220,97296,15
97221,97296,14
97222,97297,11
97223,97298,15
97224,97298,13
97225,97300,15
97226,97300,12
97227,97301,12
97228,97301,14
97229,97303,14
97230,97305,14
97231,97306,14
97232,97307,14
97233,97307,11
97234,97309,12
97235,97309,13
97236,97312,14
97237,97313,12
97238,97314,13
97239,97314,15
97240,97315,14
97241,97315,11
97242,97316,12
97243,97322,14
97244,97322,14
97245,97323,15
97246,97324,12
97247,97325,15
97248,97326,15
97249,97327,15
97250,97328,15
97251,97328,11
97252,97331,11
97253,97331,12
97254,97332,13
97255,97333,12
97256,97334,11
97257,97335,11
97258,97340,12
97259,97340,13
97260,97341,13
97261,97341,12
97262,97343,11
97263,97343,15
97264,97344,13
97265,97346,14
97266,97346,11
97267,97347,15
97268,97348,14
97269,97350,13
97270,97355,14
97271,97355,15
97272,97356,12
97273,97357,11
97274,97357,11
97275,97358,11
97276,97359,13
97277,97360,14
97278,97360,15
97279,97361,11
97280,97364,14
97281,97364,12
97282,97366,15
97283,97366,11
97284,97367,13
97285,97367,12
97286,97368,14
97287,97371,14
97288,97371,15
97289,97373,13
97290,97373,13
97291,97375,13
97292,97376,15
97293,97376,13
97294,97378,11
97295,97380,15
97296,97380,12
97297,97382,11
97298,97384,15
97299,97385,11
97300,97385,15
97301,97386,11
97302,97386,14
97303,97387,12
97304,97388,15
97305,97389,11
97306,97390,14
97307,97390,13
97308,97392,12
97309,97392,15
97310,97393,14
97311,97393,11
97312,97394,12
97313,97394,15
97314,97397,14
97315,97397,12
97316,97398,14
97317,97399,13
97318,97400,13
97319,97400,14
97320,97401,14
97321,97401,13
97322,97403,15
97323,97404,13
97324,97405,12
97325,97405,12
97326,97406,14
97327,97407,11
97328,97407,14
97329,97408,14
97330,97408,12
97331,97409,15
97332,97409,11
97333,97410,13
97334,97410,12
97335,97412,11
97336,97412,11
97337,97413,12
97338,97413,13
97339,97416,14
97340,97418,11
97341,97421,15
97342,97421,11
97343,97422,11
97344,97422,13
97345,97423,14
97346,97423,12
97347,97424,11
97348,97424,13
97349,97425,11
97350,97426,12
97351,97426,14
97352,97428,14
97353,97429,11
97354,97430,12
97355,97433,14
97356,97433,15
97357,97435,13
97358,97435,11
97359,97438,13
97360,97438,12
97361,97440,12
97362,97440,13
97363,97442,11
97364,97444,11
97365,97445,15
97366,97445,11
97367,97446,14
97368,97446,11
97369,97447,14
97370,97447,11
97371,97448,12
97372,97448,11
97373,97449,15
97374,97449,11
97375,97450,13
97376,97450,12
97377,97451,15
97378,97452,13
97379,97454,13
97380,97454,15
97381,97457,12
97382,97458,12
97383,97459,13
97384,97459,14
97385,97460,15
97386,97460,12
97387,97461,15
97388,97461,14
97389,97462,15
97390,97464,13
97391,97465,14
97392,97465,15
97393,97466,14
97394,97467,14
97395,97468,15
97396,97469,14
97397,97470,14
97398,97471,13
97399,97472,15
97400,97473,15
97401,97474,12
97402,97474,13
97403,97475,11
97404,97475,11
97405,97476,13
97406,97477,15
97407,97477,15
97408,97479,15
97409,97479,15
97410,97480,15
97411,97481,13
97412,97482,11
97413,97482,13
97414,97483,14
97415,97483,14
97416,97484,11
97417,97484,15
97418,97485,11
97419,97485,11
97420,97486,15
97421,97487,12
97422,97489,14
97423,97490,14
97424,97490,14
97425,97491,13
97426,97492,12
97427,97493,15
97428,97495,11
97429,97495,13
97430,97496,15
97431,97496,12
97432,97497,14
97433,97498,12
97434,97500,12
97435,97503,12
97436,97505,13
97437,97507,15
97438,97508,15
97439,97513,14
97440,97513,12
97441,97514,14
97442,97516,14
97443,97517,14
97444,97517,12
97445,97519,11
97446,97519,13
97447,97521,15
97448,97521,13
97449,97522,15
97450,97522,14
97451,97523,15
97452,97523,11
97453,97524,13
97454,97524,12
97455,97528,14
97456,97529,11
97457,97529,12
97458,97530,13
97459,97531,14
97460,97533,13
97461,97534,15
97462,97534,11
97463,97536,13
97464,97538,15
97465,97538,15
97466,97539,14
97467,97540,13
97468,97542,15
97469,97542,11
97470,97543,11
97471,97543,15
97472,97544,11
97473,97544,13
97474,97545,12
97475,97545,13
97476,97546,14
97477,97547,12
97478,97549,15
97479,97549,12
97480,97553,14
97481,97553,15
97482,97554,13
97483,97555,13
97484,97555,15
97485,97556,12
97486,97556,15
97487,97558,12
97488,97558,15
97489,97560,12
97490,97561,11
97491,97561,15
97492,97563,11
97493,97564,13
97494,97565,15
97495,97566,14
97496,97566,14
97497,97567,13
97498,97567,12
97499,97568,14
97500,97569,12
97501,97570,12
97502,97572,12
97503,97572,14
97504,97573,15
97505,97574,15
97506,97574,12
97507,97575,15
97508,97575,11
97509,97576,14
97510,97577,14
97511,97577,14
97512,97578,15
97513,97578,11
97514,97579,14
97515,97581,11
97516,97582,12
97517,97583,12
97518,97583,15
97519,97584,13
97520,97586,11
97521,97586,15
97522,97587,11
97523,97587,14
97524,97588,15
97525,97588,15
97526,97589,13
97527,97589,12
97528,97592,14
97529,97592,12
97530,97593,11
97531,97593,15
97532,97594,15
97533,97594,14
97534,97595,15
97535,97596,12
97536,97597,13
97537,97598,12
97538,97602,12
97539,97602,13
97540,97605,15
97541,97607,12
97542,97608,11
97543,97608,15
97544,97609,13
97545,97609,13
97546,97610,12
97547,97610,14
97548,97612,14
97549,97613,13
97550,97614,11
97551,97617,13
97552,97618,13
97553,97618,14
97554,97621,11
97555,97621,14
97556,97622,13
97557,97622,14
97558,97624,11
97559,97625,13
97560,97625,13
97561,97626,12
97562,97628,15
97563,97628,11
97564,97629,12
97565,97630,11
97566,97630,11
97567,97631,15
97568,97632,12
97569,97633,15
97570,97633,11
97571,97634,11
97572,97634,14
97573,97635,12
97574,97636,14
97575,97636,11
97576,97640,14
97577,97640,12
97578,97641,13
97579,97641,14
97580,97642,12
97581,97642,12
97582,97643,13
97583,97645,13
97584,97646,11
97585,97646,15
97586,97647,11
97587,97647,13
97588,97648,11
97589,97650,14
97590,97650,11
97591,97652,13
97592,97652,13
97593,97653,15
97594,97658,15
97595,97658,11
97596,97659,14
97597,97659,13
97598,97660,13
97599,97660,14
97600,97661,13
97601,97661,12
97602,97662,11
97603,97662,13
97604,97663,12
97605,97663,15
97606,97664,13
97607,97665,14
97608,97665,15
97609,97667,11
97610,97668,12
97611,97668,12
97612,97669,11
97613,97671,12
97614,97672,15
97615,97672,15
97616,97673,12
97617,97673,12
97618,97675,12
97619,97675,14
97620,97676,11
97621,97677,13
97622,97677,12
97623,97681,12
97624,97681,13
97625,97683,13
97626,97684,14
97627,97685,12
97628,97686,13
97629,97686,13
97630,97688,12
97631,97689,12
97632,97689,11
97633,97690,14
97634,97690,11
97635,97691,11
97636,97692,15
97637,97692,14
97638,97695,12
97639,97695,15
97640,97696,15
97641,97697,15
97642,97697,15
97643,97698,13
97644,97699,11
97645,97700,11
97646,97702,12
97647,97702,13
97648,97703,11
97649,97704,13
97650,97705,12
97651,97705,12
97652,97707,12
97653,97708,14
97654,97708,14
97655,97709,12
97656,97709,13
97657,97710,12
97658,97711,13
97659,97712,15
97660,97712,11
97661,97715,14
97662,97715,12
97663,97716,13
97664,97716,13
97665,97717,11
97666,97717,14
97667,97718,12
97668,97719,11
97669,97719,12
97670,97720,12
97671,97720,12
97672,97721,12
97673,97723,15
97674,97726,13
97675,97726,13
97676,97728,12
97677,97728,13
97678,97730,14
97679,97730,13
97680,97731,11
97681,97731,15
97682,97732,13
97683,97734,13
97684,97735,11
97685,97735,13
97686,97736,12
97687,97737,11
97688,97738,15
97689,97738,11
97690,97740,13
97691,97740,11
97692,97741,12
97693,97742,11
97694,97742,14
97695,97743,13
97696,97743,15
97697,97745,13
97698,97745,13
97699,97747,14
97700,97749,11
97701,97750,12
97702,97750,14
97703,97751,13
97704,97752,14
97705,97754,12
97706,97755,12
97707,97755,14
97708,97757,14
97709,97757,15
97710,97758,12
97711,97759,13
97712,97759,11
97713,97761,11
97714,97761,11
97715,97762,11
97716,97762,13
97717,97763,15
97718,97764,14
97719,97764,15
97720,97765,12
97721,97765,14
97722,97766,14
97723,97767,14
97724,97767,12
97725,97768,15
97726,97769,15
97727,97770,13
97728,97770,11
97729,97771,13
97730,97771,11
97731,97773,13
97732,97773,13
97733,97775,13
97734,97776,13
97735,97776,11
97736,97778,11
97737,97778,13
97738,97780,13
97739,97781,13
97740,97782,14
97741,97782,15
97742,97783,11
97743,97783,11
97744,97786,13
97745,97787,12
97746,97788,11
97747,97790,12
97748,97792,15
97749,97793,12
97750,97793,13
97751,97795,11
97752,97795,12
97753,97797,12
97754,97798,12
97755,97798,12
97756,97801,12
97757,97801,15
97758,97802,12
97759,97802,12
97760,97803,14
97761,97803,12
97762,97805,12
97763,97805,13
97764,97807,13
97765,97807,14
97766,97808,13
97767,97808,15
97768,97809,11
97769,97809,12
97770,97810,14
97771,97810,12
97772,97812,11
97773,97813,14
97774,97813,13
97775,97817,12
97776,97818,14
97777,97818,14
97778,97819,13
97779,97820,11
97780,97821,11
97781,97821,12
97782,97823,15
97783,97823,13
97784,97824,15
97785,97825,12
97786,97825,14
97787,97827,14
97788,97828,14
97789,97828,14
97790,97829,12
97791,97830,14
97792,97830,11
97793,97831,13
97794,97831,11
97795,97833,13
97796,97833,13
97797,97834,12
97798,97834,11
97799,97835,11
97800,97835,13
97801,97836,15
97802,97836,14
97803,97837,14
97804,97837,12
97805,97839,12
97806,97840,11
97807,97840,11
97808,97842,13
97809,97842,14
97810,97843,11
97811,97843,15
97812,97844,13
97813,97844,13
97814,97845,11
97815,97845,15
97816,97848,15
97817,97849,12
97818,97850,13
97819,97852,14
97820,97852,11
97821,97853,14
97822,97853,14
97823,97854,13
97824,97855,15
97825,97856,15
97826,97860,14
97827,97861,14
97828,97861,14
97829,97863,14
97830,97864,11
97831,97864,12
97832,97866,15
97833,97867,13
97834,97868,11
97835,97870,11
97836,97870,15
97837,97871,14
97838,97871,12
97839,97872,13
97840,97872,15
97841,97873,14
97842,97874,11
97843,97874,12
97844,97875,13
97845,97876,12
97846,97877,13
97847,97878,12
97848,97879,14
97849,97879,14
97850,97880,15
97851,97881,11
97852,97882,13
97853,97882,12
97854,97885,15
97855,97885,14
97856,97886,11
97857,97886,11
97858,97888,11
97859,97889,11
97860,97889,11
97861,97891,13
97862,97891,15
97863,97892,13
97864,97892,13
97865,97893,14
97866,97896,13
97867,97897,14
97868,97898,11
97869,97898,12
97870,97899,11
97871,97899,14
97872,97901,13
97873,97901,13
97874,97902,14
97875,97903,11
97876,97903,15
97877,97907,15
97878,97907,11
97879,97908,15
97880,97909,14
97881,97909,14
97882,97910,11
97883,97912,11
97884,97914,15
97885,97916,11
97886,97917,15
97887,97918,14
97888,97918,15
97889,97920,12
97890,97920,14
97891,97921,12
97892,97925,12
97893,97925,15
97894,97927,11
97895,97927,11
97896,97928,12
97897,97932,14
97898,97932,13
97899,97933,14
97900,97935,15
97901,97935,14
97902,97936,14
97903,97936,12
97904,97937,11
97905,97938,11
97906,97938,14
97907,97939,12
97908,97939,15
97909,97940,11
97910,97941,15
97911,97941,13
97912,97942,13
97913,97945,13
97914,97945,14
97915,97946,12
97916,97946,14
97917,97949,11
97918,97951,13
97919,97951,14
97920,97956,13
97921,97956,13
97922,97960,13
97923,97960,13
97924,97961,14
97925,97962,11
97926,97965,12
97927,97965,12
97928,97968,14
97929,97968,13
97930,97970,15
97931,97971,13
97932,97972,12
97933,97972,13
97934,97973,13
97935,97974,14
97936,97976,13
97937,97979,12
97938,97980,14
97939,97980,15
97940,97981,12
97941,97981,15
97942,97982,12
97943,97982,11
97944,97986,14
97945,97986,12
97946,97987,12
97947,97987,13
97948,97988,12
97949,97989,13
97950,97990,14
97951,97991,11
97952,97994,11
97953,97994,15
97954,97995,15
97955,97995,15
97956,97997,12
97957,97997,14
97958,97998,15
97959,97998,14
97960,97999,13
97961,97999,11
97962,98001,14
97963,98003,15
97964,98003,15
97965,98005,14
97966,98005,13
97967,98006,14
97968,98007,14
97969,98007,11
97970,98008,15
97971,98008,13
97972,98010,12
97973,98011,14
97974,98011,12
97975,98012,15
97976,98012,11
97977,98013,12
97978,98015,15
97979,98015,15
97980,98017,15
97981,98018,13
97982,98021,15
97983,98022,11
97984,98022,11
97985,98023,12
97986,98023,13
97987,98024,12
97988,98024,15
97989,98027,14
97990,98028,12
97991,98028,12
97992,98029,14
97993,98030,14
97994,98031,12
97995,98031,13
97996,98032,14
97997,98032,12
97998,98033,14
97999,98034,15
98000,98034,15
98001,98035,15
98002,98038,12
98003,98038,11
98004,98039,12
98005,98039,11
98006,98041,12
98007,98042,12
98008,98042,12
98009,98043,14
98010,98046,14
98011,98047,11
98012,98047,12
98013,98048,14
98014,98048,12
98015,98050,15
98016,98050,11
98017,98051,11
98018,98052,15
98019,98052,12
98020,98053,13
98021,98056,15
98022,98057,11
98023,98059,11
98024,98059,11
98025,98060,14
98026,98060,15
98027,98062,15
98028,98065,14
98029,98066,11
98030,98066,12
98031,98067,15
98032,98068,14
98033,98069,11
98034,98071,11
98035,98072,13
98036,98072,13
98037,98073,12
98038,98073,12
98039,98074,12
98040,98074,11
98041,98075,14
98042,98076,13
98043,98077,11
98044,98077,15
98045,98078,15
98046,98079,12
98047,98079,13
98048,98084,13
98049,98086,15
98050,98087,15
98051,98089,13
98052,98089,12
98053,98090,12
98054,98092,14
98055,98093,11
98056,98095,14
98057,98096,12
98058,98096,13
98059,98097,14
98060,98097,11
98061,98099,14
98062,98099,14
98063,98100,14
98064,98101,15
98065,98102,13
98066,98102,13
98067,98103,14
98068,98106,12
98069,98106,13
98070,98107,11
98071,98107,13
98072,98108,11
98073,98109,13
98074,98110,15
98075,98111,14
98076,98112,15
98077,98112,11
98078,98113,11
98079,98113,14
98080,98114,15
98081,98115,14
98082,98119,14
98083,98122,14
98084,98123,12
98085,98124,15
98086,98124,13
98087,98125,12
98088,98125,13
98089,98126,12
98090,98126,14
98091,98128,12
98092,98130,12
98093,98132,11
98094,98132,11
98095,98134,15
98096,98135,13
98097,98135,12
98098,98139,13
98099,98140,12
98100,98140,13
98101,98141,11
98102,98141,13
98103,98142,15
98104,98142,15
98105,98143,11
98106,98143,11
98107,98144,15
98108,98144,13
98109,98145,11
98110,98145,12
98111,98146,14
98112,98149,14
98113,98150,15
98114,98152,15
98115,98152,12
98116,98153,13
98117,98153,11
98118,98154,13
98119,98154,12
98120,98155,13
98121,98155,11
98122,98156,13
98123,98156,13
98124,98157,15
98125,98157,15
98126,98158,13
98127,98158,13
98128,98159,13
98129,98159,13
98130,98160,11
98131,98161,12
98132,98161,15
98133,98167,11
98134,98169,12
98135,98171,12
98136,98171,14
98137,98173,15
98138,98173,13
98139,98174,14
98140,98175,15
98141,98175,14
98142,98176,14
98143,98176,14
98144,98177,12
98145,98178,11
98146,98178,14
98147,98179,15
98148,98179,15
98149,98180,12
98150,98181,14
98151,98181,11
98152,98182,13
98153,98183,15
98154,98184,15
98155,98184,15
98156,98187,13
98157,98187,11
98158,98189,12
98159,98192,12
98160,98194,14
98161,98195,13
98162,98196,14
98163,98196,11
98164,98197,13
98165,98197,13
98166,98198,15
98167,98198,11
98168,98199,15
98169,98200,14
98170,98200,12
98171,98201,12
98172,98204,11
98173,98204,12
98174,98206,14
98175,98206,13
98176,98208,15
98177,98208,15
98178,98210,15
98179,98211,15
98180,98211,11
98181,98212,12
98182,98212,14
98183,98216,13
98184,98217,11
98185,98217,15
98186,98218,14
98187,98219,15
98188,98220,15
98189,98220,11
98190,98221,13
98191,98221,15
98192,98223,12
98193,98224,14
98194,98224,15
98195,98225,13
98196,98226,13
98197,98226,15
98198,98227,13
98199,98228,15
98200,98228,11
98201,98230,14
98202,98231,12
98203,98231,11
98204,98232,11
98205,98233,15
98206,98234,12
98207,98235,11
98208,98238,14
98209,98239,11
98210,98240,15
98211,98241,11
98212,98242,14
98213,98243,14
98214,98244,11
98215,98245,15
98216,98247,13
98217,98248,14
98218,98249,12
98219,98249,15
98220,98251,14
98221,98253,13
98222,98253,15
98223,98254,11
98224,98256,12
98225,98257,15
98226,98259,11
98227,98259,12
98228,98261,15
98229,98263,15
98230,98263,11
98231,98265,12
98232,98266,11
98233,98268,14
98234,98270,12
98235,98270,11
98236,98271,15
98237,98271,12
98238,98275,13
98239,98276,14
98240,98276,15
98241,98277,12
98242,98277,12
98243,98278,14
98244,98280,15
98245,98281,11
98246,98281,12
98247,98282,13
98248,98282,12
98249,98286,12
98250,98288,14
98251,98288,12
98252,98289,15
98253,98289,15
98254,98291,13
98255,98291,12
98256,98292,12
98257,98292,12
98258,98294,13
98259,98296,12
98260,98296,11
98261,98299,14
98262,98300,15
98263,98301,12
98264,98304,11
98265,98304,11
98266,98308,15
98267,98310,14
98268,98311,15
98269,98313,13
98270,98314,11
98271,98314,13
98272,98315,14
98273,98316,11
98274,98317,14
98275,98319,13
98276,98319,15
98277,98321,14
98278,98321,13
98279,98322,15
98280,98324,13
98281,98326,13
98282,98327,13
98283,98329,12
98284,98332,11
98285,98332,15
98286,98333,13
98287,98333,11
98288,98337,13
98289,98339,15
98290,98341,14
98291,98341,11
98292,98343,15
98293,98343,13
98294,98345,11
98295,98345,14
98296,98347,11
98297,98347,12
98298,98348,14
98299,98349,11
98300,98353,13
98301,98354,14
98302,98355,11
98303,98357,12
98304,98357,15
98305,98358,14
98306,98361,14
98307,98364,12
98308,98366,12
98309,98367,11
98310,98367,12
98311,98369,14
98312,98369,14
98313,98370,11
98314,98371,13
98315,98372,14
98316,98372,11
98317,98374,15
98318,98374,13
98319,98375,15
98320,98375,15
98321,98376,13
98322,98376,15
98323,98377,15
98324,98380,13
98325,98380,12
98326,98381,14
98327,98381,12
98328,98382,13
98329,98383,14
98330,98383,12
98331,98385,13
98332,98386,15
98333,98386,14
98334,98387,15
98335,98387,13
98336,98388,13
98337,98388,15
98338,98389,13
98339,98390,13
98340,98391,15
98341,98392,15
98342,98392,15
98343,98395,13
98344,98396,13
98345,98396,13
98346,98398,11
98347,98398,15
98348,98399,15
98349,98400,11
98350,98400,14
98351,98401,13
98352,98402,15
98353,98403,11
98354,98405,15
98355,98405,13
98356,98407,11
98357,98407,11
98358,98408,11
98359,98409,11
98360,98409,14
98361,98410,14
98362,98411,13
98363,98411,14
98364,98414,13
98365,98415,14
98366,98415,14
98367,98417,13
98368,98417,15
98369,98418,12
98370,98420,11
98371,98420,11
98372,98421,14
98373,98422,13
98374,98422,11
98375,98423,14
98376,98423,12
98377,98424,11
98378,98425,15
98379,98426,11
98380,98426,12
98381,98429,11
98382,98430,11
98383,98430,13
98384,98431,12
98385,98432,14
98386,98433,13
98387,98434,12
98388,98436,13
98389,98436,13
98390,98437,11
98391,98438,11
98392,98439,11
98393,98440,15
98394,98440,15
98395,98441,15
98396,98441,12
98397,98442,14
98398,98442,12
98399,98443,11
98400,98443,13
98401,98444,11
98402,98444,13
98403,98446,14
98404,98447,12
98405,98447,13
98406,98449,11
98407,98451,12
98408,98451,12
98409,98452,14
98410,98452,11
98411,98453,13
98412,98454,12
98413,98457,14
98414,98459,13
98415,98459,13
98416,98460,13
98417,98464,13
98418,98466,11
98419,98467,15
98420,98469,15
98421,98469,14
98422,98470,11
98423,98471,11
98424,98471,15
98425,98472,12
98426,98472,13
98427,98473,12
98428,98475,11
98429,98477,14
98430,98477,11
98431,98478,11
98432,98480,11
98433,98481,13
98434,98481,13
98435,98482,15
98436,98482,13
98437,98483,15
98438,98485,14
98439,98486,14
98440,98487,15
98441,98488,12
98442,98488,13
98443,98493,12
98444,98493,13
98445,98496,11
98446,98496,12
98447,98497,12
98448,98498,14
98449,98498,14
98450,98500,14
98451,98500,15
98452,98501,15
98453,98501,13
98454,98503,12
98455,98503,13
98456,98504,14
98457,98505,14
98458,98507,11
98459,98507,11
98460,98509,11
98461,98509,15
98462,98511,13
98463,98511,12
98464,98512,15
98465,98512,13
98466,98513,14
98467,98513,14
98468,98516,12
98469,98517,15
98470,98517,14
98471,98518,11
98472,98518,13
98473,98519,11
98474,98519,14
98475,98521,15
98476,98522,13
98477,98524,13
98478,98525,14
98479,98527,15
98480,98527,13
98481,98529,13
98482,98529,11
98483,98530,14
98484,98530,11
98485,98531,12
98486,98531,13
98487,98532,15
98488,98533,14
98489,98534,11
98490,98538,13
98491,98540,15
98492,98541,15
98493,98541,13
98494,98543,11
98495,98547,11
98496,98547,11
98497,98549,15
98498,98549,13
98499,98550,12
98500,98551,12
98501,98551,12
98502,98556,11
98503,98556,14
98504,98558,14
98505,98559,12
98506,98559,11
98507,98561,14
98508,98563,15
98509,98563,11
98510,98564,14
98511,98565,12
98512,98566,11
98513,98566,11
98514,98567,13
98515,98568,14
98516,98572,11
98517,98576,12
98518,98576,15
98519,98580,14
98520,98582,12
98521,98584,14
98522,98585,11
98523,98585,13
98524,98586,14
98525,98587,14
98526,98588,14
98527,98589,14
98528,98590,11
98529,98591,15
98530,98591,13
98531,98592,11
98532,98593,11
98533,98595,13
98534,98597,11
98535,98597,13
98536,98598,14
98537,98598,11
98538,98599,11
98539,98599,11
98540,98601,15
98541,98601,12
98542,98602,11
98543,98603,14
98544,98603,13
98545,98605,11
98546,98605,15
98547,98606,14
98548,98606,14
98549,98607,11
98550,98608,15
98551,98608,14
98552,98609,12
98553,98610,15
98554,98611,11
98555,98611,13
98556,98612,15
98557,98612,14
98558,98614,15
98559,98614,14
98560,98615,11
98561,98615,14
98562,98616,13
98563,98616,12
98564,98617,15
98565,98618,13
98566,98619,11
98567,98620,15
98568,98622,13
98569,98622,13
98570,98623,15
98571,98624,15
98572,98624,15
98573,98625,11
98574,98629,12
98575,98629,11
98576,98630,11
98577,98631,11
98578,98632,12
98579,98634,13
98580,98636,14
98581,98636,13
98582,98637,14
98583,98638,15
98584,98639,12
98585,98639,13
98586,98640,13
98587,98642,14
98588,98642,12
98589,98643,14
98590,98643,12
98591,98645,14
98592,98647,12
98593,98647,11
98594,98648,14
98595,98648,12
98596,98649,12
98597,98650,14
98598,98650,12
98599,98651,11
98600,98651,15
98601,98652,11
98602,98654,12
98603,98655,15
98604,98657,13
98605,98657,12
98606,98659,15
98607,98659,11
98608,98660,11
98609,98662,11
98610,98662,13
98611,98663,12
98612,98663,15
98613,98664,12
98614,98666,14
98615,98667,15
98616,98668,13
98617,98669,12
98618,98671,12
98619,98671,14
98620,98672,12
98621,98672,11
98622,98674,15
98623,98678,12
98624,98678,12
98625,98680,14
98626,98681,12
98627,98681,11
98628,98683,11
98629,98683,13
98630,98687,15
98631,98687,13
98632,98688,13
98633,98688,11
98634,98689,11
98635,98689,15
98636,98690,12
98637,98690,14
98638,98693,13
98639,98693,13
98640,98695,11
98641,98695,14
98642,98696,12
98643,98698,14
98644,98698,13
98645,98700,14
98646,98703,11
98647,98704,11
98648,98704,12
98649,98708,11
98650,98709,15
98651,98710,15
98652,98711,12
98653,98712,12
98654,98714,11
98655,98715,15
98656,98715,14
98657,98716,12
98658,98717,11
98659,98718,12
98660,98719,11
98661,98719,11
98662,98722,13
98663,98722,14
98664,98723,14
98665,98724,11
98666,98725,13
98667,98729,15
98668,98729,15
98669,98730,11
98670,98730,11
98671,98732,12
98672,98732,11
98673,98733,11
98674,98733,15
98675,98736,13
98676,98737,15
98677,98739,14
98678,98741,13
98679,98742,14
98680,98744,14
98681,98745,14
98682,98745,14
98683,98746,13
98684,98748,11
98685,98748,12
98686,98749,14
98687,98749,12
98688,98751,15
98689,98751,13
98690,98752,14
98691,98753,14
98692,98753,14
98693,98754,12
98694,98754,12
98695,98755,13
98696,98756,11
98697,98757,11
98698,98758,14
98699,98758,12
98700,98759,12
98701,98760,15
98702,98761,12
98703,98762,15
98704,98762,13
98705,98763,12
98706,98764,15
98707,98764,12
98708,98768,14
98709,98768,12
98710,98771,11
98711,98772,11
98712,98773,12
98713,98773,15
98714,98774,11
98715,98776,12
98716,98776,14
98717,98777,11
98718,98779,13
98719,98780,13
98720,98781,14
98721,98781,11
98722,98783,13
98723,98784,13
98724,98785,14
98725,98789,14
98726,98790,14
98727,98790,14
98728,98791,15
98729,98792,12
98730,98793,15
98731,98793,15
98732,98795,14
98733,98795,12
98734,98796,12
98735,98797,12
98736,98798,12
98737,98798,14
98738,98801,15
98739,98801,11
98740,98802,15
98741,98803,11
98742,98804,13
98743,98804,11
98744,98805,11
98745,98805,11
98746,98811,14
98747,98811,14
98748,98812,11
98749,98813,12
98750,98813,11
98751,98814,11
98752,98814,13
98753,98815,11
98754,98815,14
98755,98816,13
98756,98817,14
98757,98817,15
98758,98818,14
98759,98819,11
98760,98821,12
98761,98821,15
98762,98822,15
98763,98822,11
98764,98823,15
98765,98823,14
98766,98824,11
98767,98824,11
98768,98825,11
98769,98825,15
98770,98828,15
98771,98831,14
98772,98831,12
98773,98833,11
98774,98835,13
98775,98836,12
98776,98836,13
98777,98838,13
98778,98838,13
98779,98839,15
98780,98839,12
98781,98840,11
98782,98841,11
98783,98841,13
98784,98842,15
98785,98843,14
98786,98843,13
98787,98844,15
98788,98844,13
98789,98845,15
98790,98846,15
98791,98848,14
98792,98848,14
98793,98850,15
98794,98851,13
98795,98852,13
98796,98852,11
98797,98853,11
98798,98854,11
98799,98855,14
98800,98856,14
98801,98856,15
98802,98857,11
98803,98859,13
98804,98859,11
98805,98860,13
98806,98861,13
98807,98861,14
98808,98862,14
98809,98862,15
98810,98865,11
98811,98865,12
98812,98866,12
98813,98868,11
98814,98869,11
98815,98871,14
98816,98871,15
98817,98872,11
98818,98872,14
98819,98875,14
98820,98875,13
98821,98876,11
98822,98877,15
98823,98877,13
98824,98879,13
98825,98881,14
98826,98882,11
98827,98882,12
98828,98883,14
98829,98884,15
98830,98885,14
98831,98886,15
98832,98888,13
98833,98889,15
98834,98892,13
98835,98892,11
98836,98893,12
98837,98896,12
98838,98898,13
98839,98898,14
98840,98899,15
98841,98901,12
98842,98905,14
98843,98906,14
98844,98906,15
98845,98908,11
98846,98908,11
98847,98909,12
98848,98909,12
98849,98912,15
98850,98913,15
98851,98913,13
98852,98914,14
98853,98915,14
98854,98916,13
98855,98916,15
98856,98920,15
98857,98920,14
98858,98921,12
98859,98921,13
98860,98922,14
98861,98922,11
98862,98923,14
98863,98926,11
98864,98927,12
98865,98929,15
98866,98930,12
98867,98930,11
98868,98931,13
98869,98931,14
98870,98932,11
98871,98936,12
98872,98938,11
98873,98940,14
98874,98940,15
98875,98941,15
98876,98942,14
98877,98942,15
98878,98944,13
98879,98945,12
98880,98945,15
98881,98946,11
98882,98946,14
98883,98947,12
98884,98947,13
98885,98948,12
98886,98949,11
98887,98949,13
98888,98954,12
98889,98954,12
98890,98955,11
98891,98955,12
98892,98956,12
98893,98958,12
98894,98958,13
98895,98959,15
98896,98960,14
98897,98960,11
98898,98962,15
98899,98964,14
98900,98965,13
98901,98965,15
98902,98966,14
98903,98966,11
98904,98967,15
98905,98969,15
98906,98972,14
98907,98972,15
98908,98973,14
98909,98973,15
98910,98974,11
98911,98974,11
98912,98975,13
98913,98977,15
98914,98978,14
98915,98978,15
98916,98979,14
98917,98979,13
98918,98980,15
98919,98981,12
98920,98981,13
98921,98983,14
98922,98983,11
98923,98984,14
98924,98988,14
98925,98988,14
98926,98989,15
98927,98989,13
98928,98990,13
98929,98992,11
98930,98993,15
98931,98994,14
98932,98995,13
98933,98996,11
98934,98998,14
98935,98998,12
98936,98999,13
98937,99000,12
98938,99000,13
98939,99001,12
98940,99002,11
98941,99003,13
98942,99003,11
98943,99004,11
98944,99005,15
98945,99005,13
98946,99006,11
98947,99007,11
98948,99007,13
98949,99009,13
98950,99012,14
98951,99012,14
98952,99014,11
98953,99014,13
98954,99015,13
98955,99015,14
98956,99018,13
98957,99019,15
98958,99019,15
98959,99021,12
98960,99027,14
98961,99028,13
98962,99029,12
98963,99030,12
98964,99033,14
98965,99033,13
98966,99034,12
98967,99035,15
98968,99035,14
98969,99036,15
98970,99041,12
98971,99042,15
98972,99042,15
98973,99044,12
98974,99046,12
98975,99047,11
98976,99048,13
98977,99048,12
98978,99050,14
98979,99050,12
98980,99051,14
98981,99051,11
98982,99053,15
98983,99054,13
98984,99054,14
98985,99056,11
98986,99057,12
98987,99057,14
98988,99058,12
98989,99058,11
98990,99059,15
98991,99059,15
98992,99060,15
98993,99060,15
98994,99061,14
98995,99062,12
98996,99068,15
98997,99069,14
98998,99069,15
98999,99070,14
99000,99070,13
99001,99072,13
99002,99072,14
99003,99073,11
99004,99074,13
99005,99076,14
99006,99076,12
99007,99077,11
99008,99077,13
99009,99079,14
99010,99080,15
99011,99080,13
99012,99084,15
99013,99084,14
99014,99087,13
99015,99087,11
99016,99088,14
99017,99089,13
99018,99089,13
99019,99090,14
99020,99090,14
99021,99091,15
99022,99092,14
99023,99093,11
99024,99093,15
99025,99094,13
99026,99095,14
99027,99096,13
99028,99096,15
99029,99098,15
99030,99099,11
99031,99100,14
99032,99100,14
99033,99102,15
99034,99102,14
99035,99103,13
99036,99103,14
99037,99104,13
99038,99104,15
99039,99105,11
99040,99106,15
99041,99106,15
99042,99107,15
99043,99109,11
99044,99109,15
99045,99112,14
99046,99114,11
99047,99117,12
99048,99121,12
99049,99121,15
99050,99122,12
99051,99123,15
99052,99123,11
99053,99124,15
99054,99124,13
99055,99125,13
99056,99125,14
99057,99127,15
99058,99128,15
99059,99128,14
99060,99130,13
99061,99130,14
99062,99131,14
99063,99132,14
99064,99134,15
99065,99135,11
99066,99135,13
99067,99136,15
99068,99137,13
99069,99137,14
99070,99139,13
99071,99139,11
99072,99140,14
99073,99140,15
99074,99141,11
99075,99142,11
99076,99142,12
99077,99144,15
99078,99144,14
99079,99145,14
99080,99145,13
99081,99146,12
99082,99147,12
99083,99151,14
99084,99152,15
99085,99152,12
99086,99153,13
99087,99154,13
99088,99154,12
99089,99155,12
99090,99156,14
99091,99158,12
99092,99159,13
99093,99160,15
99094,99160,11
99095,99161,14
99096,99165,14
99097,99166,15
99098,99166,13
99099,99168,15
99100,99171,13
99101,99172,11
99102,99173,12
99103,99173,11
99104,99175,15
99105,99176,13
99106,99176,15
99107,99177,12
99108,99178,11
99109,99178,14
99110,99179,13
99111,99180,12
99112,99180,12
99113,99183,14
99114,99184,15
99115,99184,15
99116,99185,15
99117,99185,11
99118,99186,13
99119,99188,14
99120,99190,13
99121,99190,11
99122,99191,14
99123,99192,12
99124,99193,15
99125,99195,14
99126,99195,15
99127,99196,11
99128,99196,13
99129,99197,13
99130,99197,15
99131,99198,11
99132,99200,13
99133,99200,13
99134,99201,11
99135,99201,11
99136,99202,15
99137,99204,12
99138,99205,13
99139,99206,14
99140,99206,12
99141,99207,15
99142,99207,12
99143,99208,11
99144,99208,15
99145,99209,13
99146,99209,13
99147,99213,13
99148,99213,15
99149,99214,13
99150,99216,15
99151,99220,13
99152,99221,15
99153,99221,12
99154,99222,13
99155,99222,15
99156,99224,13
99157,99224,15
99158,99225,15
99159,99225,11
99160,99227,15
99161,99227,14
99162,99228,14
99163,99229,13
99164,99229,14
99165,99230,15
99166,99233,11
99167,99234,14
99168,99236,13
99169,99236,12
99170,99237,14
99171,99237,12
99172,99239,14
99173,99239,11
99174,99241,11
99175,99241,12
99176,99243,14
99177,99243,13
99178,99244,12
99179,99244,13
99180,99245,14
99181,99245,13
99182,99246,13
99183,99246,11
99184,99249,14
99185,99251,13
99186,99253,15
99187,99255,11
99188,99256,12
99189,99256,14
99190,99259,14
99191,99260,14
99192,99260,12
99193,99261,11
99194,99264,12
99195,99264,14
99196,99266,11
99197,99266,14
99198,99270,14
99199,99272,11
99200,99272,11
99201,99273,11
99202,99274,13
99203,99274,13
99204,99275,15
99205,99275,11
99206,99276,13
99207,99277,12
99208,99277,15
99209,99279,14
99210,99279,13
99211,99282,13
99212,99282,11
99213,99284,13
99214,99284,11
99215,99285,12
99216,99286,15
99217,99288,14
99218,99289,15
99219,99289,11
99220,99291,11
99221,99291,11
99222,99292,11
99223,99292,11
99224,99293,15
99225,99294,13
99226,99295,12
99227,99298,13
99228,99298,14
99229,99300,14
99230,99302,11
99231,99302,15
99232,99303,11
99233,99304,15
99234,99306,15
99235,99306,12
99236,99307,12
99237,99309,12
99238,99310,15
99239,99312,12
99240,99312,15
99241,99314,12
99242,99315,15
99243,99316,13
99244,99317,15
99245,99318,13
99246,99319,15
99247,99320,11
99248,99321,15
99249,99321,14
99250,99322,14
99251,99323,15
99252,99323,14
99253,99324,13
99254,99325,11
99255,99326,15
99256,99326,11
99257,99327,11
99258,99327,14
99259,99329,14
99260,99330,11
99261,99331,11
99262,99331,14
99263,99333,14
99264,99333,12
99265,99335,14
99266,99336,14
99267,99338,13
99268,99338,14
99269,99339,11
99270,99341,11
99271,99341,13
99272,99343,13
99273,99344,11
99274,99344,13
99275,99347,11
99276,99347,11
99277,99348,12
99278,99348,12
99279,99350,15
99280,99351,12
99281,99351,11
99282,99353,11
99283,99353,11
99284,99355,15
99285,99356,13
99286,99356,11
99287,99357,15
99288,99358,15
99289,99359,12
99290,99359,12
99291,99360,12
99292,99361,11
99293,99363,11
99294,99365,13
99295,99366,14
99296,99367,14
99297,99368,15
99298,99368,11
99299,99369,14
99300,99369,14
99301,99376,13
99302,99379,11
99303,99381,14
99304,99381,12
99305,99382,12
99306,99383,15
99307,99385,14
99308,99385,15
99309,99386,14
99310,99387,15
99311,99388,12
99312,99389,15
99313,99389,12
99314,99392,13
99315,99394,12
99316,99394,15
99317,99395,15
99318,99395,13
99319,99396,11
99320,99396,15
99321,99397,12
99322,99397,15
99323,99398,11
99324,99398,11
99325,99399,12
99326,99400,14
99327,99400,13
99328,99401,13
99329,99401,11
99330,99403,12
99331,99406,15
99332,99407,12
99333,99410,15
99334,99412,15
99335,99416,12
99336,99418,11
99337,99418,14
99338,99420,13
99339,99420,15
99340,99421,14
99341,99422,15
99342,99422,14
99343,99424,14
99344,99424,11
99345,99425,13
99346,99425,14
99347,99426,15
99348,99426,13
99349,99428,12
99350,99429,11
99351,99429,15
99352,99430,14
99353,99430,11
99354,99431,12
99355,99431,12
99356,99432,15
99357,99432,12
99358,99435,12
99359,99435,12
99360,99437,14
99361,99439,13
99362,99439,12
99363,99440,15
99364,99442,13
99365,99443,13
99366,99443,11
99367,99444,13
99368,99444,15
99369,99447,12
99370,99447,11
99371,99448,11
99372,99448,12
99373,99449,15
99374,99449,13
99375,99451,12
99376,99451,14
99377,99452,13
99378,99452,11
99379,99453,14
99380,99454,14
99381,99455,12
99382,99456,13
99383,99457,15
99384,99457,14
99385,99458,13
99386,99458,12
99387,99459,13
99388,99459,14
99389,99460,11
99390,99460,13
99391,99461,13
99392,99463,12
99393,99466,12
99394,99467,15
99395,99467,13
99396,99470,11
99397,99470,14
99398,99471,11
99399,99472,12
99400,99473,13
99401,99473,15
99402,99475,15
99403,99476,11
99404,99477,14
99405,99477,14
99406,99478,11
99407,99478,12
99408,99479,14
99409,99479,12
99410,99481,12
99411,99481,13
99412,99482,13
99413,99486,12
99414,99486,11
99415,99487,11
99416,99489,15
99417,99490,15
99418,99490,12
99419,99491,11
99420,99492,12
99421,99492,11
99422,99493,11
99423,99493,12
99424,99494,11
99425,99495,12
99426,99496,14
99427,99497,13
99428,99498,15
99429,99499,12
99430,99500,15
99431,99501,11
99432,99502,13
99433,99503,15
99434,99503,13
99435,99505,12
99436,99507,15
99437,99510,11
99438,99510,12
99439,99511,14
99440,99512,15
99441,99512,12
99442,99513,14
99443,99516,15
99444,99517,12
99445,99517,15
99446,99518,15
99447,99518,15
99448,99519,15
99449,99520,13
99450,99522,15
99451,99523,13
99452,99523,12
99453,99524,14
99454,99525,11
99455,99526,11
99456,99527,11
99457,99528,12
99458,99528,12
99459,99529,13
99460,99530,14
99461,99531,15
99462,99531,14
99463,99532,14
99464,99533,13
99465,99533,14
99466,99535,12
99467,99535,13
99468,99538,13
99469,99540,12
99470,99541,12
99471,99541,11
99472,99543,11
99473,99543,14
99474,99544,13
99475,99546,11
99476,99547,13
99477,99547,15
99478,99548,13
99479,99548,12
99480,99550,11
99481,99550,14
99482,99551,12
99483,99551,14
99484,99553,15
99485,99554,14
99486,99554,11
99487,99555,15
99488,99555,15
99489,99556,14
99490,99558,11
99491,99559,13
99492,99559,15
99493,99560,13
99494,99565,15
99495,99566,15
99496,99568,15
99497,99568,11
99498,99569,12
99499,99569,15
99500,99570,12
99501,99571,12
99502,99572,11
99503,99572,13
99504,99574,11
99505,99575,13
99506,99575,11
99507,99576,11
99508,99576,12
99509,99577,12
99510,99578,12
99511,99584,13
99512,99584,13
99513,99585,14
99514,99586,12
99515,99587,15
99516,99588,15
99517,99590,13
99518,99590,12
99519,99591,12
99520,99591,15
99521,99593,13
99522,99593,11
99523,99594,12
99524,99594,14
99525,99595,15
99526,99595,12
99527,99596,11
99528,99597,12
99529,99598,13
99530,99598,14
99531,99599,11
99532,99599,14
99533,99600,12
99534,99600,12
99535,99601,13
99536,99601,15
99537,99602,12
99538,99602,13
99539,99603,13
99540,99605,11
99541,99606,14
99542,99607,14
99543,99607,14
99544,99608,14
99545,99608,12
99546,99611,13
99547,99613,14
99548,99614,14
99549,99617,12
99550,99618,13
99551,99619,13
99552,99619,11
99553,99620,12
99554,99620,15
99555,99621,13
99556,99621,14
99557,99624,11
99558,99625,12
99559,99625,15
99560,99630,13
99561,99632,12
99562,99634,15
99563,99634,13
99564,99635,12
99565,99635,12
99566,99636,13
99567,99636,11
99568,99641,14
99569,99641,14
99570,99642,13
99571,99642,15
99572,99643,14
99573,99644,14
99574,99644,12
99575,99645,14
99576,99646,12
99577,99647,15
99578,99648,13
99579,99648,13
99580,99649,11
99581,99649,13
99582,99650,12
99583,99650,14
99584,99651,15
99585,99653,11
99586,99655,15
99587,99657,15
99588,99657,15
99589,99659,12
99590,99660,13
99591,99660,15
99592,99661,13
99593,99662,12
99594,99662,14
99595,99663,14
99596,99665,12
99597,99665,15
99598,99666,13
99599,99667,15
99600,99668,15
99601,99668,13
99602,99670,12
99603,99670,11
99604,99672,14
99605,99674,12
99606,99675,13
99607,99676,14
99608,99676,14
99609,99677,12
99610,99677,14
99611,99678,15
99612,99679,14
99613,99679,13
99614,99680,14
99615,99681,13
99616,99681,15
99617,99682,14
99618,99682,15
99619,99684,15
99620,99684,14
99621,99685,13
99622,99685,13
99623,99686,14
99624,99688,13
99625,99689,12
99626,99689,14
99627,99690,13
99628,99690,12
99629,99691,12
99630,99691,15
99631,99692,15
99632,99692,11
99633,99693,13
99634,99695,15
99635,99696,14
99636,99699,13
99637,99701,12
99638,99701,14
99639,99702,15
99640,99702,11
99641,99703,12
99642,99704,14
99643,99705,11
99644,99705,14
99645,99706,14
99646,99706,12
99647,99707,12
99648,99708,14
99649,99708,14
99650,99710,12
99651,99710,15
99652,99711,12
99653,99713,13
99654,99713,11
99655,99714,11
99656,99715,14
99657,99715,12
99658,99716,11
99659,99717,14
99660,99717,13
99661,99719,13
99662,99721,12
99663,99722,13
99664,99723,12
99665,99724,12
99666,99724,13
99667,99725,13
99668,99726,14
99669,99726,14
99670,99728,13
99671,99729,12
99672,99733,15
99673,99734,13
99674,99735,11
99675,99736,12
99676,99736,12
99677,99737,12
99678,99737,13
99679,99738,14
99680,99738,12
99681,99739,11
99682,99739,11
99683,99740,12
99684,99740,15
99685,99741,11
99686,99743,12
99687,99746,14
99688,99747,11
99689,99747,12
99690,99748,13
99691,99750,15
99692,99750,11
99693,99751,13
99694,99751,15
99695,99753,14
99696,99753,14
99697,99754,14
99698,99754,14
99699,99756,14
99700,99756,15
99701,99757,12
99702,99758,13
99703,99758,15
99704,99759,15
99705,99759,12
99706,99760,14
99707,99761,12
99708,99761,11
99709,99762,11
99710,99765,11
99711,99766,15
99712,99767,11
99713,99769,14
99714,99769,11
99715,99770,13
99716,99770,14
99717,99772,15
99718,99773,12
99719,99774,11
99720,99774,15
99721,99775,11
99722,99775,15
99723,99776,12
99724,99776,15
99725,99777,13
99726,99777,13
99727,99778,11
99728,99778,14
99729,99779,15
99730,99780,14
99731,99780,13
99732,99782,14
99733,99784,15
99734,99784,11
99735,99786,13
99736,99786,11
99737,99788,15
99738,99788,12
99739,99791,15
99740,99791,11
99741,99792,13
99742,99795,15
99743,99795,11
99744,99796,12
99745,99796,12
99746,99797,15
99747,99798,11
99748,99798,15
99749,99799,11
99750,99799,12
99751,99800,11
99752,99802,14
99753,99802,13
99754,99803,14
99755,99803,15
99756,99804,13
99757,99805,11
99758,99806,15
99759,99806,14
99760,99807,13
99761,99809,12
99762,99809,11
99763,99811,15
99764,99811,12
99765,99812,14
99766,99813,13
99767,99813,14
99768,99815,13
99769,99816,11
99770,99816,11
99771,99817,12
99772,99818,12
99773,99819,11
99774,99819,12
99775,99821,12
99776,99822,13
99777,99823,11
99778,99823,12
99779,99825,14
99780,99825,13
99781,99827,14
99782,99827,12
99783,99828,15
99784,99829,15
99785,99829,11
99786,99830,11
99787,99831,14
99788,99832,14
99789,99832,13
99790,99833,13
99791,99835,14
99792,99835,11
99793,99836,13
99794,99838,15
99795,99839,13
99796,99843,15
99797,99843,13
99798,99844,15
99799,99845,14
99800,99846,14
99801,99846,14
99802,99847,11
99803,99849,14
99804,99851,11
99805,99851,15
99806,99853,14
99807,99854,11
99808,99856,11
99809,99856,12
99810,99858,14
99811,99859,13
99812,99859,12
99813,99860,14
99814,99861,12
99815,99864,13
99816,99864,13
99817,99865,13
99818,99865,13
99819,99866,15
99820,99867,11
99821,99867,13
99822,99868,11
99823,99870,11
99824,99871,11
99825,99871,13
99826,99873,11
99827,99873,11
99828,99875,13
99829,99877,12
99830,99877,15
99831,99878,15
99832,99879,14
99833,99880,12
99834,99880,14
99835,99881,11
99836,99882,11
99837,99882,13
99838,99883,13
99839,99884,12
99840,99884,12
99841,99885,14
99842,99887,11
99843,99887,14
99844,99888,14
99845,99888,13
99846,99890,13
99847,99891,11
99848,99893,11
99849,99894,14
99850,99894,11
99851,99895,11
99852,99896,13
99853,99896,14
99854,99897,13
99855,99897,11
99856,99898,14
99857,99899,11
99858,99899,11
99859,99900,11
99860,99901,11
99861,99901,14
99862,99904,15
99863,99905,15
99864,99907,15
99865,99908,13
99866,99910,13
99867,99912,15
99868,99913,11
99869,99913,13
99870,99914,11
99871,99914,15
99872,99916,14
99873,99917,13
99874,99918,13
99875,99920,14
99876,99920,13
99877,99922,13
99878,99923,15
99879,99924,11
99880,99927,12
99881,99929,11
99882,99930,11
99883,99930,14
99884,99932,12
99885,99932,12
99886,99933,13
99887,99936,15
99888,99936,11
99889,99938,14
99890,99938,13
99891,99940,14
99892,99945,11
99893,99945,13
99894,99947,11
99895,99950,14
99896,99951,12
99897,99951,12
99898,99952,12
99899,99952,13
99900,99953,11
99901,99953,12
99902,99956,11
99903,99957,12
99904,99958,14
99905,99958,12
99906,99959,15
99907,99959,11
99908,99960,12
99909,99960,15
99910,99963,15
99911,99963,13
99912,99966,13
99913,99967,14
99914,99968,14
99915,99968,11
99916,99969,14
99917,99969,13
99918,99970,12
99919,99971,13
99920,99974,14
99921,99974,13
99922,99975,13
99923,99976,11
99924,99976,13
99925,99978,14
99926,99979,11
99927,99979,13
99928,99981,12
99929,99982,13
99930,99984,13
99931,99985,14
99932,99985,14
99933,99989,15
99934,99990,12
99935,99991,13
99936,99992,15
99937,99992,12
99938,99993,14
99939,99994,13
99940,99995,12
99941,99996,14
99942,99996,11
99943,99999,12
99944,99999,11
99945,100001,11
99946,100002,14
99947,100002,15
99948,100003,14
99949,100004,12
99950,100005,13
99951,100005,12
99952,100007,11
99953,100007,14
99954,100008,11
99955,100009,12
99956,100009,14
99957,100010,14
99958,100011,12
99959,100011,14
99960,100013,11
99961,100014,12
99962,100014,11
99963,100015,14
99964,100015,13
99965,100016,13
99966,100017,13
99967,100017,14
99968,100020,14
99969,100021,13
99970,100022,15
99971,100023,11
99972,100023,11
99973,100025,15
99974,100025,13
99975,100026,13
99976,100027,11
99977,100027,11
99978,100030,14
99979,100030,11
99980,100032,14
99981,100033,15
99982,100034,13
99983,100035,14
99984,100035,14
99985,100036,12
99986,100039,13
99987,100040,15
99988,100040,11
99989,100041,12
99990,100041,11
99991,100042,12
99992,100043,13
99993,100044,15
99994,100045,11
99995,100046,11
99996,100047,13
99997,100048,11
99998,100049,12
99999,100049,14
100000,100054,14
100001,100054,14
100002,100055,15
100003,100055,12
100004,100056,14
100005,100058,15
100006,100059,11
100007,100059,12
100008,100060,14
100009,100060,12
100010,100062,11
100011,100062,12
100012,100063,15
100013,100063,14
100014,100064,12
100015,100064,15
100016,100065,15
100017,100065,11
100018,100066,11
100019,100066,12
100020,100068,12
100021,100068,12
100022,100069,12
100023,100071,14
100024,100072,15
100025,100072,12
100026,100073,13
100027,100073,15
100028,100076,13
100029,100080,14
100030,100081,13
100031,100082,11
100032,100082,14
100033,100083,14
100034,100083,15
100035,100084,12
100036,100085,15
100037,100087,11
100038,100087,12
100039,100089,15
100040,100090,11
100041,100093,13
100042,100093,11
100043,100095,15
100044,100096,13
100045,100102,12
100046,100102,11
100047,100105,11
100048,100105,12
100049,100106,12
100050,100107,11
100051,100108,11
100052,100109,13
100053,100111,11
100054,100113,15
100055,100119,15
100056,100119,15
100057,100120,12
100058,100121,12
100059,100122,14
100060,100123,12
100061,100123,11
100062,100124,14
100063,100125,15
100064,100125,12
100065,100126,12
100066,100126,13
100067,100128,12
100068,100128,15
100069,100130,11
100070,100133,13
100071,100134,11
100072,100137,15
100073,100137,15
100074,100138,13
100075,100139,12
100076,100140,15
100077,100140,15
100078,100141,15
100079,100141,13
100080,100143,15
100081,100143,15
100082,100145,12
100083,100145,11
100084,100152,12
100085,100153,11
100086,100153,14
100087,100155,12
100088,100156,14
100089,100157,14
100090,100159,11
100091,100159,15
100092,100160,15
100093,100160,12
100094,100161,11
100095,100161,14
100096,100163,14
100097,100164,13
100098,100164,14
100099,100165,12
100100,100168,14
100101,100168,11
100102,100169,13
100103,100169,11
100104,100170,15
100105,100170,15
100106,100171,13
100107,100171,13
100108,100173,13
100109,100173,14
100110,100174,12
100111,100174,13
100112,100175,15
100113,100177,15
100114,100180,14
100115,100180,15
100116,100181,15
100117,100181,12
100118,100182,14
100119,100183,15
100120,100184,15
100121,100185,11
100122,100185,11
100123,100186,11
100124,100189,15
100125,100190,13
100126,100190,11
100127,100192,15
100128,100200,13
100129,100200,14
100130,100202,12
100131,100203,13
100132,100205,12
100133,100205,12
100134,100209,11
100135,100210,11
100136,100210,14
100137,100211,12
100138,100212,12
100139,100213,11
100140,100215,15
100141,100215,15
100142,100216,15
100143,100216,15
100144,100217,14
100145,100218,14
100146,100222,12
100147,100223,11
100148,100224,13
100149,100226,15
100150,100227,15
100151,100227,11
100152,100229,15
100153,100230,15
100154,100231,11
100155,100232,13
100156,100232,13
100157,100234,13
100158,100235,14
100159,100237,15
100160,100238,15
100161,100238,15
100162,100239,11
100163,100240,13
100164,100244,12
100165,100247,12
100166,100248,11
100167,100249,14
100168,100249,11
100169,100251,11
100170,100251,11
100171,100252,13
100172,100253,14
100173,100253,12
100174,100254,13
100175,100254,14
100176,100255,14
100177,100255,12
100178,100256,11
100179,100258,13
100180,100258,12
100181,100260,14
100182,100260,11
100183,100261,11
100184,100261,13
100185,100262,11
100186,100263,11
100187,100264,11
100188,100264,13
100189,100265,15
100190,100266,11
100191,100268,12
100192,100268,14
100193,100269,11
100194,100269,11
100195,100270,11
100196,100270,13
100197,100272,14
100198,100273,15
100199,100274,15
100200,100275,14
100201,100277,11
100202,100277,15
100203,100278,13
100204,100278,13
100205,100279,13
100206,100279,14
100207,100280,13
100208,100280,15
100209,100281,13
100210,100281,15
100211,100282,11
100212,100282,15
100213,100283,13
100214,100284,15
100215,100285,13
100216,100285,12
100217,100287,11
100218,100287,13
100219,100288,12
100220,100292,12
100221,100292,15
100222,100293,11
100223,100294,15
100224,100295,15
100225,100295,15
100226,100296,14
100227,100300,15
100228,100300,15
100229,100302,13
100230,100303,15
100231,100303,13
100232,100304,12
100233,100304,13
100234,100305,12
100235,100306,11
100236,100306,12
100237,100308,13
100238,100309,12
100239,100309,11
100240,100311,11
100241,100313,14
100242,100313,12
100243,100314,12
100244,100315,14
100245,100315,11
100246,100316,14
100247,100316,15
100248,100317,14
100249,100317,13
100250,100322,15
100251,100322,13
100252,100325,15
100253,100328,12
100254,100328,13
100255,100329,11
100256,100331,14
100257,100332,12
100258,100332,12
100259,100333,13
100260,100333,11
100261,100334,14
100262,100334,12
100263,100336,11
100264,100336,13
100265,100337,11
100266,100338,14
100267,100340,13
100268,100340,14
100269,100341,12
100270,100342,11
100271,100344,13
100272,100344,12
100273,100345,15
100274,100345,15
100275,100346,15
100276,100347,13
100277,100348,11
100278,100349,15
100279,100349,15
100280,100350,15
100281,100350,13
100282,100351,13
100283,100353,12
100284,100356,15
100285,100357,11
100286,100357,14
100287,100359,13
100288,100359,12
100289,100361,12
100290,100361,15
100291,100362,13
100292,100363,12
100293,100364,15
100294,100366,11
100295,100366,15
100296,100368,12
100297,100368,15
100298,100369,11
100299,100369,11
100300,100370,13
100301,100371,11
100302,100371,14
100303,100373,15
100304,100374,13
100305,100375,14
100306,100375,13
100307,100376,15
100308,100376,11
100309,100378,14
100310,100379,15
100311,100379,14
100312,100380,12
100313,100381,12
100314,100381,15
100315,100382,15
100316,100382,14
100317,100383,15
100318,100383,13
100319,100384,11
100320,100384,14
100321,100385,12
100322,100386,14
100323,100387,12
100324,100390,14
100325,100391,12
100326,100394,14
100327,100395,14
100328,100398,15
100329,100399,15
100330,100400,12
100331,100401,11
100332,100401,13
100333,100402,15
100334,100403,11
100335,100405,15
100336,100406,13
100337,100406,13
100338,100407,12
100339,100407,11
100340,100408,13
100341,100409,14
100342,100410,12
100343,100411,14
100344,100411,13
100345,100412,11
100346,100414,12
100347,100414,12
100348,100415,12
100349,100415,14
100350,100418,11
100351,100418,13
100352,100419,15
100353,100420,13
100354,100420,13
100355,100421,12
100356,100421,15
100357,100422,11
100358,100423,13
100359,100424,12
100360,100426,15
100361,100427,14
100362,100428,14
100363,100429,13
100364,100429,15
100365,100430,11
100366,100435,13
100367,100435,15
100368,100436,12
100369,100436,11
100370,100437,14
100371,100437,12
100372,100438,11
100373,100438,11
100374,100441,14
100375,100442,12
100376,100443,15
100377,100443,13
100378,100445,11
100379,100445,11
100380,100446,14
100381,100446,15
100382,100447,13
100383,100447,14
100384,100448,13
100385,100452,12
100386,100452,12
100387,100453,12
100388,100455,13
100389,100455,11
100390,100456,11
100391,100457,11
100392,100458,15
100393,100462,13
100394,100462,14
100395,100463,14
100396,100463,12
100397,100464,15
100398,100466,12
100399,100466,11
100400,100468,15
100401,100474,11
100402,100475,14
100403,100475,12
100404,100476,14
100405,100477,14
100406,100478,15
100407,100480,11
100408,100480,13
100409,100487,13
100410,100488,11
100411,100490,11
100412,100490,14
100413,100492,12
100414,100494,13
100415,100495,15
100416,100499,15
100417,100499,13
100418,100500,13
100419,100500,15
100420,100502,15
100421,100502,15
100422,100505,14
100423,100506,12
100424,100507,14
100425,100507,11
100426,100508,14
100427,100508,13
100428,100509,12
100429,100510,15
100430,100512,12
100431,100512,14
100432,100513,12
100433,100513,15
100434,100514,11
100435,100514,14
100436,100515,13
100437,100517,11
100438,100517,12
100439,100518,15
100440,100518,15
100441,100522,15
100442,100523,14
100443,100524,14
100444,100524,13
100445,100527,12
100446,100527,15
100447,100532,15
100448,100533,15
100449,100533,14
100450,100534,15
100451,100536,11
100452,100536,13
100453,100537,14
100454,100537,14
100455,100538,11
100456,100538,13
100457,100539,12
100458,100539,12
100459,100540,11
100460,100542,14
100461,100542,11
100462,100544,13
100463,100545,12
100464,100545,15
100465,100546,12
100466,100546,13
100467,100547,14
100468,100547,14
100469,100548,15
100470,100548,11
100471,100550,15
100472,100550,14
100473,100551,13
100474,100552,14
100475,100552,12
100476,100554,11
100477,100554,14
100478,100556,12
100479,100556,15
100480,100557,13
100481,100557,14
100482,100558,12
100483,100559,15
100484,100560,11
100485,100561,15
100486,100562,12
100487,100562,14
100488,100563,15
100489,100563,12
100490,100564,14
100491,100564,15
100492,100567,13
100493,100567,11
100494,100568,12
100495,100568,14
100496,100569,14
100497,100570,12
100498,100570,12
100499,100571,13
100500,100572,15
100501,100573,12
100502,100573,15
100503,100574,11
100504,100575,12
100505,100575,14
100506,100576,11
100507,100577,15
100508,100579,11
100509,100580,15
100510,100582,14
100511,100583,11
100512,100583,12
100513,100584,11
100514,100585,14
100515,100586,13
100516,100587,14
100517,100587,15
100518,100588,15
100519,100588,12
100520,100589,11
100521,100591,15
100522,100592,12
100523,100594,13
100524,100594,14
100525,100595,11
100526,100595,12
100527,100597,15
100528,100597,14
100529,100598,12
100530,100600,14
100531,100602,15
100532,100603,12
100533,100603,12
100534,100604,14
100535,100604,14
100536,100606,11
100537,100607,11
100538,100608,13
100539,100611,11
100540,100612,15
100541,100612,14
100542,100613,12
100543,100613,13
100544,100614,15
100545,100614,13
100546,100615,13
100547,100615,11
100548,100616,15
100549,100617,11
100550,100617,12
100551,100621,12
100552,100621,15
100553,100622,12
100554,100624,15
100555,100624,11
100556,100625,13
100557,100625,12
100558,100626,14
100559,100627,11
100560,100627,12
100561,100628,14
100562,100628,13
100563,100629,15
100564,100630,14
100565,100630,12
100566,100631,15
100567,100632,14
100568,100632,14
100569,100633,13
100570,100633,11
100571,100638,15
100572,100639,15
100573,100640,13
100574,100641,14
100575,100646,15
100576,100646,12
100577,100647,15
100578,100647,13
100579,100648,12
100580,100649,13
100581,100651,13
100582,100652,15
100583,100653,11
100584,100653,12
100585,100656,14
100586,100659,13
100587,100663,15
100588,100664,14
100589,100664,15
100590,100665,11
100591,100665,13
100592,100666,14
100593,100666,13
100594,100667,13
100595,100667,13
100596,100668,15
100597,100668,11
100598,100669,13
100599,100669,15
100600,100670,15
100601,100670,12
100602,100673,14
100603,100673,11
100604,100675,12
100605,100675,14
100606,100676,15
100607,100676,12
100608,100677,15
100609,100678,12
100610,100679,14
100611,100681,12
100612,100681,12
100613,100682,14
100614,100682,13
100615,100684,15
100616,100685,14
100617,100686,14
100618,100687,14
100619,100687,15
100620,100688,12
100621,100688,13
100622,100693,14
100623,100693,15
100624,100695,13
100625,100695,13
100626,100696,15
100627,100696,12
100628,100699,13
100629,100701,11
100630,100702,15
100631,100702,14
100632,100706,12
100633,100707,12
100634,100709,11
100635,100710,15
100636,100712,15
100637,100713,12
100638,100713,12
100639,100714,12
100640,100715,15
100641,100716,13
100642,100717,15
100643,100718,11
100644,100718,14
100645,100719,13
100646,100720,15
100647,100722,13
100648,100722,15
100649,100723,15
100650,100723,15
100651,100726,14
100652,100726,13
100653,100727,12
100654,100727,13
100655,100728,14
100656,100729,11
100657,100729,14
100658,100730,13
100659,100732,13
100660,100733,14
100661,100735,13
100662,100736,15
100663,100737,13
100664,100737,12
100665,100738,12
100666,100738,11
100667,100741,11
100668,100741,15
100669,100742,13
100670,100742,12
100671,100744,15
100672,100744,12
100673,100745,13
100674,100747,14
100675,100747,15
100676,100748,14
100677,100748,12
100678,100749,13
100679,100749,14
100680,100751,11
100681,100752,11
100682,100753,13
100683,100756,12
100684,100757,11
100685,100757,14
100686,100758,15
100687,100759,15
100688,100760,11
100689,100760,15
100690,100761,13
100691,100761,12
100692,100762,14
100693,100763,15
100694,100764,14
100695,100765,13
100696,100767,12
100697,100767,15
100698,100769,11
100699,100772,15
100700,100775,14
100701,100775,15
100702,100776,14
100703,100776,11
100704,100777,12
100705,100778,15
100706,100778,15
100707,100779,13
100708,100779,14
100709,100781,13
100710,100782,15
100711,100782,15
100712,100783,12
100713,100783,11
100714,100784,13
100715,100784,11
100716,100785,13
100717,100785,12
100718,100786,15
100719,100786,12
100720,100787,11
100721,100787,13
100722,100788,14
100723,100789,11
100724,100789,11
100725,100790,12
100726,100790,14
100727,100791,13
100728,100793,13
100729,100793,14
100730,100794,14
100731,100794,14
100732,100795,15
100733,100799,11
100734,100801,12
100735,100802,14
100736,100804,12
100737,100806,15
100738,100807,12
100739,100809,11
100740,100810,11
100741,100812,11
100742,100815,12
100743,100816,12
100744,100816,11
100745,100819,14
100746,100819,15
100747,100820,14
100748,100821,11
100749,100822,15
100750,100822,15
100751,100823,13
100752,100823,11
100753,100824,13
100754,100824,13
100755,100825,12
100756,100826,12
100757,100826,15
100758,100827,15
100759,100828,14
100760,100830,14
100761,100830,11
100762,100833,15
100763,100833,13
100764,100838,14
100765,100838,13
100766,100839,14
100767,100842,12
100768,100842,11
100769,100843,11
100770,100843,14
100771,100844,13
100772,100844,13
100773,100845,14
100774,100846,12
100775,100847,15
100776,100850,14
100777,100855,12
100778,100856,14
100779,100857,15
100780,100861,15
100781,100862,15
100782,100863,11
100783,100864,15
100784,100864,12
100785,100865,12
100786,100866,12
100787,100868,13
100788,100870,14
100789,100871,11
100790,100873,11
100791,100877,12
100792,100878,14
100793,100880,13
100794,100881,15
100795,100881,12
100796,100882,14
100797,100882,12
100798,100885,15
100799,100885,14
100800,100886,14
100801,100892,12
100802,100892,14
100803,100893,15
100804,100893,14
100805,100894,15
100806,100894,15
100807,100895,15
100808,100896,15
100809,100896,11
100810,100897,14
100811,100899,12
100812,100900,15
100813,100902,15
100814,100902,13
100815,100903,12
100816,100903,11
100817,100904,12
100818,100904,15
100819,100905,14
100820,100906,11
100821,100906,12
100822,100908,12
100823,100912,14
100824,100912,11
100825,100913,15
100826,100915,14
100827,100915,12
100828,100917,14
100829,100917,14
100830,100922,12
100831,100925,11
100832,100925,12
100833,100927,13
100834,100928,15
100835,100928,11
100836,100930,11
100837,100932,14
100838,100932,13
100839,100934,13
100840,100935,11
100841,100935,14
100842,100938,11
100843,100939,14
100844,100939,13
100845,100941,15
100846,100941,12
100847,100946,15
100848,100946,11
100849,100947,15
100850,100948,13
100851,100951,15
100852,100952,15
100853,100952,13
100854,100953,15
100855,100954,15
100856,100954,11
100857,100955,12
100858,100957,15
100859,100958,14
100860,100958,14
100861,100959,12
100862,100962,13
100863,100963,13
100864,100963,12
100865,100964,13
100866,100964,14
100867,100965,13
100868,100965,11
100869,100967,14
100870,100968,15
100871,100968,11
100872,100969,15
100873,100971,15
100874,100975,13
100875,100975,13
100876,100977,11
100877,100978,14
100878,100978,14
100879,100979,12
100880,100979,14
100881,100980,13
100882,100982,12
100883,100982,12
100884,100983,12
100885,100984,11
100886,100984,14
100887,100985,13
100888,100986,13
100889,100986,14
100890,100992,14
100891,100997,12
100892,100999,15
100893,100999,15
100894,101000,15
100895,101003,13
100896,101005,13
100897,101006,12
100898,101007,15
100899,101008,14
100900,101009,12
100901,101011,13
100902,101011,11
100903,101012,14
100904,101012,15
100905,101013,12
100906,101013,12
100907,101014,15
100908,101015,13
100909,101015,12
100910,101016,12
100911,101016,15
100912,101017,15
100913,101017,12
100914,101019,15
100915,101019,11
100916,101020,15
100917,101020,15
100918,101021,11
100919,101023,11
100920,101024,13
100921,101025,11
100922,101026,13
100923,101027,13
100924,101027,15
100925,101028,15
100926,101028,14
100927,101029,12
100928,101029,13
100929,101031,15
100930,101032,13
100931,101032,12
100932,101034,15
100933,101034,11
100934,101035,12
100935,101035,12
100936,101037,13
100937,101038,15
100938,101039,15
100939,101039,12
100940,101043,13
100941,101045,13
100942,101045,11
100943,101046,11
100944,101046,12
100945,101047,15
100946,101048,14
100947,101049,11
100948,101049,13
100949,101050,14
100950,101050,12
100951,101052,11
100952,101052,11
100953,101053,14
100954,101053,14
100955,101055,15
100956,101056,14
100957,101057,15
100958,101057,14
100959,101058,12
100960,101058,12
100961,101059,12
100962,101059,15
100963,101060,15
100964,101062,15
100965,101063,12
100966,101063,15
100967,101064,15
100968,101066,11
100969,101068,13
100970,101068,15
100971,101070,13
100972,101071,14
100973,101072,15
100974,101072,14
100975,101073,12
100976,101073,12
100977,101075,14
100978,101075,12
100979,101076,15
100980,101076,12
100981,101079,13
100982,101080,13
100983,101080,12
100984,101082,12
100985,101082,11
100986,101083,13
100987,101084,12
100988,101087,13
100989,101091,15
100990,101091,11
100991,101092,12
100992,101092,13
100993,101093,14
100994,101093,14
100995,101094,12
100996,101094,13
100997,101095,12
100998,101096,14
100999,101098,13
101000,101099,15
101001,101100,15
101002,101100,14
101003,101101,11
101004,101101,12
101005,101102,12
101006,101103,12
101007,101104,14
101008,101105,14
101009,101107,13
101010,101107,11
101011,101111,12
101012,101111,13
101013,101113,14
101014,101113,14
101015,101114,11
101016,101114,12
101017,101115,15
101018,101115,12
101019,101117,14
101020,101117,12
101021,101118,11
101022,101119,14
101023,101121,13
101024,101121,13
101025,101122,13
101026,101123,11
101027,101123,13
101028,101124,14
101029,101125,12
101030,101125,15
101031,101126,14
101032,101128,15
101033,101129,13
101034,101129,15
101035,101132,12
101036,101132,11
101037,101133,14
101038,101133,13
101039,101138,12
101040,101139,14
101041,101140,12
101042,101140,15
101043,101142,11
101044,101142,12
101045,101143,12
101046,101144,13
101047,101144,11
101048,101147,11
101049,101148,13
101050,101149,15
101051,101150,15
101052,101152,12
101053,101153,11
101054,101155,11
101055,101157,15
101056,101157,14
101057,101158,11
101058,101158,13
101059,101159,14
101060,101161,13
101061,101161,13
101062,101162,14
101063,101163,15
101064,101164,15
101065,101165,15
101066,101166,14
101067,101166,13
101068,101168,14
101069,101168,12
101070,101169,13
101071,101169,13
101072,101170,14
101073,101171,11
101074,101174,13
101075,101175,14
101076,101175,15
101077,101176,15
101078,101176,15
101079,101179,14
101080,101180,15
101081,101181,11
101082,101181,11
101083,101183,15
101084,101184,13
101085,101185,13
101086,101185,11
101087,101186,12
101088,101186,12
101089,101187,14
101090,101187,15
101091,101188,13
101092,101188,13
101093,101190,15
101094,101191,15
101095,101193,13
101096,101193,14
101097,101195,14
101098,101195,13
101099,101196,11
101100,101196,12
101101,101197,13
101102,101197,12
101103,101198,14
101104,101198,11
101105,101201,12
101106,101201,13
101107,101202,13
101108,101203,13
101109,101203,14
101110,101205,11
101111,101207,11
101112,101207,13
101113,101208,14
101114,101210,13
101115,101210,15
101116,101212,13
101117,101212,15
101118,101214,13
101119,101215,11
101120,101216,14
101121,101217,12
101122,101218,12
101123,101219,13
101124,101220,12
101125,101220,14
101126,101221,11
101127,101222,12
101128,101222,12
101129,101223,14
101130,101223,14
101131,101224,13
101132,101225,14
101133,101226,12
101134,101227,15
101135,101228,11
101136,101228,13
101137,101229,14
101138,101229,11
101139,101230,12
101140,101232,14
101141,101232,11
101142,101235,13
101143,101236,13
101144,101236,11
101145,101239,13
101146,101239,12
101147,101240,15
101148,101240,13
101149,101241,14
101150,101241,13
101151,101242,13
101152,101243,14
101153,101243,13
101154,101245,15
101155,101246,11
101156,101247,13
101157,101247,15
101158,101248,14
101159,101248,14
101160,101250,12
101161,101251,11
101162,101251,14
101163,101252,11
101164,101255,11
101165,101256,12
101166,101257,15
101167,101257,13
101168,101258,15
101169,101258,15
101170,101259,12
101171,101259,11
101172,101260,13
101173,101260,11
101174,101261,13
101175,101265,15
101176,101266,11
101177,101267,11
101178,101267,11
101179,101268,14
101180,101268,15
101181,101272,13
101182,101272,11
101183,101273,14
101184,101273,12
101185,101275,12
101186,101277,14
101187,101277,14
101188,101278,14
101189,101278,12
101190,101279,13
101191,101279,14
101192,101280,14
101193,101281,13
101194,101281,12
101195,101282,15
101196,101284,13
101197,101285,15
101198,101285,15
101199,101286,11
101200,101287,12
101201,101288,12
101202,101289,14
101203,101289,12
101204,101290,12
101205,101290,12
101206,101291,12
101207,101293,12
101208,101293,11
101209,101296,13
101210,101297,14
101211,101297,12
101212,101298,13
101213,101298,14
101214,101299,13
101215,101300,14
101216,101301,13
101217,101302,15
101218,101302,15
101219,101303,14
101220,101304,14
101221,101304,14
101222,101306,11
101223,101306,13
101224,101308,11
101225,101312,15
101226,101312,12
101227,101316,11
101228,101317,14
101229,101317,12
101230,101320,11
101231,101320,14
101232,101322,14
101233,101323,11
101234,101323,12
101235,101324,15
101236,101324,15
101237,101325,11
101238,101325,11
101239,101326,14
101240,101326,15
101241,101329,11
101242,101329,13
101243,101331,15
101244,101331,15
101245,101332,15
101246,101332,12
101247,101333,13
101248,101334,14
101249,101335,11
101250,101336,13
101251,101337,13
101252,101338,15
101253,101338,15
101254,101340,13
101255,101341,14
101256,101341,14
101257,101345,11
101258,101345,15
101259,101346,14
101260,101346,15
101261,101347,15
101262,101347,15
101263,101351,14
101264,101352,15
101265,101353,12
101266,101353,13
101267,101354,14
101268,101354,15
101269,101355,15
101270,101355,12
101271,101356,12
101272,101356,11
101273,101357,15
101274,101358,15
101275,101358,13
101276,101359,15
101277,101359,14
101278,101360,15
101279,101360,15
101280,101362,13
101281,101363,12
101282,101364,15
101283,101365,11
101284,101365,11
101285,101368,14
101286,101369,11
101287,101370,12
101288,101371,14
101289,101371,15
101290,101377,13
101291,101378,15
101292,101378,15
101293,101379,14
101294,101379,13
101295,101380,11
101296,101383,14
101297,101384,11
101298,101384,11
101299,101386,11
101300,101387,15
101301,101387,13
101302,101388,14
101303,101389,13
101304,101389,11
101305,101390,14
101306,101393,15
101307,101393,15
101308,101396,13
101309,101397,14
101310,101397,14
101311,101400,11
101312,101401,15
101313,101402,13
101314,101403,15
101315,101403,13
101316,101405,15
101317,101406,15
101318,101406,12
101319,101407,15
101320,101408,14
101321,101408,11
101322,101409,13
101323,101409,13
101324,101410,13
101325,101411,12
101326,101412,13
101327,101413,14
101328,101413,13
101329,101415,13
101330,101416,14
101331,101416,13
101332,101418,13
101333,101420,12
101334,101420,14
101335,101421,11
101336,101421,12
101337,101422,12
101338,101424,14
101339,101424,13
101340,101426,14
101341,101426,13
101342,101430,11
101343,101430,14
101344,101431,13
101345,101431,15
101346,101432,13
101347,101433,13
101348,101433,13
101349,101434,12
101350,101436,14
101351,101436,12
101352,101437,13
101353,101439,11
101354,101439,15
101355,101440,11
101356,101441,13
101357,101441,15
101358,101442,15
101359,101442,14
101360,101443,13
101361,101443,15
101362,101444,11
101363,101446,11
101364,101447,11
101365,101448,14
101366,101449,15
101367,101449,15
101368,101450,13
101369,101450,13
101370,101452,11
101371,101452,14
101372,101453,12
101373,101453,11
101374,101454,13
101375,101455,12
101376,101460,14
101377,101462,13
101378,101464,15
101379,101466,15
101380,101469,15
101381,101471,11
101382,101471,13
101383,101472,15
101384,101472,11
101385,101473,12
101386,101473,12
101387,101474,11
101388,101475,13
101389,101475,11
101390,101478,13
101391,101480,13
101392,101483,12
101393,101483,11
101394,101484,15
101395,101485,14
101396,101485,14
101397,101489,15
101398,101489,15
101399,101490,15
101400,101491,13
101401,101491,11
101402,101493,15
101403,101493,11
101404,101494,13
101405,101494,13
101406,101496,11
101407,101497,15
101408,101498,15
101409,101500,12
101410,101500,15
101411,101501,15
101412,101501,14
101413,101502,14
101414,101503,13
101415,101503,13
101416,101504,13
101417,101504,14
101418,101506,13
101419,101506,12
101420,101507,11
101421,101508,15
101422,101510,13
101423,101510,11
101424,101511,11
101425,101511,11
101426,101512,12
101427,101517,13
101428,101517,11
101429,101518,12
101430,101519,11
101431,101520,14
101432,101521,15
101433,101521,12
101434,101522,12
101435,101523,15
101436,101524,11
101437,101524,13
101438,101525,13
101439,101525,11
101440,101528,14
101441,101528,13
101442,101529,14
101443,101530,15
101444,101530,11
101445,101531,11
101446,101533,14
101447,101533,12
101448,101534,12
101449,101536,13
101450,101537,11
101451,101538,11
101452,101539,12
101453,101539,15
101454,101540,13
101455,101543,12
101456,101544,14
101457,101544,13
101458,101545,12
101459,101545,14
101460,101546,14
101461,101548,11
101462,101548,15
101463,101549,14
101464,101550,11
101465,101550,12
101466,101551,14
101467,101553,15
101468,101553,12
101469,101556,15
101470,101557,11
101471,101557,13
101472,101559,11
101473,101559,15
101474,101560,14
101475,101562,15
101476,101563,14
101477,101563,14
101478,101564,13
101479,101564,11
101480,101567,12
101481,101569,15
101482,101569,11
101483,101570,13
101484,101572,15
101485,101572,13
101486,101573,15
101487,101574,11
101488,101576,15
101489,101576,12
101490,101577,14
101491,101578,12
101492,101582,15
101493,101583,11
101494,101584,15
101495,101585,15
101496,101585,12
101497,101586,14
101498,101587,12
101499,101589,12
101500,101590,11
101501,101590,11
101502,101593,15
101503,101594,13
101504,101595,15
101505,101595,14
101506,101596,14
101507,101597,15
101508,101598,12
101509,101601,14
101510,101601,13
101511,101603,11
101512,101604,12
101513,101604,14
101514,101606,14
101515,101606,12
101516,101607,13
101517,101608,15
101518,101608,13
101519,101610,13
101520,101610,14
101521,101611,12
101522,101612,15
101523,101613,14
101524,101613,11
101525,101615,14
101526,101615,11
101527,101616,11
101528,101619,14
101529,101619,14
101530,101621,15
101531,101622,15
101532,101623,14
101533,101624,14
101534,101625,15
101535,101625,13
101536,101626,14
101537,101626,11
101538,101627,12
101539,101628,13
101540,101631,13
101541,101632,12
101542,101632,13
101543,101633,15
101544,101633,12
101545,101634,14
101546,101634,14
101547,101636,12
101548,101636,11
101549,101637,15
101550,101637,12
101551,101639,13
101552,101639,13
101553,101641,14
101554,101642,13
101555,101644,14
101556,101644,12
101557,101645,12
101558,101645,14
101559,101648,15
101560,101648,11
101561,101650,11
101562,101654,11
101563,101655,14
101564,101655,14
101565,101658,15
101566,101658,13
101567,101659,11
101568,101660,11
101569,101661,13
101570,101661,13
101571,101662,15
101572,101663,14
101573,101665,12
101574,101665,11
101575,101667,14
101576,101669,14
101577,101670,13
101578,101670,11
101579,101671,12
101580,101673,13
101581,101674,15
101582,101674,13
101583,101677,15
101584,101678,13
101585,101678,14
101586,101679,12
101587,101679,15
101588,101680,14
101589,101680,12
101590,101681,13
101591,101682,15
101592,101682,14
101593,101684,15
101594,101686,13
101595,101687,15
101596,101687,12
101597,101688,13
101598,101688,11
101599,101690,14
101600,101695,15
101601,101696,12
101602,101696,12
101603,101697,13
101604,101698,15
101605,101698,12
101606,101699,14
101607,101700,13
101608,101702,15
101609,101703,15
101610,101704,12
101611,101706,14
101612,101707,14
101613,101708,15
101614,101708,14
101615,101709,15
101616,101710,14
101617,101711,14
101618,101711,12
101619,101713,14
101620,101713,12
101621,101714,14
101622,101715,14
101623,101716,13
101624,101716,11
101625,101718,11
101626,101720,14
101627,101722,14
101628,101722,11
101629,101725,13
101630,101727,11
101631,101727,15
101632,101728,14
101633,101728,12
101634,101731,12
101635,101732,11
101636,101732,13
101637,101733,13
101638,101734,11
101639,101734,15
101640,101736,13
101641,101736,13
101642,101737,14
101643,101738,14
101644,101738,13
101645,101739,12
101646,101739,13
101647,101740,11
101648,101740,13
101649,101741,13
101650,101741,14
101651,101742,12
101652,101743,15
101653,101743,12
101654,101748,12
101655,101748,11
101656,101749,11
101657,101749,12
101658,101750,11
101659,101751,13
101660,101751,14
101661,101753,12
101662,101753,15
101663,101754,13
101664,101755,14
101665,101755,11
101666,101758,12
101667,101759,12
101668,101761,13
101669,101762,11
101670,101764,11
101671,101764,11
101672,101765,14
101673,101768,15
101674,101769,14
101675,101769,11
101676,101770,12
101677,101771,13
101678,101773,12
101679,101773,15
101680,101776,11
101681,101776,14
101682,101777,15
101683,101777,15
101684,101778,12
101685,101778,11
101686,101779,12
101687,101779,15
101688,101780,11
101689,101780,14
101690,101781,15
101691,101781,11
101692,101783,15
101693,101783,15
101694,101785,12
101695,101789,11
101696,101790,11
101697,101790,14
101698,101792,11
101699,101794,13
101700,101794,11
101701,101796,14
101702,101796,15
101703,101797,12
101704,101797,13
101705,101798,13
101706,101800,14
101707,101801,12
101708,101805,12
101709,101806,13
101710,101807,13
101711,101807,11
101712,101808,11
101713,101809,15
101714,101809,13
101715,101810,13
101716,101810,12
101717,101812,11
101718,101817,11
101719,101821,15
101720,101821,13
101721,101822,12
101722,101822,12
101723,101824,11
101724,101826,15
101725,101827,15
101726,101829,11
101727,101829,13
101728,101832,13
101729,101832,11
101730,101833,12
101731,101833,15
101732,101834,14
101733,101838,12
101734,101838,11
101735,101839,15
101736,101841,15
101737,101842,14
101738,101844,13
101739,101845,12
101740,101845,11
101741,101846,14
101742,101847,12
101743,101847,14
101744,101848,13
101745,101848,11
101746,101854,12
101747,101854,12
101748,101855,15
101749,101855,13
101750,101857,11
101751,101857,13
101752,101858,11
101753,101859,11
101754,101860,12
101755,101862,11
101756,101862,13
101757,101863,14
101758,101863,13
101759,101864,15
101760,101864,13
101761,101865,13
101762,101866,14
101763,101868,15
101764,101868,12
101765,101870,12
101766,101870,15
101767,101871,11
101768,101871,15
101769,101874,11
101770,101874,13
101771,101877,14
101772,101878,15
101773,101878,15
101774,101880,11
101775,101880,11
101776,101883,14
101777,101883,11
101778,101885,11
101779,101885,11
101780,101886,11
101781,101887,15
101782,101888,11
101783,101888,15
101784,101889,12
101785,101890,11
101786,101890,15
101787,101892,15
101788,101892,15
101789,101893,14
101790,101894,13
101791,101894,14
101792,101895,12
101793,101895,12
101794,101897,13
101795,101897,11
101796,101898,15
101797,101900,14
101798,101901,14
101799,101903,13
101800,101903,12
101801,101904,12
101802,101904,12
101803,101906,13
101804,101907,14
101805,101907,15
101806,101908,11
101807,101911,12
101808,101911,14
101809,101912,15
101810,101912,13
101811,101913,15
101812,101913,11
101813,101914,15
101814,101914,14
101815,101915,13
101816,101915,13
101817,101917,11
101818,101917,12
101819,101918,14
101820,101918,15
101821,101919,15
101822,101919,12
101823,101921,14
101824,101921,12
101825,101922,13
101826,101923,12
101827,101925,11
101828,101926,14
101829,101926,12
101830,101928,12
101831,101930,11
101832,101930,14
101833,101932,15
101834,101933,12
101835,101933,11
101836,101936,14
101837,101940,12
101838,101940,12
101839,101941,12
101840,101942,12
101841,101942,15
101842,101945,12
101843,101945,15
101844,101946,13
101845,101947,11
101846,101947,13
101847,101948,14
101848,101952,15
101849,101952,15
101850,101954,12
101851,101957,12
101852,101957,15
101853,101959,15
101854,101960,15
101855,101960,13
101856,101961,14
101857,101963,15
101858,101965,13
101859,101968,11
101860,101970,11
101861,101972,13
101862,101973,15
101863,101974,12
101864,101974,15
101865,101975,13
101866,101977,13
101867,101977,15
101868,101980,12
101869,101981,12
101870,101981,14
101871,101982,13
101872,101982,13
101873,101983,12
101874,101983,14
101875,101986,11
101876,101988,13
101877,101988,15
101878,101990,14
101879,101991,14
101880,101992,13
101881,101992,15
101882,101993,11
101883,101994,12
101884,101994,15
101885,101995,11
101886,101996,14
101887,101996,15
101888,101998,15
101889,101998,13
101890,101999,13
101891,102000,12
101892,102001,12
101893,102001,14
101894,102004,12
101895,102004,13
101896,102005,14
101897,102005,15
101898,102006,15
101899,102006,15
101900,102007,13
101901,102008,15
101902,102011,11
101903,102011,15
101904,102013,13
101905,102013,13
101906,102015,12
101907,102018,12
101908,102019,15
101909,102019,12
101910,102020,14
101911,102021,13
101912,102021,15
101913,102022,11
101914,102024,11
101915,102025,14
101916,102026,14
101917,102026,14
101918,102028,13
101919,102028,14
101920,102029,12
101921,102029,12
101922,102030,11
101923,102031,11
101924,102032,14
101925,102033,15
101926,102034,14
101927,102034,12
101928,102037,15
101929,102038,15
101930,102039,13
101931,102040,13
101932,102041,11
101933,102041,13
101934,102042,14
101935,102043,13
101936,102043,15
101937,102044,11
101938,102045,15
101939,102046,11
101940,102048,12
101941,102048,14
101942,102049,14
101943,102051,13
101944,102051,11
101945,102052,12
101946,102052,11
101947,102054,14
101948,102054,11
101949,102055,15
101950,102056,15
101951,102059,12
101952,102061,15
101953,102063,12
101954,102063,13
101955,102068,14
101956,102069,12
101957,102069,15
101958,102070,13
101959,102072,12
101960,102072,11
101961,102075,15
101962,102075,13
101963,102076,11
101964,102077,11
101965,102077,12
101966,102078,14
101967,102079,13
101968,102079,13
101969,102081,11
101970,102082,15
101971,102083,13
101972,102083,11
101973,102085,14
101974,102086,15
101975,102087,13
101976,102090,14
101977,102092,11
101978,102094,13
101979,102094,11
101980,102095,15
101981,102095,13
101982,102096,12
101983,102097,12
101984,102099,13
101985,102100,15
101986,102101,12
101987,102101,13
101988,102102,12
101989,102103,12
101990,102105,13
101991,102106,12
101992,102106,11
101993,102109,14
101994,102110,13
101995,102114,14
101996,102116,11
101997,102118,14
101998,102119,12
101999,102119,11
102000,102120,12
102001,102120,14
102002,102122,15
102003,102122,14
102004,102125,14
102005,102125,11
102006,102126,12
102007,102126,13
102008,102127,14
102009,102128,14
102010,102129,13
102011,102129,11
102012,102131,11
102013,102133,11
102014,102134,14
102015,102135,15
102016,102136,12
102017,102136,11
102018,102138,14
102019,102138,13
102020,102140,12
102021,102141,12
102022,102141,15
102023,102144,14
102024,102144,15
102025,102146,14
102026,102146,14
102027,102147,13
102028,102147,14
102029,102148,11
102030,102148,11
102031,102150,12
102032,102150,12
102033,102151,14
102034,102151,15
102035,102155,12
102036,102155,12
102037,102158,12
102038,102161,11
102039,102161,12
102040,102162,14
102041,102162,15
102042,102163,13
102043,102164,11
102044,102164,14
102045,102165,13
102046,102166,15
102047,102167,15
102048,102168,11
102049,102168,13
102050,102169,12
102051,102170,12
102052,102171,12
102053,102172,14
102054,102173,13
102055,102174,14
102056,102174,13
102057,102176,13
102058,102178,14
102059,102178,13
102060,102179,12
102061,102181,11
102062,102182,12
102063,102182,15
102064,102183,13
102065,102183,15
102066,102185,14
102067,102185,14
102068,102186,13
102069,102186,11
102070,102188,12
102071,102188,14
102072,102190,15
102073,102191,11
102074,102192,13
102075,102193,12
102076,102193,14
102077,102194,12
102078,102194,12
102079,102195,11
102080,102195,13
102081,102196,15
102082,102196,12
102083,102198,13
102084,102198,12
102085,102199,11
102086,102200,13
102087,102200,14
102088,102201,13
102089,102201,15
102090,102202,15
102091,102203,11
102092,102205,11
102093,102206,12
102094,102206,13
102095,102207,13
102096,102208,13
102097,102208,12
102098,102210,12
102099,102211,13
102100,102212,12
102101,102212,11
102102,102213,12
102103,102213,15
102104,102214,13
102105,102220,13
102106,102220,11
102107,102222,12
102108,102223,15
102109,102225,11
102110,102225,13
102111,102227,12
102112,102228,11
102113,102230,15
102114,102230,12
102115,102231,12
102116,102231,11
102117,102233,12
102118,102235,11
102119,102235,13
102120,102236,11
102121,102237,13
102122,102239,15
102123,102239,13
102124,102240,11
102125,102241,13
102126,102241,15
102127,102243,11
102128,102243,12
102129,102244,13
102130,102245,13
102131,102245,14
102132,102247,11
102133,102247,15
102134,102248,14
102135,102248,11
102136,102250,12
102137,102250,11
102138,102251,14
102139,102251,11
102140,102252,11
102141,102253,13
102142,102253,13
102143,102254,13
102144,102255,13
102145,102255,13
102146,102256,15
102147,102256,11
102148,102258,11
102149,102259,15
102150,102262,11
102151,102262,11
102152,102263,13
102153,102263,13
102154,102266,13
102155,102267,12
102156,102267,13
102157,102268,11
102158,102269,11
102159,102270,15
102160,102271,15
102161,102271,15
102162,102272,13
102163,102272,13
102164,102273,15
102165,102274,12
102166,102275,12
102167,102275,15
102168,102276,15
102169,102277,13
102170,102278,15
102171,102278,12
102172,102281,14
102173,102281,11
102174,102285,13
102175,102286,13
102176,102286,15
102177,102288,15
102178,102290,13
102179,102290,12
102180,102291,11
102181,102291,14
102182,102294,12
102183,102294,12
102184,102295,14
102185,102295,12
102186,102296,13
102187,102296,13
102188,102297,13
102189,102297,15
102190,102298,11
102191,102298,13
102192,102299,12
102193,102299,14
102194,102300,11
102195,102301,11
102196,102301,11
102197,102302,15
102198,102303,15
102199,102305,15
102200,102306,11
102201,102309,15
102202,102310,12
102203,102310,13
102204,102313,13
102205,102315,12
102206,102317,15
102207,102317,11
102208,102319,12
102209,102320,15
102210,102322,15
102211,102323,12
102212,102324,14
102213,102324,15
102214,102325,11
102215,102326,14
102216,102328,15
102217,102328,12
102218,102330,11
102219,102330,12
102220,102331,14
102221,102332,14
102222,102332,11
102223,102334,15
102224,102335,13
102225,102336,12
102226,102336,11
102227,102337,12
102228,102337,11
102229,102338,13
102230,102339,13
102231,102339,11
102232,102340,11
102233,102341,12
102234,102342,15
102235,102343,15
102236,102343,13
102237,102345,15
102238,102345,15
102239,102348,13
102240,102349,11
102241,102352,15
102242,102352,11
102243,102353,14
102244,102353,14
102245,102354,11
102246,102354,11
102247,102355,12
102248,102356,11
102249,102356,14
102250,102360,13
102251,102360,11
102252,102361,11
102253,102362,13
102254,102364,14
102255,102366,13
102256,102366,11
102257,102368,15
102258,102368,11
102259,102369,15
102260,102370,13
102261,102371,14
102262,102372,12
102263,102378,14
102264,102379,13
102265,102379,13
102266,102380,13
102267,102380,11
102268,102381,11
102269,102381,11
102270,102382,14
102271,102382,13
102272,102385,12
102273,102385,15
102274,102388,12
102275,102388,15
102276,102389,13
102277,102389,11
102278,102390,13
102279,102390,14
102280,102391,13
102281,102391,13
102282,102392,13
102283,102392,13
102284,102394,14
102285,102396,14
102286,102396,13
102287,102397,15
102288,102397,12
102289,102399,14
102290,102400,12
102291,102401,15
102292,102401,13
102293,102402,12
102294,102402,11
102295,102403,15
102296,102404,12
102297,102404,15
102298,102405,13
102299,102405,14
102300,102406,11
102301,102406,15
102302,102408,12
102303,102408,15
102304,102410,13
102305,102410,11
102306,102411,14
102307,102412,15
102308,102413,15
102309,102413,11
102310,102415,12
102311,102416,12
102312,102417,15
102313,102418,11
102314,102419,15
102315,102420,11
102316,102420,15
102317,102422,15
102318,102423,14
102319,102423,15
102320,102424,14
102321,102425,12
102322,102426,11
102323,102426,12
102324,102427,14
102325,102428,13
102326,102429,12
102327,102429,15
102328,102430,15
102329,102430,12
102330,102431,14
102331,102431,15
102332,102433,12
102333,102433,12
102334,102434,12
102335,102434,12
102336,102436,13
102337,102437,15
102338,102437,12
102339,102439,12
102340,102440,13
102341,102440,14
102342,102441,15
102343,102441,14
102344,102444,11
102345,102444,11
102346,102445,12
102347,102445,15
102348,102446,15
102349,102447,15
102350,102448,12
102351,102448,11
102352,102449,12
102353,102449,14
102354,102451,13
102355,102452,15
102356,102452,13
102357,102453,12
102358,102453,11
102359,102454,12
102360,102454,13
102361,102456,11
102362,102459,14
102363,102459,15
102364,102460,15
102365,102460,15
102366,102461,12
102367,102461,11
102368,102462,14
102369,102465,15
102370,102465,11
102371,102466,14
102372,102467,14
102373,102469,11
102374,102471,12
102375,102471,13
102376,102473,13
102377,102474,13
102378,102475,12
102379,102477,12
102380,102478,13
102381,102478,14
102382,102479,15
102383,102480,15
102384,102480,13
102385,102481,12
102386,102481,12
102387,102482,14
102388,102482,12
102389,102483,15
102390,102483,13
102391,102484,13
102392,102484,11
102393,102485,14
102394,102485,15
102395,102486,15
102396,102487,13
102397,102490,13
102398,102490,11
102399,102492,14
102400,102492,15
102401,102493,13
102402,102494,14
102403,102495,13
102404,102497,11
102405,102498,14
102406,102498,14
102407,102500,15
102408,102501,11
102409,102504,13
102410,102505,12
102411,102506,12
102412,102508,11
102413,102508,11
102414,102509,13
102415,102509,15
102416,102510,14
102417,102511,15
102418,102512,11
102419,102512,14
102420,102513,15
102421,102514,14
102422,102514,13
102423,102515,14
102424,102515,11
102425,102522,15
102426,102522,12
102427,102523,11
102428,102524,11
102429,102525,11
102430,102525,14
102431,102527,14
102432,102527,11
102433,102529,13
102434,102529,12
102435,102533,13
102436,102534,13
102437,102535,12
102438,102535,15
102439,102536,13
102440,102536,15
102441,102537,13
102442,102538,11
102443,102538,15
102444,102539,11
102445,102540,12
102446,102540,15
102447,102544,11
102448,102545,15
102449,102546,15
102450,102546,11
102451,102548,11
102452,102550,14
102453,102551,12
102454,102552,11
102455,102553,11
102456,102554,12
102457,102557,14
102458,102557,14
102459,102561,13
102460,102561,11
102461,102564,11
102462,102564,13
102463,102565,15
102464,102565,15
102465,102567,14
102466,102568,12
102467,102569,12
102468,102570,11
102469,102570,13
102470,102571,11
102471,102571,14
102472,102572,13
102473,102574,13
102474,102575,15
102475,102575,15
102476,102576,13
102477,102576,11
102478,102577,11
102479,102578,14
102480,102579,15
102481,102579,11
102482,102581,12
102483,102582,11
102484,102583,13
102485,102585,11
102486,102585,13
102487,102586,14
102488,102586,14
102489,102588,14
102490,102588,15
102491,102589,12
102492,102592,15
102493,102593,11
102494,102595,15
102495,102595,13
102496,102596,14
102497,102596,15
102498,102598,14
102499,102599,11
102500,102602,11
102501,102602,12
102502,102603,12
102503,102605,13
102504,102605,11
102505,102606,14
102506,102607,12
102507,102609,13
102508,102610,12
102509,102610,14
102510,102612,11
102511,102612,14
102512,102613,15
102513,102613,12
102514,102614,12
102515,102614,15
102516,102615,12
102517,102616,11
102518,102616,11
102519,102617,13
102520,102617,14
102521,102619,13
102522,102620,12
102523,102620,12
102524,102621,11
102525,102621,12
102526,102622,11
102527,102623,11
102528,102623,13
102529,102624,14
102530,102624,11
102531,102625,15
102532,102625,11
102533,102626,15
102534,102627,11
102535,102628,14
102536,102629,14
102537,102630,13
102538,102631,14
102539,102632,11
102540,102633,11
102541,102636,14
102542,102638,13
102543,102639,11
102544,102639,14
102545,102640,14
102546,102641,14
102547,102641,11
102548,102643,12
102549,102644,14
102550,102644,14
102551,102645,15
102552,102645,13
102553,102646,12
102554,102648,14
102555,102649,14
102556,102651,12
102557,102651,12
102558,102652,11
102559,102652,14
102560,102653,14
102561,102653,11
102562,102654,12
102563,102654,13
102564,102656,13
102565,102657,12
102566,102658,15
102567,102658,11
102568,102659,12
102569,102659,11
102570,102660,12
102571,102661,13
102572,102661,11
102573,102663,11
102574,102663,12
102575,102664,12
102576,102665,14
102577,102666,11
102578,102666,11
102579,102667,11
102580,102667,14
102581,102668,12
102582,102668,12
102583,102671,13
102584,102671,11
102585,102672,15
102586,102672,11
102587,102673,11
102588,102674,13
102589,102676,11
102590,102676,13
102591,102678,15
102592,102680,12
102593,102680,13
102594,102681,14
102595,102684,15
102596,102685,12
102597,102685,14
102598,102686,11
102599,102689,11
102600,102690,15
102601,102690,15
102602,102693,13
102603,102694,11
102604,102695,12
102605,102696,13
102606,102697,11
102607,102699,15
102608,102700,13
102609,102702,11
102610,102702,12
102611,102703,13
102612,102703,12
102613,102704,13
102614,102705,15
102615,102708,12
102616,102708,14
102617,102709,14
102618,102709,12
102619,102710,14
102620,102710,12
102621,102714,11
102622,102717,13
102623,102718,12
102624,102719,15
102625,102719,14
102626,102720,11
102627,102721,14
102628,102722,11
102629,102722,14
102630,102723,11
102631,102723,11
102632,102724,15
102633,102724,11
102634,102725,15
102635,102727,14
102636,102728,13
102637,102728,15
102638,102729,12
102639,102729,11
102640,102731,13
102641,102731,15
102642,102732,13
102643,102732,11
102644,102733,11
102645,102733,14
102646,102734,12
102647,102736,11
102648,102736,12
102649,102738,14
102650,102742,14
102651,102742,11
102652,102743,11
102653,102743,11
102654,102744,11
102655,102744,11
102656,102745,12
102657,102746,15
102658,102748,13
102659,102749,15
102660,102749,13
102661,102750,15
102662,102750,14
102663,102751,12
102664,102751,12
102665,102752,14
102666,102753,13
102667,102753,12
102668,102755,15
102669,102757,12
102670,102757,14
102671,102758,15
102672,102759,13
102673,102760,14
102674,102760,15
102675,102761,11
102676,102761,12
102677,102763,15
102678,102764,14
102679,102764,11
102680,102767,11
102681,102767,13
102682,102768,11
102683,102769,15
102684,102772,13
102685,102772,11
102686,102773,13
102687,102780,15
102688,102780,15
102689,102781,14
102690,102782,12
102691,102783,12
102692,102784,15
102693,102784,14
102694,102785,12
102695,102786,14
102696,102788,11
102697,102788,12
102698,102790,14
102699,102792,11
102700,102792,13
102701,102794,15
102702,102794,14
102703,102795,13
102704,102795,12
102705,102796,11
102706,102796,12
102707,102797,14
102708,102798,14
102709,102798,15
102710,102799,13
102711,102800,13
102712,102800,15
102713,102801,12
102714,102803,15
102715,102805,14
102716,102807,12
102717,102809,15
102718,102810,12
102719,102810,14
102720,102811,12
102721,102812,12
102722,102812,11
102723,102813,15
102724,102813,13
102725,102814,13
102726,102814,12
102727,102816,12
102728,102817,13
102729,102818,11
102730,102818,14
102731,102821,11
102732,102821,15
102733,102823,12
102734,102823,13
102735,102824,14
102736,102824,14
102737,102826,11
102738,102827,15
102739,102827,12
102740,102829,13
102741,102830,11
102742,102830,11
102743,102832,14
102744,102832,13
102745,102833,15
102746,102833,15
102747,102834,12
102748,102836,13
102749,102837,11
102750,102838,12
102751,102839,15
102752,102839,12
102753,102840,11
102754,102841,12
102755,102843,12
102756,102844,14
102757,102844,13
102758,102846,12
102759,102846,12
102760,102848,15
102761,102848,12
102762,102851,11
102763,102852,14
102764,102853,13
102765,102853,11
102766,102854,13
102767,102855,12
102768,102856,12
102769,102856,14
102770,102857,13
102771,102857,13
102772,102860,12
102773,102861,14
102774,102862,14
102775,102862,15
102776,102863,11
102777,102864,13
102778,102866,14
102779,102866,13
102780,102867,12
102781,102867,15
102782,102868,15
102783,102868,13
102784,102869,15
102785,102870,11
102786,102871,11
102787,102872,12
102788,102872,12
102789,102873,15
102790,102873,11
102791,102874,13
102792,102874,12
102793,102875,14
102794,102875,15
102795,102876,15
102796,102876,11
102797,102877,14
102798,102878,13
102799,102879,12
102800,102880,15
102801,102880,15
102802,102882,12
102803,102882,11
102804,102883,11
102805,102884,14
102806,102886,15
102807,102889,15
102808,102890,15
102809,102892,15
102810,102893,14
102811,102894,13
102812,102894,12
102813,102895,12
102814,102897,15
102815,102897,13
102816,102898,13
102817,102898,12
102818,102899,11
102819,102900,14
102820,102902,12
102821,102902,12
102822,102903,11
102823,102904,14
102824,102906,12
102825,102909,11
102826,102909,12
102827,102911,11
102828,102912,11
102829,102912,12
102830,102914,15
102831,102914,15
102832,102915,12
102833,102916,14
102834,102916,13
102835,102920,15
102836,102922,12
102837,102923,15
102838,102923,13
102839,102927,12
102840,102929,11
102841,102930,11
102842,102930,11
102843,102932,13
102844,102932,15
102845,102934,11
102846,102934,13
102847,102935,12
102848,102937,13
102849,102939,15
102850,102939,15
102851,102941,12
102852,102941,12
102853,102943,15
102854,102945,13
102855,102946,11
102856,102946,14
102857,102947,15
102858,102947,13
102859,102948,12
102860,102950,15
102861,102951,14
102862,102952,14
102863,102957,11
102864,102958,15
102865,102959,12
102866,102960,14
102867,102961,12
102868,102962,14
102869,102962,14
102870,102963,13
102871,102964,14
102872,102965,11
102873,102965,13
102874,102966,13
102875,102967,11
102876,102968,11
102877,102970,11
102878,102971,14
102879,102971,12
102880,102972,13
102881,102973,13
102882,102974,15
102883,102974,15
102884,102975,14
102885,102975,11
102886,102977,13
102887,102977,13
102888,102978,14
102889,102980,14
102890,102980,12
102891,102981,14
102892,102984,14
102893,102985,15
102894,102985,15
102895,102986,11
102896,102991,15
102897,102991,13
102898,102993,15
102899,102994,12
102900,102994,13
102901,102997,15
102902,102998,13
102903,102998,11
102904,102999,11
102905,102999,12
102906,103002,15
102907,103002,13
102908,103003,13
102909,103004,15
102910,103004,12
102911,103005,11
102912,103005,14
102913,103007,11
102914,103010,13
102915,103014,12
102916,103014,15
102917,103015,15
102918,103015,11
102919,103017,11
102920,103017,15
102921,103018,15
102922,103019,13
102923,103020,13
102924,103020,14
102925,103022,13
102926,103023,13
102927,103024,13
102928,103024,15
102929,103025,12
102930,103027,13
102931,103028,14
102932,103029,14
102933,103030,12
102934,103030,13
102935,103031,13
102936,103031,14
102937,103032,15
102938,103033,14
102939,103033,14
102940,103034,13
102941,103035,14
102942,103036,14
102943,103036,11
102944,103038,15
102945,103039,14
102946,103040,14
102947,103041,12
102948,103041,11
102949,103042,14
102950,103042,12
102951,103043,13
102952,103044,14
102953,103044,15
102954,103045,12
102955,103045,12
102956,103046,13
102957,103049,14
102958,103049,15
102959,103050,12
102960,103050,14
102961,103051,15
102962,103051,12
102963,103052,13
102964,103052,11
102965,103054,13
102966,103054,13
102967,103055,12
102968,103055,12
102969,103056,15
102970,103057,13
102971,103057,14
102972,103058,15
102973,103058,11
102974,103059,14
102975,103059,11
102976,103060,15
102977,103061,12
102978,103061,15
102979,103062,11
102980,103064,12
102981,103065,11
102982,103065,15
102983,103066,14
102984,103066,11
102985,103067,15
102986,103070,11
102987,103070,13
102988,103071,15
102989,103072,11
102990,103073,14
102991,103074,14
102992,103075,15
102993,103075,11
102994,103077,12
102995,103077,12
102996,103078,12
102997,103080,11
102998,103080,11
102999,103083,12
103000,103084,12
103001,103085,15
103002,103086,12
103003,103087,12
103004,103087,14
103005,103088,11
103006,103088,11
103007,103089,12
103008,103089,11
103009,103091,15
103010,103092,15
103011,103092,13
103012,103093,13
103013,103096,12
103014,103096,15
103015,103098,15
103016,103101,11
103017,103105,14
103018,103106,11
103019,103107,15
103020,103107,11
103021,103111,15
103022,103112,13
103023,103114,14
103024,103114,11
103025,103115,14
103026,103115,14
103027,103116,11
103028,103116,15
103029,103117,11
103030,103117,11
103031,103118,11
103032,103119,14
103033,103119,14
103034,103122,13
103035,103122,15
103036,103123,12
103037,103124,14
103038,103128,15
103039,103129,13
103040,103132,13
103041,103132,15
103042,103133,14
103043,103133,13
103044,103136,13
103045,103139,13
103046,103139,11
103047,103140,13
103048,103141,14
103049,103141,14
103050,103142,15
103051,103143,15
103052,103143,15
103053,103144,11
103054,103149,15
103055,103149,15
103056,103153,14
103057,103153,12
103058,103155,11
103059,103155,13
103060,103156,15
103061,103157,11
103062,103157,14
103063,103158,13
103064,103158,13
103065,103159,14
103066,103160,14
103067,103161,13
103068,103162,15
103069,103164,14
103070,103164,14
103071,103167,12
103072,103167,12
103073,103170,13
103074,103170,11
103075,103172,13
103076,103173,14
103077,103173,15
103078,103175,12
103079,103176,13
103080,103176,14
103081,103177,12
103082,103177,13
103083,103178,14
103084,103179,13
103085,103180,14
103086,103180,12
103087,103182,13
103088,103182,11
103089,103185,13
103090,103185,11
103091,103188,11
103092,103188,13
103093,103189,12
103094,103191,11
103095,103191,15
103096,103192,11
103097,103193,15
103098,103195,14
103099,103195,15
103100,103196,12
103101,103197,14
103102,103197,12
103103,103198,14
103104,103199,12
103105,103199,15
103106,103200,15
103107,103201,14
103108,103202,14
103109,103202,14
103110,103203,13
103111,103204,12
103112,103205,15
103113,103205,15
103114,103207,12
103115,103207,13
103116,103208,12
103117,103208,15
103118,103209,11
103119,103210,13
103120,103211,11
103121,103213,11
103122,103213,15
103123,103214,11
103124,103214,15
103125,103215,14
103126,103216,11
103127,103217,15
103128,103217,11
103129,103218,11
103130,103218,15
103131,103220,11
103132,103220,13
103133,103221,11
103134,103221,11
103135,103222,14
103136,103223,15
103137,103224,13
103138,103225,14
103139,103225,12
103140,103226,12
103141,103226,14
103142,103227,13
103143,103227,11
103144,103228,13
103145,103228,11
103146,103229,12
103147,103229,12
103148,103230,15
103149,103233,12
103150,103234,12
103151,103234,12
103152,103236,11
103153,103236,14
103154,103238,12
103155,103238,12
103156,103240,14
103157,103242,13
103158,103243,11
103159,103247,14
103160,103247,11
103161,103248,11
103162,103249,13
103163,103251,13
103164,103252,12
103165,103252,14
103166,103253,15
103167,103253,14
103168,103254,11
103169,103255,14
103170,103255,14
103171,103256,15
103172,103256,14
103173,103257,13
103174,103257,14
103175,103258,11
103176,103258,11
103177,103259,12
103178,103259,11
103179,103261,15
103180,103262,13
103181,103263,11
103182,103266,13
103183,103267,11
103184,103268,13
103185,103269,15
103186,103270,15
103187,103271,12
103188,103272,14
103189,103274,12
103190,103277,15
103191,103277,14
103192,103278,12
103193,103280,11
103194,103280,15
103195,103282,12
103196,103283,12
103197,103284,13
103198,103285,12
103199,103286,15
103200,103287,12
103201,103287,14
103202,103288,14
103203,103289,11
103204,103293,14
103205,103294,15
103206,103296,11
103207,103296,13
103208,103298,15
103209,103298,12
103210,103299,15
103211,103299,14
103212,103302,14
103213,103303,13
103214,103304,11
103215,103304,14
103216,103305,15
103217,103306,12
103218,103309,13
103219,103310,15
103220,103310,13
103221,103311,13
103222,103312,13
103223,103312,14
103224,103313,15
103225,103314,15
103226,103315,11
103227,103315,12
103228,103316,15
103229,103316,12
103230,103317,12
103231,103318,13
103232,103318,12
103233,103319,13
103234,103319,12
103235,103321,14
103236,103321,14
103237,103322,11
103238,103322,12
103239,103323,13
103240,103324,12
103241,103324,14
103242,103326,14
103243,103326,12
103244,103327,15
103245,103327,15
103246,103330,11
103247,103331,12
103248,103332,15
103249,103333,12
103250,103336,15
103251,103337,14
103252,103337,11
103253,103338,14
103254,103338,15
103255,103339,11
103256,103339,12
103257,103340,15
103258,103340,14
103259,103342,13
103260,103343,13
103261,103344,15
103262,103344,14
103263,103345,14
103264,103345,14
103265,103346,14
103266,103347,13
103267,103347,12
103268,103348,14
103269,103349,14
103270,103349,12
103271,103350,11
103272,103350,11
103273,103351,14
103274,103354,12
103275,103354,11
103276,103356,11
103277,103356,14
103278,103357,14
103279,103357,12
103280,103358,15
103281,103358,12
103282,103359,11
103283,103360,12
103284,103360,11
103285,103361,12
103286,103364,12
103287,103364,15
103288,103365,15
103289,103365,13
103290,103367,12
103291,103368,11
103292,103369,15
103293,103369,12
103294,103370,14
103295,103370,15
103296,103371,11
103297,103371,11
103298,103372,11
103299,103372,14
103300,103375,12
103301,103376,12
103302,103376,15
103303,103377,11
103304,103377,13
103305,103378,15
103306,103379,15
103307,103380,15
103308,103380,15
103309,103381,15
103310,103381,11
103311,103382,15
103312,103386,13
103313,103387,12
103314,103387,15
103315,103388,15
103316,103389,11
103317,103389,12
103318,103391,15
103319,103394,15
103320,103394,12
103321,103396,15
103322,103396,14
103323,103398,12
103324,103400,13
103325,103402,14
103326,103404,15
103327,103404,12
103328,103405,15
103329,103405,13
103330,103409,11
103331,103410,14
103332,103412,15
103333,103412,11
103334,103413,14
103335,103415,14
103336,103417,11
103337,103417,12
103338,103420,14
103339,103422,13
103340,103422,14
103341,103424,12
103342,103424,11
103343,103425,14
103344,103425,13
103345,103428,11
103346,103428,15
103347,103430,15
103348,103430,11
103349,103432,11
103350,103433,15
103351,103433,15
103352,103435,15
103353,103435,15
103354,103436,11
103355,103436,13
103356,103439,12
103357,103439,14
103358,103441,11
103359,103441,13
103360,103442,11
103361,103443,11
103362,103444,12
103363,103444,12
103364,103445,11
103365,103446,12
103366,103446,14
103367,103447,12
103368,103451,11
103369,103451,13
103370,103453,13
103371,103454,11
103372,103455,11
103373,103456,12
103374,103457,11
103375,103457,12
103376,103459,14
103377,103459,12
103378,103460,14
103379,103460,11
103380,103461,11
103381,103461,14
103382,103463,11
103383,103463,12
103384,103464,15
103385,103466,11
103386,103468,14
103387,103468,11
103388,103469,13
103389,103473,14
103390,103475,11
103391,103475,13
103392,103476,12
103393,103477,15
103394,103478,11
103395,103478,13
103396,103479,15
103397,103480,13
103398,103480,12
103399,103481,11
103400,103482,13
103401,103483,14
103402,103483,14
103403,103485,13
103404,103486,11
103405,103487,12
103406,103488,13
103407,103488,13
103408,103490,14
103409,103494,15
103410,103495,12
103411,103496,11
103412,103497,13
103413,103497,14
103414,103498,13
103415,103498,12
103416,103499,13
103417,103501,14
103418,103501,11
103419,103502,11
103420,103504,15
103421,103504,15
103422,103507,13
103423,103507,12
103424,103509,11
103425,103509,13
103426,103510,12
103427,103512,11
103428,103513,11
103429,103513,14
103430,103514,13
103431,103515,14
103432,103515,15
103433,103516,15
103434,103517,14
103435,103518,14
103436,103518,14
103437,103519,14
103438,103521,15
103439,103522,11
103440,103524,13
103441,103524,11
103442,103525,13
103443,103527,15
103444,103529,15
103445,103529,15
103446,103530,11
103447,103530,14
103448,103532,13
103449,103534,12
103450,103535,13
103451,103536,14
103452,103536,14
103453,103537,11
103454,103537,14
103455,103538,12
103456,103538,13
103457,103541,12
103458,103543,15
103459,103545,14
103460,103545,15
103461,103546,14
103462,103547,11
103463,103548,11
103464,103550,13
103465,103550,14
103466,103552,15
103467,103552,13
103468,103554,14
103469,103555,12
103470,103556,11
103471,103557,13
103472,103558,12
103473,103559,15
103474,103559,12
103475,103560,13
103476,103562,11
103477,103565,12
103478,103566,11
103479,103567,11
103480,103568,13
103481,103568,14
103482,103570,15
103483,103571,13
103484,103573,12
103485,103574,14
103486,103575,13
103487,103575,14
103488,103576,13
103489,103576,11
103490,103577,11
103491,103577,15
103492,103578,14
103493,103578,12
103494,103579,13
103495,103580,12
103496,103580,15
103497,103581,12
103498,103581,15
103499,103582,12
103500,103582,12
103501,103584,11
103502,103586,13
103503,103586,11
103504,103589,15
103505,103589,12
103506,103590,14
103507,103590,13
103508,103591,13
103509,103592,15
103510,103593,12
103511,103593,11
103512,103594,13
103513,103595,12
103514,103595,13
103515,103596,14
103516,103596,15
103517,103597,15
103518,103597,11
103519,103598,11
103520,103599,15
103521,103600,11
103522,103601,15
103523,103604,11
103524,103604,12
103525,103605,13
103526,103606,13
103527,103606,14
103528,103607,12
103529,103609,12
103530,103609,11
103531,103610,13
103532,103611,12
103533,103611,13
103534,103612,14
103535,103612,11
103536,103613,12
103537,103615,11
103538,103615,15
103539,103617,12
103540,103618,12
103541,103620,13
103542,103621,13
103543,103623,12
103544,103623,12
103545,103624,14
103546,103624,13
103547,103625,12
103548,103625,15
103549,103626,13
103550,103626,12
103551,103627,12
103552,103628,11
103553,103628,14
103554,103629,13
103555,103630,15
103556,103630,11
103557,103632,11
103558,103632,15
103559,103633,14
103560,103633,11
103561,103635,12
103562,103635,13
103563,103637,13
103564,103638,14
103565,103639,15
103566,103639,12
103567,103640,15
103568,103640,14
103569,103641,15
103570,103642,15
103571,103642,14
103572,103643,12
103573,103644,12
103574,103645,15
103575,103646,14
103576,103647,15
103577,103647,13
103578,103648,15
103579,103650,15
103580,103650,11
103581,103653,14
103582,103653,11
103583,103654,11
103584,103654,15
103585,103655,11
103586,103655,14
103587,103656,13
103588,103656,14
103589,103659,12
103590,103660,11
103591,103660,11
103592,103661,11
103593,103661,15
103594,103662,12
103595,103664,15
103596,103666,11
103597,103666,12
103598,103668,15
103599,103669,11
103600,103669,11
103601,103670,14
103602,103671,15
103603,103671,14
103604,103672,15
103605,103673,12
103606,103676,11
103607,103676,11
103608,103677,13
103609,103678,14
103610,103680,11
103611,103681,13
103612,103682,13
103613,103682,13
103614,103686,14
103615,103686,11
103616,103688,15
103617,103689,11
103618,103689,14
103619,103690,11
103620,103690,12
103621,103691,14
103622,103691,11
103623,103693,11
103624,103695,11
103625,103697,13
103626,103697,14
103627,103698,14
103628,103698,12
103629,103699,15
103630,103699,13
103631,103700,14
103632,103700,12
103633,103703,11
103634,103704,15
103635,103705,12
103636,103705,12
103637,103708,11
103638,103709,15
103639,103713,15
103640,103713,14
103641,103714,14
103642,103714,13
103643,103715,11
103644,103716,12
103645,103716,13
103646,103717,15
103647,103718,13
103648,103719,12
103649,103722,11
103650,103724,11
103651,103724,14
103652,103725,11
103653,103726,15
103654,103726,11
103655,103727,15
103656,103728,11
103657,103728,13
103658,103729,15
103659,103729,15
103660,103731,13
103661,103731,14
103662,103732,11
103663,103733,13
103664,103733,15
103665,103735,15
103666,103735,11
103667,103736,13
103668,103736,11
103669,103738,14
103670,103739,15
103671,103740,12
103672,103743,12
103673,103744,11
103674,103745,14
103675,103746,13
103676,103746,15
103677,103748,15
103678,103748,14
103679,103749,11
103680,103749,11
103681,103750,12
103682,103751,11
103683,103751,11
103684,103754,15
103685,103754,14
103686,103755,12
103687,103755,14
103688,103756,15
103689,103756,13
103690,103757,13
103691,103757,11
103692,103758,11
103693,103758,11
103694,103759,12
103695,103760,12
103696,103760,13
103697,103761,15
103698,103762,13
103699,103765,14
103700,103765,11
103701,103767,13
103702,103768,13
103703,103768,15
103704,103770,15
103705,103770,14
103706,103771,15
103707,103771,14
103708,103773,13
103709,103773,12
103710,103774,15
103711,103774,13
103712,103775,11
103713,103775,11
103714,103777,13
103715,103777,12
103716,103779,14
103717,103779,13
103718,103780,12
103719,103784,12
103720,103785,12
103721,103786,13
103722,103786,12
103723,103787,15
103724,103787,14
103725,103788,15
103726,103788,11
103727,103790,15
103728,103792,15
103729,103793,12
103730,103794,11
103731,103794,14
103732,103796,11
103733,103797,13
103734,103797,12
103735,103800,11
103736,103802,11
103737,103802,12
103738,103803,11
103739,103804,12
103740,103804,14
103741,103805,11
103742,103805,15
103743,103806,11
103744,103806,11
103745,103807,11
103746,103807,11
103747,103808,13
103748,103809,14
103749,103809,12
103750,103810,15
103751,103811,13
103752,103812,11
103753,103812,12
103754,103814,11
103755,103815,15
103756,103819,12
103757,103819,14
103758,103820,13
103759,103821,11
103760,103822,12
103761,103822,14
103762,103824,14
103763,103825,12
103764,103826,14
103765,103826,12
103766,103828,13
103767,103828,13
103768,103829,13
103769,103829,15
103770,103830,11
103771,103833,12
103772,103833,15
103773,103839,15
103774,103840,15
103775,103840,13
103776,103841,12
103777,103843,15
103778,103843,11
103779,103844,12
103780,103844,15
103781,103845,12
103782,103846,14
103783,103846,13
103784,103847,11
103785,103848,13
103786,103849,13
103787,103850,13
103788,103850,11
103789,103851,15
103790,103851,13
103791,103852,15
103792,103854,13
103793,103857,11
103794,103858,15
103795,103860,13
103796,103860,14
103797,103861,12
103798,103861,12
103799,103862,12
103800,103862,12
103801,103863,15
103802,103864,11
103803,103864,15
103804,103865,15
103805,103865,13
103806,103867,15
103807,103870,11
103808,103872,11
103809,103872,13
103810,103873,15
103811,103874,14
103812,103876,12
103813,103877,12
103814,103877,14
103815,103879,14
103816,103880,14
103817,103882,14
103818,103882,12
103819,103884,12
103820,103884,13
103821,103885,11
103822,103886,13
103823,103886,11
103824,103890,13
103825,103890,13
103826,103891,15
103827,103892,11
103828,103894,11
103829,103894,14
103830,103895,15
103831,103895,14
103832,103896,13
103833,103896,15
103834,103897,13
103835,103897,14
103836,103898,11
103837,103900,15
103838,103900,13
103839,103901,12
103840,103901,12
103841,103902,13
103842,103902,13
103843,103903,12
103844,103903,15
103845,103905,12
103846,103905,13
103847,103908,14
103848,103909,12
103849,103913,12
103850,103913,13
103851,103915,14
103852,103917,13
103853,103918,13
103854,103919,15
103855,103919,13
103856,103920,15
103857,103921,13
103858,103923,15
103859,103924,15
103860,103924,13
103861,103925,15
103862,103925,12
103863,103926,14
103864,103926,11
103865,103927,12
103866,103928,14
103867,103928,15
103868,103929,11
103869,103930,13
103870,103930,13
103871,103934,12
103872,103935,14
103873,103935,12
103874,103936,14
103875,103936,12
103876,103937,14
103877,103938,13
103878,103939,14
103879,103940,12
103880,103940,13
103881,103943,14
103882,103943,14
103883,103945,15
103884,103945,13
103885,103947,14
103886,103948,12
103887,103948,15
103888,103950,15
103889,103951,12
103890,103952,13
103891,103952,11
103892,103953,11
103893,103954,15
103894,103957,13
103895,103960,14
103896,103960,12
103897,103962,15
103898,103962,15
103899,103968,14
103900,103968,15
103901,103969,14
103902,103972,11
103903,103972,12
103904,103974,12
103905,103975,13
103906,103976,14
103907,103976,15
103908,103977,15
103909,103979,13
103910,103981,14
103911,103981,14
103912,103983,13
103913,103984,15
103914,103985,11
103915,103985,13
103916,103986,14
103917,103987,11
103918,103988,14
103919,103989,11
103920,103990,13
103921,103990,15
103922,103991,13
103923,103994,11
103924,103994,12
103925,103996,14
103926,103996,14
103927,103999,14
103928,104003,12
103929,104006,13
103930,104006,12
103931,104008,12
103932,104008,11
103933,104009,14
103934,104010,14
103935,104011,14
103936,104012,12
103937,104015,12
103938,104017,12
103939,104017,15
103940,104019,13
103941,104019,15
103942,104022,15
103943,104022,12
103944,104023,11
103945,104024,13
103946,104024,12
103947,104026,15
103948,104026,14
103949,104027,13
103950,104028,12
103951,104028,15
103952,104029,11
103953,104031,14
103954,104033,14
103955,104034,11
103956,104034,14
103957,104035,14
103958,104037,11
103959,104037,15
103960,104038,13
103961,104039,15
103962,104039,11
103963,104040,11
103964,104040,15
103965,104041,13
103966,104041,11
103967,104042,14
103968,104042,14
103969,104044,12
103970,104045,13
103971,104045,11
103972,104047,11
103973,104049,15
103974,104050,12
103975,104050,13
103976,104052,14
103977,104052,12
103978,104053,15
103979,104053,12
103980,104055,12
103981,104055,12
103982,104056,12
103983,104056,15
103984,104057,11
103985,104059,12
103986,104059,13
103987,104061,12
103988,104061,12
103989,104062,11
103990,104063,15
103991,104065,14
103992,104065,15
103993,104066,12
103994,104068,12
103995,104070,12
103996,104072,12
103997,104073,12
103998,104073,11
103999,104076,13
104000,104077,13
104001,104078,15
104002,104078,12
104003,104080,13
104004,104081,13
104005,104082,15
104006,104082,13
104007,104083,11
104008,104087,15
104009,104087,15
104010,104089,14
104011,104089,11
104012,104091,12
104013,104092,12
104014,104092,14
104015,104093,11
104016,104093,11
104017,104094,14
104018,104094,13
104019,104096,14
104020,104099,14
104021,104103,12
104022,104103,11
104023,104105,15
104024,104107,14
104025,104109,15
104026,104109,11
104027,104110,15
104028,104112,13
104029,104112,14
104030,104113,12
104031,104115,13
104032,104117,13
104033,104118,14
104034,104118,11
104035,104119,11
104036,104121,15
104037,104121,14
104038,104122,13
104039,104123,11
104040,104124,13
104041,104128,13
104042,104128,15
104043,104130,11
104044,104131,11
104045,104132,11
104046,104133,13
104047,104133,11
104048,104137,15
104049,104138,15
104050,104140,12
104051,104140,14
104052,104141,12
104053,104141,11
104054,104142,11
104055,104142,14
104056,104143,12
104057,104144,14
104058,104145,14
104059,104146,14
104060,104146,15
104061,104147,13
104062,104147,15
104063,104148,11
104064,104150,11
104065,104154,11
104066,104154,15
104067,104159,12
104068,104159,12
104069,104160,15
104070,104160,12
104071,104161,15
104072,104161,14
104073,104162,15
104074,104163,13
104075,104163,11
104076,104164,12
104077,104166,11
104078,104166,15
104079,104167,11
104080,104168,15
104081,104170,12
104082,104170,14
104083,104171,14
104084,104171,12
104085,104173,15
104086,104173,14
104087,104175,11
104088,104177,13
104089,104178,15
104090,104179,14
104091,104180,14
104092,104180,15
104093,104182,12
104094,104183,11
104095,104183,11
104096,104184,13
104097,104184,15
104098,104186,13
104099,104186,11
104100,104190,11
104101,104191,13
104102,104191,13
104103,104193,14
104104,104193,12
104105,104194,13
104106,104196,11
104107,104198,12
104108,104198,12
104109,104201,11
104110,104203,11
104111,104203,13
104112,104205,15
104113,104205,13
104114,104206,14
104115,104207,15
104116,104207,11
104117,104208,11
104118,104209,11
104119,104209,11
104120,104211,13
104121,104211,13
104122,104212,13
104123,104213,12
104124,104215,14
104125,104215,13
104126,104217,14
104127,104217,14
104128,104220,15
104129,104220,14
104130,104221,15
104131,104222,13
104132,104222,13
104133,104224,13
104134,104225,14
104135,104225,14
104136,104226,13
104137,104227,14
104138,104227,11
104139,104228,15
104140,104230,14
104141,104230,12
104142,104232,14
104143,104232,15
104144,104233,13
104145,104234,15
104146,104234,12
104147,104236,13
104148,104238,11
104149,104238,11
104150,104239,11
104151,104239,15
104152,104241,14
104153,104241,15
104154,104242,14
104155,104243,15
104156,104244,11
104157,104246,12
104158,104247,13
104159,104249,15
104160,104249,15
104161,104250,14
104162,104251,15
104163,104252,14
104164,104254,14
104165,104256,14
104166,104257,15
104167,104257,14
104168,104258,11
104169,104260,15
104170,104261,11
104171,104262,11
104172,104262,14
104173,104263,15
104174,104264,14
104175,104264,13
104176,104266,12
104177,104266,14
104178,104267,14
104179,104268,15
104180,104268,15
104181,104269,12
104182,104269,15
104183,104273,11
104184,104276,14
104185,104277,14
104186,104277,14
104187,104278,11
104188,104278,12
104189,104279,13
104190,104279,13
104191,104281,12
104192,104282,15
104193,104283,12
104194,104285,11
104195,104286,15
104196,104286,12
104197,104290,11
104198,104291,15
104199,104292,13
104200,104292,11
104201,104293,12
104202,104294,14
104203,104294,13
104204,104295,12
104205,104297,14
104206,104297,11
104207,104299,12
104208,104299,11
104209,104301,15
104210,104302,11
104211,104302,14
104212,104303,12
104213,104304,14
104214,104305,11
104215,104305,12
104216,104307,14
104217,104309,11
104218,104309,11
104219,104311,13
104220,104312,13
104221,104314,14
104222,104317,15
104223,104321,13
104224,104323,11
104225,104328,11
104226,104328,12
104227,104331,12
104228,104332,11
104229,104332,14
104230,104333,11
104231,104333,12
104232,104334,11
104233,104335,11
104234,104335,15
104235,104336,14
104236,104336,14
104237,104337,13
104238,104337,14
104239,104338,13
104240,104339,15
104241,104341,15
104242,104341,13
104243,104343,13
104244,104343,13
104245,104344,11
104246,104344,14
104247,104345,14
104248,104345,14
104249,104347,14
104250,104347,13
104251,104349,12
104252,104349,11
104253,104350,13
104254,104351,12
104255,104351,12
104256,104352,15
104257,104353,14
104258,104355,11
104259,104356,11
104260,104357,12
104261,104357,13
104262,104358,14
104263,104360,12
104264,104360,11
104265,104361,15
104266,104364,13
104267,104365,11
104268,104366,11
104269,104366,12
104270,104367,13
104271,104367,12
104272,104368,13
104273,104368,12
104274,104369,13
104275,104371,14
104276,104372,11
104277,104374,11
104278,104377,13
104279,104377,15
104280,104378,13
104281,104379,13
104282,104380,14
104283,104382,14
104284,104382,12
104285,104383,14
104286,104384,12
104287,104385,15
104288,104387,14
104289,104390,11
104290,104392,12
104291,104392,13
104292,104393,13
104293,104394,14
104294,104394,12
104295,104395,12
104296,104395,13
104297,104397,11
104298,104398,12
104299,104398,15
104300,104399,14
104301,104399,13
104302,104401,13
104303,104401,11
104304,104402,11
104305,104402,13
104306,104403,15
104307,104405,13
104308,104407,13
104309,104408,12
104310,104409,15
104311,104410,15
104312,104410,12
104313,104411,12
104314,104412,11
104315,104412,11
104316,104413,13
104317,104414,15
104318,104414,12
104319,104415,14
104320,104417,15
104321,104417,15
104322,104419,12
104323,104420,15
104324,104420,13
104325,104422,13
104326,104423,12
104327,104425,13
104328,104425,13
104329,104426,13
104330,104426,15
104331,104428,15
104332,104429,15
104333,104430,11
104334,104430,14
104335,104434,15
104336,104435,13
104337,104437,15
104338,104437,12
104339,104438,14
104340,104439,12
104341,104439,11
104342,104440,12
104343,104440,15
104344,104441,15
104345,104441,14
104346,104442,11
104347,104442,14
104348,104443,13
104349,104443,14
104350,104444,15
104351,104444,13
104352,104445,15
104353,104445,15
104354,104446,13
104355,104448,15
104356,104448,13
104357,104450,12
104358,104450,11
104359,104451,15
104360,104451,14
104361,104452,14
104362,104452,14
104363,104453,14
104364,104454,15
104365,104455,13
104366,104455,14
104367,104456,12
104368,104456,13
104369,104457,12
104370,104458,12
104371,104458,12
104372,104461,13
104373,104462,13
104374,104462,13
104375,104463,15
104376,104463,11
104377,104465,15
104378,104465,13
104379,104467,14
104380,104467,15
104381,104470,15
104382,104472,14
104383,104472,14
104384,104473,15
104385,104473,12
104386,104474,14
104387,104474,11
104388,104475,15
104389,104478,13
104390,104478,11
104391,104479,12
104392,104481,15
104393,104481,15
104394,104482,11
104395,104484,11
104396,104485,12
104397,104485,14
104398,104486,12
104399,104487,15
104400,104488,11
104401,104488,12
104402,104491,11
104403,104492,12
104404,104492,13
104405,104493,13
104406,104494,14
104407,104495,11
104408,104495,15
104409,104496,13
104410,104496,14
104411,104497,14
104412,104499,15
104413,104500,12
104414,104500,13
104415,104502,14
104416,104503,12
104417,104505,14
104418,104508,12
104419,104509,15
104420,104509,15
104421,104510,15
104422,104511,15
104423,104512,12
104424,104514,12
104425,104516,13
104426,104518,14
104427,104518,15
104428,104519,14
104429,104520,11
104430,104520,11
104431,104521,11
104432,104521,11
104433,104522,15
104434,104524,11
104435,104524,13
104436,104526,13
104437,104528,15
104438,104528,14
104439,104531,14
104440,104533,14
104441,104533,12
104442,104534,11
104443,104536,15
104444,104536,12
104445,104537,15
104446,104539,14
104447,104540,12
104448,104540,12
104449,104541,11
104450,104541,12
104451,104542,15
104452,104542,13
104453,104543,14
104454,104543,14
104455,104544,13
104456,104544,13
104457,104545,11
104458,104545,13
104459,104546,13
104460,104546,15
104461,104547,11
104462,104547,14
104463,104548,11
104464,104549,14
104465,104549,13
104466,104550,14
104467,104551,12
104468,104552,12
104469,104552,11
104470,104553,12
104471,104553,15
104472,104554,11
104473,104554,12
104474,104555,15
104475,104556,11
104476,104558,15
104477,104559,14
104478,104559,11
104479,104560,15
104480,104560,13
104481,104562,15
104482,104562,13
104483,104566,15
104484,104567,11
104485,104567,13
104486,104568,11
104487,104569,15
104488,104569,15
104489,104571,12
104490,104572,11
104491,104573,14
104492,104573,14
104493,104577,14
104494,104577,12
104495,104578,11
104496,104578,12
104497,104579,12
104498,104579,12
104499,104580,13
104500,104580,11
104501,104581,15
104502,104581,13
104503,104584,13
104504,104584,11
104505,104585,11
104506,104586,13
104507,104588,15
104508,104588,12
104509,104589,11
104510,104589,15
104511,104592,13
104512,104593,11
104513,104593,15
104514,104594,11
104515,104595,11
104516,104596,12
104517,104596,14
104518,104597,14
104519,104597,12
104520,104598,12
104521,104600,12
104522,104600,11
104523,104601,14
104524,104602,14
104525,104603,13
104526,104604,14
104527,104604,13
104528,104605,14
104529,104609,15
104530,104610,14
104531,104611,15
104532,104611,11
104533,104612,13
104534,104612,15
104535,104613,15
104536,104613,11
104537,104614,13
104538,104615,13
104539,104615,11
104540,104617,11
104541,104617,14
104542,104618,13
104543,104619,13
104544,104624,13
104545,104624,11
104546,104625,14
104547,104625,14
104548,104626,12
104549,104626,12
104550,104627,11
104551,104627,13
104552,104628,14
104553,104628,15
104554,104629,11
104555,104629,15
104556,104630,15
104557,104630,14
104558,104631,15
104559,104631,15
104560,104634,12
104561,104635,13
104562,104636,15
104563,104636,12
104564,104641,11
104565,104641,12
104566,104642,12
104567,104643,14
104568,104643,11
104569,104644,15
104570,104645,14
104571,104645,12
104572,104647,13
104573,104647,13
104574,104648,15
104575,104650,14
104576,104651,15
104577,104652,14
104578,104653,13
104579,104654,14
104580,104654,12
104581,104655,13
104582,104658,14
104583,104659,13
104584,104659,13
104585,104660,12
104586,104660,15
104587,104662,14
104588,104662,15
104589,104663,15
104590,104663,13
104591,104666,13
104592,104666,14
104593,104667,11
104594,104667,14
104595,104669,13
104596,104669,11
104597,104670,12
104598,104670,12
104599,104671,15
104600,104672,14
104601,104672,14
104602,104674,12
104603,104674,12
104604,104676,13
104605,104678,11
104606,104679,11
104607,104683,15
104608,104683,15
104609,104685,14
104610,104685,14
104611,104688,11
104612,104688,11
104613,104689,13
104614,104690,11
104615,104690,13
104616,104693,12
104617,104694,15
104618,104694,12
104619,104696,11
104620,104697,14
104621,104697,11
104622,104698,13
104623,104699,13
104624,104700,11
104625,104702,15
104626,104703,14
104627,104704,12
104628,104705,13
104629,104706,13
104630,104706,11
104631,104707,11
104632,104707,14
104633,104708,15
104634,104710,15
104635,104711,15
104636,104711,12
104637,104713,13
104638,104715,15
104639,104716,11
104640,104718,15
104641,104718,15
104642,104719,15
104643,104722,13
104644,104723,13
104645,104724,12
104646,104724,15
104647,104726,14
104648,104726,13
104649,104727,15
104650,104727,11
104651,104728,11
104652,104731,11
104653,104733,14
104654,104734,11
104655,104737,11
104656,104737,14
104657,104739,12
104658,104739,14
104659,104742,11
104660,104743,12
104661,104743,14
104662,104744,13
104663,104744,11
104664,104746,13
104665,104746,14
104666,104747,14
104667,104748,12
104668,104749,14
104669,104751,13
104670,104752,11
104671,104752,13
104672,104753,14
104673,104756,11
104674,104756,12
104675,104760,12
104676,104760,14
104677,104762,14
104678,104763,14
104679,104763,14
104680,104764,11
104681,104766,14
104682,104767,15
104683,104767,14
104684,104768,12
104685,104769,15
104686,104769,15
104687,104771,15
104688,104772,11
104689,104772,12
104690,104773,11
104691,104773,11
104692,104775,12
104693,104775,11
104694,104776,15
104695,104776,13
104696,104777,13
104697,104778,13
104698,104779,11
104699,104779,11
104700,104781,14
104701,104781,14
104702,104783,15
104703,104783,13
104704,104784,14
104705,104784,13
104706,104785,14
104707,104787,13
104708,104787,13
104709,104788,14
104710,104788,14
104711,104790,14
104712,104791,12
104713,104793,13
104714,104793,15
104715,104794,12
104716,104794,15
104717,104795,15
104718,104796,15
104719,104796,12
104720,104797,14
104721,104797,11
104722,104798,11
104723,104798,14
104724,104799,11
104725,104799,14
104726,104800,14
104727,104800,12
104728,104802,14
104729,104802,15
104730,104804,12
104731,104805,12
104732,104805,14
104733,104809,15
104734,104809,14
104735,104810,15
104736,104810,12
104737,104811,12
104738,104813,12
104739,104813,14
104740,104814,14
104741,104814,13
104742,104815,11
104743,104815,13
104744,104816,12
104745,104817,15
104746,104817,14
104747,104819,12
104748,104819,13
104749,104820,11
104750,104820,12
104751,104821,14
104752,104822,15
104753,104822,12
104754,104823,15
104755,104824,13
104756,104824,13
104757,104825,13
104758,104826,15
104759,104826,13
104760,104827,13
104761,104828,15
104762,104829,15
104763,104829,13
104764,104830,14
104765,104831,13
104766,104831,15
104767,104832,15
104768,104834,13
104769,104835,14
104770,104835,11
104771,104836,14
104772,104836,12
104773,104837,15
104774,104838,12
104775,104838,13
104776,104839,15
104777,104842,15
104778,104842,14
104779,104844,14
104780,104844,12
104781,104845,14
104782,104845,13
104783,104849,14
104784,104849,11
104785,104851,11
104786,104854,14
104787,104854,13
104788,104855,11
104789,104855,15
104790,104862,11
104791,104863,11
104792,104863,15
104793,104864,14
104794,104865,14
104795,104865,12
104796,104866,14
104797,104866,12
104798,104868,11
104799,104870,12
104800,104871,11
104801,104874,12
104802,104876,13
104803,104876,14
104804,104879,11
104805,104880,14
104806,104881,15
104807,104882,12
104808,104882,13
104809,104884,14
104810,104884,11
104811,104885,13
104812,104885,11
104813,104886,13
104814,104886,15
104815,104887,14
104816,104888,12
104817,104890,13
104818,104891,12
104819,104892,13
104820,104898,15
104821,104899,13
104822,104899,15
104823,104900,11
104824,104900,15
104825,104902,15
104826,104904,14
104827,104905,15
104828,104906,13
104829,104906,11
104830,104907,14
104831,104907,14
104832,104908,15
104833,104908,15
104834,104909,12
104835,104910,15
104836,104911,15
104837,104911,11
104838,104912,15
104839,104912,11
104840,104914,14
104841,104914,11
104842,104915,13
104843,104915,12
104844,104916,13
104845,104917,14
104846,104917,13
104847,104918,11
104848,104918,15
104849,104919,14
104850,104920,12
104851,104920,11
104852,104921,12
104853,104922,12
104854,104924,11
104855,104925,11
104856,104925,14
104857,104926,11
104858,104930,14
104859,104930,13
104860,104931,14
104861,104932,11
104862,104933,14
104863,104933,12
104864,104934,12
104865,104935,11
104866,104936,13
104867,104936,11
104868,104938,14
104869,104938,11
104870,104939,14
104871,104940,15
104872,104942,15
104873,104942,15
104874,104943,13
104875,104943,15
104876,104944,12
104877,104945,12
104878,104946,11
104879,104946,15
104880,104947,11
104881,104947,11
104882,104948,15
104883,104949,11
104884,104949,12
104885,104950,12
104886,104951,14
104887,104951,12
104888,104952,15
104889,104953,14
104890,104953,15
104891,104954,14
104892,104954,11
104893,104955,14
104894,104956,11
104895,104957,12
104896,104957,11
104897,104958,12
104898,104960,15
104899,104960,12
104900,104961,13
104901,104961,12
104902,104965,15
104903,104965,12
104904,104966,11
104905,104967,15
104906,104968,11
104907,104970,14
104908,104971,11
104909,104971,14
104910,104972,13
104911,104972,15
104912,104976,12
104913,104977,14
104914,104978,11
104915,104978,14
104916,104979,14
104917,104983,15
104918,104984,14
104919,104984,14
104920,104985,11
104921,104988,15
104922,104989,11
104923,104989,11
104924,104990,12
104925,104990,13
104926,104991,12
104927,104993,13
104928,104993,14
104929,104994,12
104930,104999,15
104931,105000,14
104932,105000,12
104933,105002,11
104934,105002,12
104935,105004,12
104936,105005,13
104937,105005,14
104938,105006,12
104939,105006,15
104940,105007,11
104941,105007,12
104942,105008,12
104943,105009,12
104944,105009,12
104945,105010,11
104946,105011,12
104947,105011,12
104948,105012,14
104949,105013,11
104950,105014,12
104951,105015,14
104952,105016,13
104953,105017,12
104954,105018,13
104955,105020,14
104956,105022,12
104957,105022,13
104958,105023,14
104959,105024,15
104960,105024,14
104961,105025,15
104962,105025,12
104963,105027,13
104964,105028,12
104965,105028,11
104966,105030,12
104967,105030,12
104968,105032,14
104969,105034,14
104970,105034,12
104971,105035,15
104972,105035,13
104973,105037,12
104974,105037,12
104975,105039,11
104976,105039,12
104977,105040,11
104978,105040,14
104979,105041,14
104980,105043,14
104981,105043,15
104982,105045,15
104983,105046,15
104984,105047,15
104985,105048,14
104986,105049,11
104987,105049,13
104988,105050,15
104989,105050,11
104990,105051,12
104991,105051,11
104992,105052,11
104993,105053,11
104994,105053,14
104995,105055,13
104996,105055,13
104997,105056,11
104998,105057,13
104999,105057,12
105000,105058,14
105001,105059,12
105002,105059,15
105003,105061,14
105004,105062,13
105005,105062,11
105006,105063,15
105007,105063,15
105008,105064,15
105009,105064,15
105010,105067,13
105011,105068,14
105012,105068,13
105013,105069,12
105014,105071,12
105015,105071,14
105016,105072,14
105017,105072,11
105018,105077,12
105019,105077,13
105020,105078,11
105021,105081,15
105022,105081,11
105023,105085,12
105024,105085,15
105025,105086,13
105026,105089,13
105027,105089,12
105028,105091,12
105029,105091,11
105030,105093,13
105031,105094,14
105032,105094,11
105033,105096,15
105034,105096,11
105035,105097,14
105036,105097,14
105037,105100,14
105038,105100,12
105039,105101,14
105040,105101,14
105041,105103,11
105042,105104,15
105043,105104,13
105044,105105,14
105045,105106,13
105046,105106,11
105047,105107,13
105048,105108,11
105049,105110,14
105050,105111,14
105051,105111,12
105052,105112,11
105053,105112,13
105054,105113,12
105055,105113,12
105056,105114,14
105057,105114,12
105058,105115,11
105059,105117,15
105060,105117,12
105061,105120,11
105062,105123,13
105063,105124,14
105064,105124,11
105065,105126,15
105066,105127,13
105067,105128,13
105068,105129,12
105069,105129,13
105070,105130,15
105071,105131,12
105072,105135,11
105073,105138,14
105074,105138,14
105075,105139,12
105076,105139,13
105077,105140,13
105078,105140,12
105079,105141,13
105080,105141,15
105081,105143,11
105082,105143,12
105083,105144,14
105084,105145,14
105085,105146,15
105086,105148,14
105087,105148,13
105088,105149,14
105089,105154,14
105090,105156,12
105091,105157,11
105092,105159,11
105093,105159,15
105094,105160,11
105095,105161,15
105096,105162,11
105097,105162,13
105098,105163,13
105099,105163,13
105100,105166,11
105101,105168,11
105102,105170,14
105103,105171,12
105104,105172,15
105105,105172,12
105106,105173,12
105107,105173,14
105108,105178,12
105109,105178,15
105110,105180,11
105111,105183,11
105112,105183,15
105113,105184,11
105114,105185,12
105115,105185,14
105116,105186,13
105117,105187,11
105118,105188,11
105119,105188,13
105120,105190,14
105121,105192,13
105122,105193,15
105123,105193,13
105124,105196,13
105125,105197,11
105126,105198,14
105127,105198,11
105128,105199,11
105129,105199,14
105130,105200,11
105131,105201,14
105132,105202,14
105133,105202,15
105134,105203,13
105135,105204,12
105136,105207,15
105137,105207,15
105138,105209,14
105139,105209,11
105140,105211,13
105141,105213,14
105142,105214,15
105143,105215,11
105144,105215,12
105145,105217,11
105146,105220,14
105147,105221,15
105148,105222,13
105149,105223,12
105150,105223,11
105151,105224,14
105152,105225,15
105153,105226,14
105154,105226,15
105155,105227,12
105156,105227,13
105157,105229,13
105158,105229,13
105159,105230,15
105160,105231,12
105161,105233,11
105162,105234,14
105163,105235,14
105164,105235,11
105165,105237,12
105166,105238,14
105167,105238,15
105168,105240,13
105169,105241,13
105170,105241,15
105171,105243,11
105172,105244,12
105173,105244,11
105174,105245,12
105175,105246,12
105176,105247,12
105177,105247,11
105178,105248,12
105179,105248,12
105180,105249,12
105181,105249,11
105182,105250,11
105183,105250,12
105184,105251,11
105185,105251,14
105186,105252,11
105187,105253,13
105188,105253,14
105189,105254,15
105190,105254,13
105191,105255,12
105192,105256,12
105193,105256,12
105194,105257,13
105195,105259,11
105196,105263,12
105197,105263,15
105198,105264,13
105199,105264,15
105200,105266,13
105201,105268,11
105202,105270,11
105203,105273,12
105204,105274,13
105205,105274,14
105206,105279,13
105207,105279,15
105208,105280,13
105209,105281,14
105210,105281,15
105211,105283,13
105212,105283,11
105213,105285,14
105214,105287,12
105215,105288,15
105216,105289,12
105217,105290,13
105218,105290,11
105219,105294,14
105220,105294,13
105221,105295,15
105222,105296,13
105223,105296,13
105224,105298,11
105225,105298,14
105226,105299,15
105227,105301,13
105228,105302,13
105229,105302,12
105230,105303,11
105231,105303,13
105232,105305,14
105233,105309,13
105234,105309,13
105235,105312,11
105236,105312,12
105237,105313,14
105238,105314,15
105239,105315,12
105240,105316,13
105241,105316,13
105242,105319,13
105243,105320,14
105244,105320,13
105245,105322,14
105246,105323,14
105247,105323,15
105248,105324,15
105249,105324,13
105250,105327,11
105251,105327,13
105252,105330,13
105253,105330,15
105254,105334,15
105255,105334,12
105256,105336,12
105257,105336,11
105258,105338,12
105259,105340,15
105260,105340,13
105261,105341,13
105262,105341,15
105263,105342,14
105264,105342,13
105265,105343,14
105266,105344,14
105267,105345,13
105268,105346,12
105269,105346,13
105270,105347,12
105271,105347,14
105272,105349,11
105273,105350,11
105274,105351,12
105275,105351,12
105276,105352,15
105277,105353,12
105278,105354,13
105279,105355,12
105280,105355,11
105281,105356,14
105282,105356,12
105283,105359,14
105284,105359,12
105285,105360,11
105286,105362,14
105287,105362,15
105288,105363,11
105289,105363,12
105290,105364,11
105291,105365,11
105292,105367,12
105293,105367,12
105294,105368,13
105295,105368,13
105296,105369,11
105297,105370,11
105298,105370,14
105299,105371,12
105300,105372,14
105301,105372,11
105302,105373,13
105303,105373,12
105304,105375,11
105305,105375,13
105306,105376,12
105307,105377,11
105308,105377,14
105309,105378,13
105310,105379,12
105311,105381,11
105312,105381,14
105313,105383,13
105314,105387,14
105315,105387,11
105316,105388,14
105317,105388,12
105318,105389,15
105319,105389,15
105320,105392,13
105321,105392,14
105322,105394,13
105323,105395,14
105324,105395,15
105325,105396,14
105326,105397,11
105327,105397,15
105328,105398,12
105329,105400,11
105330,105401,11
105331,105401,11
105332,105402,13
105333,105402,14
105334,105403,15
105335,105403,13
105336,105404,15
105337,105404,14
105338,105405,12
105339,105405,12
105340,105406,15
105341,105407,14
105342,105408,11
105343,105410,15
105344,105412,15
105345,105412,11
105346,105413,14
105347,105413,12
105348,105416,11
105349,105418,11
105350,105418,13
105351,105419,11
105352,105420,11
105353,105420,11
105354,105422,14
105355,105422,15
105356,105423,14
105357,105425,11
105358,105426,11
105359,105427,14
105360,105427,14
105361,105428,15
105362,105428,15
105363,105431,11
105364,105432,12
105365,105432,12
105366,105433,14
105367,105434,12
105368,105435,12
105369,105436,13
105370,105436,14
105371,105437,12
105372,105437,11
105373,105441,14
105374,105441,14
105375,105442,15
105376,105442,11
105377,105443,15
105378,105444,13
105379,105445,11
105380,105446,14
105381,105446,12
105382,105447,11
105383,105447,13
105384,105448,14
105385,105449,13
105386,105452,11
105387,105454,14
105388,105454,14
105389,105457,15
105390,105458,12
105391,105458,13
105392,105459,12
105393,105460,15
105394,105460,12
105395,105461,15
105396,105463,15
105397,105463,14
105398,105464,12
105399,105466,15
105400,105467,14
105401,105467,11
105402,105469,12
105403,105469,13
105404,105470,12
105405,105470,12
105406,105471,13
105407,105472,13
105408,105472,13
105409,105473,15
105410,105474,13
105411,105474,11
105412,105475,15
105413,105475,14
105414,105476,14
105415,105476,13
105416,105477,12
105417,105478,15
105418,105478,15
105419,105480,15
105420,105480,14
105421,105482,11
105422,105483,13
105423,105483,15
105424,105484,13
105425,105485,14
105426,105485,13
105427,105486,11
105428,105486,14
105429,105488,11
105430,105488,15
105431,105489,12
105432,105489,13
105433,105490,15
105434,105490,15
105435,105491,15
105436,105492,12
105437,105493,14
105438,105493,15
105439,105494,12
105440,105495,14
105441,105497,15
105442,105498,13
105443,105499,14
105444,105499,12
105445,105502,11
105446,105502,11
105447,105504,15
105448,105505,15
105449,105505,15
105450,105508,12
105451,105510,11
105452,105510,13
105453,105515,14
105454,105516,15
105455,105516,12
105456,105517,13
105457,105517,11
105458,105518,11
105459,105518,15
105460,105520,12
105461,105520,14
105462,105521,14
105463,105521,12
105464,105522,13
105465,105523,11
105466,105524,12
105467,105524,15
105468,105525,11
105469,105525,12
105470,105526,15
105471,105527,14
105472,105529,15
105473,105530,15
105474,105531,15
105475,105533,14
105476,105533,13
105477,105534,14
105478,105534,12
105479,105535,12
105480,105535,15
105481,105536,12
105482,105536,15
105483,105537,11
105484,105537,11
105485,105539,15
105486,105539,15
105487,105540,12
105488,105541,15
105489,105542,15
105490,105543,15
105491,105543,11
105492,105544,11
105493,105545,13
105494,105545,12
105495,105546,12
105496,105546,14
105497,105549,14
105498,105550,14
105499,105550,11
105500,105551,15
105501,105553,13
105502,105553,11
105503,105555,11
105504,105557,15
105505,105557,14
105506,105560,15
105507,105562,12
105508,105563,13
105509,105565,12
105510,105569,14
105511,105569,11
105512,105570,13
105513,105570,12
105514,105571,11
105515,105571,13
105516,105572,14
105517,105572,14
105518,105573,13
105519,105573,11
105520,105576,12
105521,105576,14
105522,105579,13
105523,105579,11
105524,105580,11
105525,105581,12
105526,105582,13
105527,105582,15
105528,105583,13
105529,105583,13
105530,105584,13
105531,105584,13
105532,105586,14
105533,105587,14
105534,105587,12
105535,105588,13
105536,105589,15
105537,105590,14
105538,105593,14
105539,105594,11
105540,105595,12
105541,105596,11
105542,105597,15
105543,105597,11
105544,105599,11
105545,105599,14
105546,105601,12
105547,105601,12
105548,105602,13
105549,105603,14
105550,105606,13
105551,105606,14
105552,105607,14
105553,105607,12
105554,105608,13
105555,105608,11
105556,105610,11
105557,105612,11
105558,105612,11
105559,105615,13
105560,105615,15
105561,105616,11
105562,105619,13
105563,105620,14
105564,105620,15
105565,105621,11
105566,105621,15
105567,105622,12
105568,105622,14
105569,105623,15
105570,105626,12
105571,105627,13
105572,105628,14
105573,105628,14
105574,105629,15
105575,105629,12
105576,105630,15
105577,105631,14
105578,105631,13
105579,105633,12
105580,105633,11
105581,105634,15
105582,105635,14
105583,105637,14
105584,105637,14
105585,105639,15
105586,105641,11
105587,105641,13
105588,105642,11
105589,105642,13
105590,105643,13
105591,105644,11
105592,105644,11
105593,105645,13
105594,105645,14
105595,105646,13
105596,105646,14
105597,105651,11
105598,105651,13
105599,105652,12
105600,105653,12
105601,105653,12
105602,105657,14
105603,105658,12
105604,105659,13
105605,105659,12
105606,105660,11
105607,105660,15
105608,105661,13
105609,105662,11
105610,105663,11
105611,105663,12
105612,105664,11
105613,105665,12
105614,105666,14
105615,105666,11
105616,105667,13
105617,105667,11
105618,105668,14
105619,105669,13
105620,105670,11
105621,105670,12
105622,105671,13
105623,105671,13
105624,105674,12
105625,105676,12
105626,105676,14
105627,105678,14
105628,105678,12
105629,105679,12
105630,105679,14
105631,105680,12
105632,105680,11
105633,105681,12
105634,105682,13
105635,105683,14
105636,105684,11
105637,105686,13
105638,105687,12
105639,105689,12
105640,105689,14
105641,105690,12
105642,105692,12
105643,105693,13
105644,105693,14
105645,105694,11
105646,105694,11
105647,105697,12
105648,105697,13
105649,105698,12
105650,105698,14
105651,105701,15
105652,105701,11
105653,105704,11
105654,105704,13
105655,105706,11
105656,105707,11
105657,105709,12
105658,105709,12
105659,105711,13
105660,105712,14
105661,105713,12
105662,105714,12
105663,105714,12
105664,105715,13
105665,105716,11
105666,105716,15
105667,105717,14
105668,105717,14
105669,105718,13
105670,105718,15
105671,105719,15
105672,105719,13
105673,105720,14
105674,105720,14
105675,105721,13
105676,105722,11
105677,105723,12
105678,105724,14
105679,105724,14
105680,105726,14
105681,105727,13
105682,105727,12
105683,105728,12
105684,105728,11
105685,105731,11
105686,105732,11
105687,105732,15
105688,105736,14
105689,105737,13
105690,105737,15
105691,105739,11
105692,105741,11
105693,105742,12
105694,105742,13
105695,105743,12
105696,105743,15
105697,105744,15
105698,105744,11
105699,105745,15
105700,105745,11
105701,105746,11
105702,105746,11
105703,105747,15
105704,105750,13
105705,105750,15
105706,105756,14
105707,105756,14
105708,105757,11
105709,105758,14
105710,105759,12
105711,105760,14
105712,105762,13
105713,105762,12
105714,105765,13
105715,105765,14
105716,105766,13
105717,105767,13
105718,105767,14
105719,105768,14
105720,105769,12
105721,105770,11
105722,105770,11
105723,105771,12
105724,105773,12
105725,105774,11
105726,105775,11
105727,105775,15
105728,105776,11
105729,105777,11
105730,105777,15
105731,105778,11
105732,105778,14
105733,105779,11
105734,105782,13
105735,105782,11
105736,105783,15
105737,105783,12
105738,105784,11
105739,105785,14
105740,105786,14
105741,105786,14
105742,105787,11
105743,105788,15
105744,105792,14
105745,105793,13
105746,105793,13
105747,105795,14
105748,105797,15
105749,105797,13
105750,105798,13
105751,105800,15
105752,105801,13
105753,105801,11
105754,105802,13
105755,105802,13
105756,105803,15
105757,105803,11
105758,105805,15
105759,105807,11
105760,105808,15
105761,105811,13
105762,105811,14
105763,105812,13
105764,105813,12
105765,105814,11
105766,105814,12
105767,105817,11
105768,105821,11
105769,105821,12
105770,105822,14
105771,105824,12
105772,105825,12
105773,105825,15
105774,105826,13
105775,105826,12
105776,105827,14
105777,105827,12
105778,105828,14
105779,105828,14
105780,105829,12
105781,105829,12
105782,105830,13
105783,105833,13
105784,105835,11
105785,105840,12
105786,105840,11
105787,105841,13
105788,105841,13
105789,105842,15
105790,105842,12
105791,105844,11
105792,105844,12
105793,105845,14
105794,105845,12
105795,105846,12
105796,105847,13
105797,105847,15
105798,105848,14
105799,105848,11
105800,105851,11
105801,105851,15
105802,105852,14
105803,105852,11
105804,105853,13
105805,105854,11
105806,105855,14
105807,105857,12
105808,105859,11
105809,105861,15
105810,105861,11
105811,105862,13
105812,105862,14
105813,105863,11
105814,105863,14
105815,105864,13
105816,105867,12
105817,105868,13
105818,105869,15
105819,105870,14
105820,105870,15
105821,105871,14
105822,105872,15
105823,105872,13
105824,105873,11
105825,105875,11
105826,105876,14
105827,105877,14
105828,105877,15
105829,105879,14
105830,105879,11
105831,105880,11
105832,105883,11
105833,105883,12
105834,105884,14
105835,105889,11
105836,105889,14
105837,105891,15
105838,105893,15
105839,105893,11
105840,105897,13
105841,105898,11
105842,105898,15
105843,105899,12
105844,105899,11
105845,105901,12
105846,105902,11
105847,105902,11
105848,105903,15
105849,105903,12
105850,105904,14
105851,105905,15
105852,105905,11
105853,105906,13
105854,105907,14
105855,105907,11
105856,105908,12
105857,105910,14
105858,105912,15
105859,105916,14
105860,105916,13
105861,105918,13
105862,105920,13
105863,105920,13
105864,105921,13
105865,105925,13
105866,105926,13
105867,105926,12
105868,105927,15
105869,105927,14
105870,105929,14
105871,105930,12
105872,105930,13
105873,105932,11
105874,105933,13
105875,105936,14
105876,105936,12
105877,105937,14
105878,105939,15
105879,105939,14
105880,105940,13
105881,105942,13
105882,105942,13
105883,105943,11
105884,105943,15
105885,105944,11
105886,105945,15
105887,105945,14
105888,105946,15
105889,105946,11
105890,105948,12
105891,105949,11
105892,105951,12
105893,105951,15
105894,105953,12
105895,105954,11
105896,105955,13
105897,105955,14
105898,105956,12
105899,105956,13
105900,105958,14
105901,105958,13
105902,105959,12
105903,105959,13
105904,105961,14
105905,105963,11
105906,105965,15
105907,105966,12
105908,105967,15
105909,105967,14
105910,105968,11
105911,105968,15
105912,105969,14
105913,105970,15
105914,105971,13
105915,105978,14
105916,105979,13
105917,105979,11
105918,105980,12
105919,105980,14
105920,105981,11
105921,105982,14
105922,105983,14
105923,105983,13
105924,105985,12
105925,105985,11
105926,105986,12
105927,105987,13
105928,105988,12
105929,105989,12
105930,105989,12
105931,105990,14
105932,105992,15
105933,105992,11
105934,105993,11
105935,105995,12
105936,105997,14
105937,105997,11
105938,105998,12
105939,105999,14
105940,105999,14
105941,106000,12
105942,106000,13
105943,106001,11
105944,106002,11
105945,106004,15
105946,106006,14
105947,106007,13
105948,106007,13
105949,106008,15
105950,106008,14
105951,106009,14
105952,106009,11
105953,106010,11
105954,106011,15
105955,106011,13
105956,106012,12
105957,106014,12
105958,106014,15
105959,106015,12
105960,106016,13
105961,106016,12
105962,106018,13
105963,106018,14
105964,106019,11
105965,106019,15
105966,106020,14
105967,106021,14
105968,106021,11
105969,106022,14
105970,106022,15
105971,106023,13
105972,106024,11
105973,106025,15
105974,106026,14
105975,106029,15
105976,106029,14
105977,106030,12
105978,106036,11
105979,106036,12
105980,106038,11
105981,106038,12
105982,106039,14
105983,106040,15
105984,106041,15
105985,106041,11
105986,106042,14
105987,106042,14
105988,106043,13
105989,106044,15
105990,106046,15
105991,106046,15
105992,106047,12
105993,106047,15
105994,106048,12
105995,106048,14
105996,106050,15
105997,106052,11
105998,106055,14
105999,106055,13
106000,106056,15
106001,106056,12
106002,106057,14
106003,106057,11
106004,106058,12
106005,106060,14
106006,106061,15
106007,106063,13
106008,106063,12
106009,106064,11
106010,106064,12
106011,106065,14
106012,106065,13
106013,106066,11
106014,106068,11
106015,106068,12
106016,106069,12
106017,106069,13
106018,106070,12
106019,106070,15
106020,106071,11
106021,106071,15
106022,106072,14
106023,106072,11
106024,106073,11
106025,106074,11
106026,106075,15
106027,106075,13
106028,106078,12
106029,106078,14
106030,106079,11
106031,106080,13
106032,106081,12
106033,106081,12
106034,106085,13
106035,106086,15
106036,106087,11
106037,106088,14
106038,106090,13
106039,106090,11
106040,106091,13
106041,106091,13
106042,106092,13
106043,106092,15
106044,106093,14
106045,106093,13
106046,106094,12
106047,106095,15
106048,106096,11
106049,106097,11
106050,106099,15
106051,106099,13
106052,106101,14
106053,106102,11
106054,106102,14
106055,106105,15
106056,106106,11
106057,106107,15
106058,106108,11
106059,106108,15
106060,106109,15
106061,106109,11
106062,106111,14
106063,106111,13
106064,106112,15
106065,106113,11
106066,106113,12
106067,106114,15
106068,106114,12
106069,106116,15
106070,106117,15
106071,106119,14
106072,106119,12
106073,106120,12
106074,106120,12
106075,106121,14
106076,106122,14
106077,106122,12
106078,106123,15
106079,106123,14
106080,106125,11
106081,106128,12
106082,106129,13
106083,106130,13
106084,106130,12
106085,106132,12
106086,106132,15
106087,106133,12
106088,106133,11
106089,106134,13
106090,106136,15
106091,106136,12
106092,106137,11
106093,106137,15
106094,106138,11
106095,106138,11
106096,106139,13
106097,106139,12
106098,106140,15
106099,106141,15
106100,106141,15
106101,106142,15
106102,106144,15
106103,106144,12
106104,106145,13
106105,106145,15
106106,106146,11
106107,106147,15
106108,106147,11
106109,106149,14
106110,106149,11
106111,106151,13
106112,106152,15
106113,106153,15
106114,106153,14
106115,106160,14
106116,106161,15
106117,106163,13
106118,106163,15
106119,106165,15
106120,106165,13
106121,106166,13
106122,106167,15
106123,106168,15
106124,106168,12
106125,106171,11
106126,106172,11
106127,106173,11
106128,106174,14
106129,106175,12
106130,106176,11
106131,106179,14
106132,106180,15
106133,106182,12
106134,106182,14
106135,106185,13
106136,106185,13
106137,106186,13
106138,106187,11
106139,106187,14
106140,106188,14
106141,106188,12
106142,106189,12
106143,106189,15
106144,106190,13
106145,106190,13
106146,106192,14
106147,106192,11
106148,106194,11
106149,106194,12
106150,106197,15
106151,106197,12
106152,106198,13
106153,106199,13
106154,106202,12
106155,106202,15
106156,106203,11
106157,106203,12
106158,106205,12
106159,106206,14
106160,106208,13
106161,106209,11
106162,106210,12
106163,106212,11
106164,106213,11
106165,106214,11
106166,106216,12
106167,106216,11
106168,106219,15
106169,106220,12
106170,106223,11
106171,106224,11
106172,106225,12
106173,106226,12
106174,106226,13
106175,106229,14
106176,106229,12
106177,106230,14
106178,106231,11
106179,106232,13
106180,106233,14
106181,106233,12
106182,106234,12
106183,106234,12
106184,106235,12
106185,106235,11
106186,106236,15
106187,106240,13
106188,106242,15
106189,106243,13
106190,106243,11
106191,106244,11
106192,106247,12
106193,106248,15
106194,106248,12
106195,106249,11
106196,106249,13
106197,106250,11
106198,106250,12
106199,106251,12
106200,106251,12
106201,106252,11
106202,106252,15
106203,106254,12
106204,106254,12
106205,106255,12
106206,106256,12
106207,106257,13
106208,106257,14
106209,106261,14
106210,106261,12
106211,106263,12
106212,106263,14
106213,106265,13
106214,106266,11
106215,106266,13
106216,106267,12
106217,106267,13
106218,106268,12
106219,106269,15
106220,106269,11
106221,106270,15
106222,106271,15
106223,106271,13
106224,106272,13
106225,106274,12
106226,106275,12
106227,106275,15
106228,106277,12
106229,106277,12
106230,106278,12
106231,106279,13
106232,106279,12
106233,106281,13
106234,106283,12
106235,106284,15
106236,106285,15
106237,106285,14
106238,106286,14
106239,106287,14
106240,106287,13
106241,106288,12
106242,106290,15
106243,106291,11
106244,106293,14
106245,106293,12
106246,106294,12
106247,106295,15
106248,106298,12
106249,106299,14
106250,106299,12
106251,106300,12
106252,106301,14
106253,106302,11
106254,106302,12
106255,106303,15
106256,106304,11
106257,106304,15
106258,106305,15
106259,106307,13
106260,106310,14
106261,106311,11
106262,106311,14
106263,106312,11
106264,106312,11
106265,106313,11
106266,106313,14
106267,106314,12
106268,106314,14
106269,106315,12
106270,106315,14
106271,106316,15
106272,106316,12
106273,106317,12
106274,106317,15
106275,106318,14
106276,106320,15
106277,106320,14
106278,106321,13
106279,106323,12
106280,106323,15
106281,106324,13
106282,106325,13
106283,106326,14
106284,106326,12
106285,106328,14
106286,106328,14
106287,106329,13
106288,106330,11
106289,106331,13
106290,106331,15
106291,106332,12
106292,106332,11
106293,106334,12
106294,106334,13
106295,106335,12
106296,106337,15
106297,106338,11
106298,106338,13
106299,106341,12
106300,106341,14
106301,106346,15
106302,106346,11
106303,106347,13
106304,106347,12
106305,106348,15
106306,106348,13
106307,106349,13
106308,106350,15
106309,106351,12
106310,106351,14
106311,106352,11
106312,106352,14
106313,106353,13
106314,106353,15
106315,106358,14
106316,106358,13
106317,106359,15
106318,106359,15
106319,106360,15
106320,106360,12
106321,106361,14
106322,106361,13
106323,106364,14
106324,106366,11
106325,106367,15
106326,106367,14
106327,106368,13
106328,106370,12
106329,106371,13
106330,106371,14
106331,106377,11
106332,106377,13
106333,106378,11
106334,106378,14
106335,106379,14
106336,106382,14
106337,106383,12
106338,106384,11
106339,106385,13
106340,106386,15
106341,106386,13
106342,106387,11
106343,106387,11
106344,106388,15
106345,106390,12
106346,106390,12
106347,106392,12
106348,106393,14
106349,106394,11
106350,106398,12
106351,106398,11
106352,106399,12
106353,106399,11
106354,106402,11
106355,106403,12
106356,106403,12
106357,106404,12
106358,106404,15
106359,106405,13
106360,106405,13
106361,106406,15
106362,106406,14
106363,106407,13
106364,106407,11
106365,106408,14
106366,106408,12
106367,106410,11
106368,106411,11
106369,106413,13
106370,106414,11
106371,106415,11
106372,106416,14
106373,106416,15
106374,106420,15
106375,106422,15
106376,106423,13
106377,106423,11
106378,106424,12
106379,106424,11
106380,106425,15
106381,106425,13
106382,106427,12
106383,106429,12
106384,106431,13
106385,106431,14
106386,106434,12
106387,106437,14
106388,106437,15
106389,106438,15
106390,106440,15
106391,106440,15
106392,106441,12
106393,106442,12
106394,106444,14
106395,106445,12
106396,106446,13
106397,106446,15
106398,106447,14
106399,106447,15
106400,106449,11
106401,106451,11
106402,106451,15
106403,106453,11
106404,106453,15
106405,106454,15
106406,106454,12
106407,106455,11
106408,106455,14
106409,106457,14
106410,106457,12
106411,106458,14
106412,106461,13
106413,106462,14
106414,106463,15
106415,106463,11
106416,106464,14
106417,106464,11
106418,106465,15
106419,106465,11
106420,106466,12
106421,106466,14
106422,106467,11
106423,106468,12
106424,106468,11
106425,106470,15
106426,106470,12
106427,106471,14
106428,106472,13
106429,106472,13
106430,106473,14
106431,106473,15
106432,106474,13
106433,106475,11
106434,106477,13
106435,106477,14
106436,106480,12
106437,106481,11
106438,106481,15
106439,106482,12
106440,106483,13
106441,106483,13
106442,106484,12
106443,106485,12
106444,106485,15
106445,106487,11
106446,106490,14
106447,106492,12
106448,106493,14
106449,106493,13
106450,106497,15
106451,106498,13
106452,106498,13
106453,106499,15
106454,106502,13
106455,106503,15
106456,106504,13
106457,106504,13
106458,106505,15
106459,106506,15
106460,106506,11
106461,106507,12
106462,106509,14
106463,106510,15
106464,106510,14
106465,106511,15
106466,106511,12
106467,106512,12
106468,106512,11
106469,106513,15
106470,106514,12
106471,106516,14
106472,106516,13
106473,106517,15
106474,106517,15
106475,106518,13
106476,106519,11
106477,106519,12
106478,106520,14
106479,106520,14
106480,106522,12
106481,106522,15
106482,106523,12
106483,106523,11
106484,106524,12
106485,106526,13
106486,106526,15
106487,106527,14
106488,106528,15
106489,106528,13
106490,106529,12
106491,106530,13
106492,106531,14
106493,106531,11
106494,106532,12
106495,106535,11
106496,106535,11
106497,106536,12
106498,106536,15
106499,106537,13
106500,106538,11
106501,106538,11
106502,106539,12
106503,106540,11
106504,106540,15
106505,106542,15
106506,106542,15
106507,106543,11
106508,106543,12
106509,106545,15
106510,106546,12
106511,106547,11
106512,106548,15
106513,106548,11
106514,106550,14
106515,106552,15
106516,106552,15
106517,106553,11
106518,106553,13
106519,106554,13
106520,106555,15
106521,106556,13
106522,106556,11
106523,106560,11
106524,106560,13
106525,106562,14
106526,106562,15
106527,106563,13
106528,106565,14
106529,106566,14
106530,106566,15
106531,106567,13
106532,106569,11
106533,106569,15
106534,106570,12
106535,106573,13
106536,106574,12
106537,106575,14
106538,106575,12
106539,106576,13
106540,106576,12
106541,106577,15
106542,106578,11
106543,106578,15
106544,106579,11
106545,106580,13
106546,106581,13
106547,106582,12
106548,106583,11
106549,106583,13
106550,106584,12
106551,106584,14
106552,106585,14
106553,106586,11
106554,106586,11
106555,106587,14
106556,106587,12
106557,106588,13
106558,106588,13
106559,106590,11
106560,106591,11
106561,106591,14
106562,106593,11
106563,106593,12
106564,106594,14
106565,106595,12
106566,106596,13
106567,106596,14
106568,106598,15
106569,106598,15
106570,106600,12
106571,106602,15
106572,106604,13
106573,106605,15
106574,106605,13
106575,106606,15
106576,106606,14
106577,106607,12
106578,106607,14
106579,106608,14
106580,106609,15
106581,106618,11
106582,106620,13
106583,106625,15
106584,106626,12
106585,106626,12
106586,106628,13
106587,106628,12
106588,106630,12
106589,106630,12
106590,106631,14
106591,106631,15
106592,106632,15
106593,106632,15
106594,106634,13
106595,106635,14
106596,106636,13
106597,106637,13
106598,106637,12
106599,106639,14
106600,106641,11
106601,106642,12
106602,106643,12
106603,106644,13
106604,106645,13
106605,106645,15
106606,106647,12
106607,106647,11
106608,106648,15
106609,106649,14
106610,106652,15
106611,106652,11
106612,106653,15
106613,106655,11
106614,106657,12
106615,106658,14
106616,106658,15
106617,106663,15
106618,106664,12
106619,106666,15
106620,106668,11
106621,106669,14
106622,106670,15
106623,106670,15
106624,106672,13
106625,106672,11
106626,106673,15
106627,106674,15
106628,106674,13
106629,106675,13
106630,106676,15
106631,106676,12
106632,106679,14
106633,106679,14
106634,106681,15
106635,106681,11
106636,106682,12
106637,106682,11
106638,106683,13
106639,106683,12
106640,106684,15
106641,106685,12
106642,106685,14
106643,106686,11
106644,106686,11
106645,106687,11
106646,106687,11
106647,106688,12
106648,106689,13
106649,106690,14
106650,106690,13
106651,106691,14
106652,106692,13
106653,106693,14
106654,106694,15
106655,106695,11
106656,106697,12
106657,106697,12
106658,106698,12
106659,106698,15
106660,106699,15
106661,106701,14
106662,106701,13
106663,106704,13
106664,106704,15
106665,106705,15
106666,106706,11
106667,106706,15
106668,106708,12
106669,106708,11
106670,106709,15
106671,106710,14
106672,106710,12
106673,106711,15
106674,106713,12
106675,106714,15
106676,106715,14
106677,106715,14
106678,106717,12
106679,106717,13
106680,106718,11
106681,106718,14
106682,106720,11
106683,106720,11
106684,106723,15
106685,106723,14
106686,106728,11
106687,106728,12
106688,106732,14
106689,106732,11
106690,106734,12
106691,106734,11
106692,106735,12
106693,106736,15
106694,106736,12
106695,106738,14
106696,106738,12
106697,106739,12
106698,106740,14
106699,106740,13
106700,106741,11
106701,106741,15
106702,106742,13
106703,106743,14
106704,106743,14
106705,106744,15
106706,106745,15
106707,106746,12
106708,106747,13
106709,106750,11
106710,106750,11
106711,106751,13
106712,106752,12
106713,106753,12
106714,106753,13
106715,106754,12
106716,106755,14
106717,106757,13
106718,106758,13
106719,106758,14
106720,106759,12
106721,106761,13
106722,106761,15
106723,106763,11
106724,106763,11
106725,106764,11
106726,106765,13
106727,106765,15
106728,106766,11
106729,106768,11
106730,106769,13
106731,106770,15
106732,106770,12
106733,106771,14
106734,106771,14
106735,106773,13
106736,106774,13
106737,106775,14
106738,106776,15
106739,106776,13
106740,106777,15
106741,106777,13
106742,106778,12
106743,106779,11
106744,106780,13
106745,106782,13
106746,106783,14
106747,106784,13
106748,106786,12
106749,106786,15
106750,106787,15
106751,106787,12
106752,106789,13
106753,106789,14
106754,106790,13
106755,106790,14
106756,106793,15
106757,106793,15
106758,106794,13
106759,106794,14
106760,106795,11
106761,106797,14
106762,106798,15
106763,106800,12
106764,106800,11
106765,106802,15
106766,106803,12
106767,106803,15
106768,106804,15
106769,106804,14
106770,106805,11
106771,106806,14
106772,106807,12
106773,106808,14
106774,106808,15
106775,106811,12
106776,106812,11
106777,106812,15
106778,106813,11
106779,106813,11
106780,106814,11
106781,106814,15
106782,106816,12
106783,106817,15
106784,106818,11
106785,106818,13
106786,106819,11
106787,106820,12
106788,106820,14
106789,106821,15
106790,106822,11
106791,106822,12
106792,106823,11
106793,106823,13
106794,106824,11
106795,106824,13
106796,106825,15
106797,106827,14
106798,106830,15
106799,106833,11
106800,106834,15
106801,106838,15
106802,106838,13
106803,106839,15
106804,106840,11
106805,106840,15
106806,106841,15
106807,106841,13
106808,106844,11
106809,106844,11
106810,106845,14
106811,106845,14
106812,106846,13
106813,106846,14
106814,106847,15
106815,106847,13
106816,106848,15
106817,106849,15
106818,106849,13
106819,106851,12
106820,106852,14
106821,106855,15
106822,106856,12
106823,106858,13
106824,106858,15
106825,106860,12
106826,106860,12
106827,106861,13
106828,106861,13
106829,106862,11
106830,106863,13
106831,106866,11
106832,106867,13
106833,106869,14
106834,106869,14
106835,106870,11
106836,106871,11
106837,106873,14
106838,106875,15
106839,106877,14
106840,106878,12
106841,106880,12
106842,106881,15
106843,106882,12
106844,106882,13
106845,106884,15
106846,106885,15
106847,106886,13
106848,106889,12
106849,106889,11
106850,106890,12
106851,106890,14
106852,106891,13
106853,106891,12
106854,106892,14
106855,106892,13
106856,106893,12
106857,106893,12
106858,106894,12
106859,106894,11
106860,106896,15
106861,106896,12
106862,106897,15
106863,106898,13
106864,106906,12
106865,106907,15
106866,106907,13
106867,106908,13
106868,106909,12
106869,106909,13
106870,106910,14
106871,106911,11
106872,106912,13
106873,106912,15
106874,106913,13
106875,106915,12
106876,106916,13
106877,106918,15
106878,106920,13
106879,106920,12
106880,106921,13
106881,106922,13
106882,106923,14
106883,106924,11
106884,106926,15
106885,106926,14
106886,106927,13
106887,106927,12
106888,106930,11
106889,106931,14
106890,106931,13
106891,106932,15
106892,106933,11
106893,106934,12
106894,106936,12
106895,106938,13
106896,106938,15
106897,106939,14
106898,106941,11
106899,106941,12
106900,106943,12
106901,106944,11
106902,106945,11
106903,106945,14
106904,106946,15
106905,106947,11
106906,106947,14
106907,106948,15
106908,106949,14
106909,106949,12
106910,106951,14
106911,106953,11
106912,106954,11
106913,106954,11
106914,106955,13
106915,106956,14
106916,106957,11
106917,106958,12
106918,106958,14
106919,106962,15
106920,106963,15
106921,106963,14
106922,106964,12
106923,106965,11
106924,106965,14
106925,106966,14
106926,106966,13
106927,106967,13
106928,106967,14
106929,106968,12
106930,106970,11
106931,106971,15
106932,106974,11
106933,106974,11
106934,106976,15
106935,106976,12
106936,106977,13
106937,106978,15
106938,106979,13
106939,106979,15
106940,106980,14
106941,106982,13
106942,106982,13
106943,106984,11
106944,106984,12
106945,106987,15
106946,106987,15
106947,106988,15
106948,106988,13
106949,106990,11
106950,106991,15
106951,106991,15
106952,106992,11
106953,106992,15
106954,106993,14
106955,106993,11
106956,106995,15
106957,106996,14
106958,106996,15
106959,106997,13
106960,106997,11
106961,106998,14
106962,106999,13
106963,106999,14
106964,107001,13
106965,107001,13
106966,107002,11
106967,107002,13
106968,107003,15
106969,107005,14
106970,107006,13
106971,107009,13
106972,107009,13
106973,107011,12
106974,107011,14
106975,107014,12
106976,107014,13
106977,107017,12
106978,107018,15
106979,107019,14
106980,107020,12
106981,107020,12
106982,107021,13
106983,107021,13
106984,107024,11
106985,107024,14
106986,107026,11
106987,107027,12
106988,107027,12
106989,107029,12
106990,107029,11
106991,107030,15
106992,107031,14
106993,107032,13
106994,107032,13
106995,107033,11
106996,107034,15
106997,107036,14
106998,107036,14
106999,107039,13
107000,107040,12
107001,107040,12
107002,107041,13
107003,107041,15
107004,107042,14
107005,107042,13
107006,107045,12
107007,107045,15
107008,107047,15
107009,107047,12
107010,107048,12
107011,107050,11
107012,107051,13
107013,107052,15
107014,107052,14
107015,107053,12
107016,107053,13
107017,107054,11
107018,107054,12
107019,107056,11
107020,107057,13
107021,107058,11
107022,107058,11
107023,107060,15
107024,107060,15
107025,107061,11
107026,107062,13
107027,107063,13
107028,107063,13
107029,107064,11
107030,107065,15
107031,107065,11
107032,107066,13
107033,107067,11
107034,107067,11
107035,107072,15
107036,107072,11
107037,107073,15
107038,107076,13
107039,107077,14
107040,107080,12
107041,107080,12
107042,107082,12
107043,107082,11
107044,107083,12
107045,107083,14
107046,107084,11
107047,107085,14
107048,107088,11
107049,107088,12
107050,107089,11
107051,107089,11
107052,107093,14
107053,107093,11
107054,107095,13
107055,107096,12
107056,107097,11
107057,107098,14
107058,107098,13
107059,107101,15
107060,107101,12
107061,107106,14
107062,107106,11
107063,107108,11
107064,107108,13
107065,107109,14
107066,107110,13
107067,107110,15
107068,107111,15
107069,107111,13
107070,107112,14
107071,107112,13
107072,107113,12
107073,107115,11
107074,107116,12
107075,107117,15
107076,107119,14
107077,107119,13
107078,107122,13
107079,107122,13
107080,107123,11
107081,107124,11
107082,107126,12
107083,107128,15
107084,107129,11
107085,107129,15
107086,107131,11
107087,107131,15
107088,107132,15
107089,107135,11
107090,107136,12
107091,107136,15
107092,107137,13
107093,107137,15
107094,107139,13
107095,107141,13
107096,107142,12
107097,107142,11
107098,107144,14
107099,107144,11
107100,107145,15
107101,107145,14
107102,107146,12
107103,107148,15
107104,107149,15
107105,107151,15
107106,107153,11
107107,107155,12
107108,107156,11
107109,107156,14
107110,107157,14
107111,107158,15
107112,107160,15
107113,107160,15
107114,107161,12
107115,107161,11
107116,107162,12
107117,107164,11
107118,107164,11
107119,107165,11
107120,107165,11
107121,107166,15
107122,107167,14
107123,107168,12
107124,107170,12
107125,107170,12
107126,107171,14
107127,107172,15
107128,107173,12
107129,107173,13
107130,107174,12
107131,107175,13
107132,107176,11
107133,107176,12
107134,107177,12
107135,107178,11
107136,107179,12
107137,107180,12
107138,107180,15
107139,107182,13
107140,107182,13
107141,107184,13
107142,107185,15
107143,107185,11
107144,107186,14
107145,107187,12
107146,107187,11
107147,107188,13
107148,107188,15
107149,107189,11
107150,107190,11
107151,107190,15
107152,107191,11
107153,107192,13
107154,107192,15
107155,107193,13
107156,107193,14
107157,107194,14
107158,107194,15
107159,107196,12
107160,107196,13
107161,107197,13
107162,107197,15
107163,107198,15
107164,107198,14
107165,107199,12
107166,107199,15
107167,107204,15
107168,107204,12
107169,107206,14
107170,107208,14
107171,107208,11
107172,107209,15
107173,107209,15
107174,107210,11
107175,107210,12
107176,107211,12
107177,107212,14
107178,107214,15
107179,107214,13
107180,107215,15
107181,107216,12
107182,107217,15
107183,107218,11
107184,107219,13
107185,107219,13
107186,107220,14
107187,107222,12
107188,107222,15
107189,107223,14
107190,107223,13
107191,107227,15
107192,107228,12
107193,107229,11
107194,107229,15
107195,107230,15
107196,107230,15
107197,107232,15
107198,107232,13
107199,107234,13
107200,107234,12
107201,107236,15
107202,107237,13
107203,107239,11
107204,107239,15
107205,107240,12
107206,107240,14
107207,107241,12
107208,107241,15
107209,107242,12
107210,107242,14
107211,107243,12
107212,107244,14
107213,107244,11
107214,107245,15
107215,107245,11
107216,107246,11
107217,107247,15
107218,107248,13
107219,107248,11
107220,107250,12
107221,107250,14
107222,107251,14
107223,107253,12
107224,107254,14
107225,107254,13
107226,107257,15
107227,107257,11
107228,107260,14
107229,107261,14
107230,107261,11
107231,107262,14
107232,107262,11
107233,107263,14
107234,107263,12
107235,107264,15
107236,107264,12
107237,107265,15
107238,107265,15
107239,107267,14
107240,107268,12
107241,107268,14
107242,107269,14
107243,107269,14
107244,107271,11
107245,107272,11
107246,107273,11
107247,107275,15
107248,107276,13
107249,107276,15
107250,107278,14
107251,107281,15
107252,107281,13
107253,107282,12
107254,107282,14
107255,107283,15
107256,107285,15
107257,107285,11
107258,107286,14
107259,107286,12
107260,107290,14
107261,107291,12
107262,107291,14
107263,107292,14
107264,107296,12
107265,107296,15
107266,107297,12
107267,107297,12
107268,107298,12
107269,107298,12
107270,107299,11
107271,107299,14
107272,107300,12
107273,107302,14
107274,107303,11
107275,107304,13
107276,107305,12
107277,107306,13
107278,107306,14
107279,107307,13
107280,107308,12
107281,107308,13
107282,107310,13
107283,107310,15
107284,107314,12
107285,107316,13
107286,107316,11
107287,107317,12
107288,107319,11
107289,107321,15
107290,107321,11
107291,107322,11
107292,107322,15
107293,107323,12
107294,107324,12
107295,107326,15
107296,107326,13
107297,107327,14
107298,107328,13
107299,107329,15
107300,107331,11
107301,107332,12
107302,107335,14
107303,107336,13
107304,107336,14
107305,107337,15
107306,107337,13
107307,107338,13
107308,107339,13
107309,107341,14
107310,107341,13
107311,107344,13
107312,107344,12
107313,107345,15
107314,107346,12
107315,107347,13
107316,107347,15
107317,107348,14
107318,107348,14
107319,107349,11
107320,107349,14
107321,107350,11
107322,107350,15
107323,107351,12
107324,107351,13
107325,107352,12
107326,107354,14
107327,107356,12
107328,107362,12
107329,107368,14
107330,107368,11
107331,107369,14
107332,107369,11
107333,107370,11
107334,107371,11
107335,107371,11
107336,107372,11
107337,107374,13
107338,107374,14
107339,107375,15
107340,107377,14
107341,107378,13
107342,107379,13
107343,107380,11
107344,107380,11
107345,107382,15
107346,107382,11
107347,107384,15
107348,107386,15
107349,107386,12
107350,107388,14
107351,107389,12
107352,107389,12
107353,107392,12
107354,107393,13
107355,107394,11
107356,107396,12
107357,107396,12
107358,107398,15
107359,107398,12
107360,107400,12
107361,107401,14
107362,107401,12
107363,107402,15
107364,107402,12
107365,107405,11
107366,107405,15
107367,107406,12
107368,107407,14
107369,107411,12
107370,107411,13
107371,107413,14
107372,107414,13
107373,107417,13
107374,107418,11
107375,107420,14
107376,107420,11
107377,107421,11
107378,107422,13
107379,107422,12
107380,107423,11
107381,107424,15
107382,107424,11
107383,107425,15
107384,107425,15
107385,107426,13
107386,107427,12
107387,107428,12
107388,107429,11
107389,107429,11
107390,107430,13
107391,107431,12
107392,107431,13
107393,107432,11
107394,107437,14
107395,107437,15
107396,107438,11
107397,107439,14
107398,107440,12
107399,107441,15
107400,107441,13
107401,107442,15
107402,107444,12
107403,107446,11
107404,107446,12
107405,107449,14
107406,107450,14
107407,107450,13
107408,107451,15
107409,107451,15
107410,107453,11
107411,107453,15
107412,107454,14
107413,107454,14
107414,107456,13
107415,107458,13
107416,107460,12
107417,107464,15
107418,107464,15
107419,107466,15
107420,107467,15
107421,107467,11
107422,107468,14
107423,107468,11
107424,107469,15
107425,107469,13
107426,107472,12
107427,107475,12
107428,107475,14
107429,107478,14
107430,107479,15
107431,107479,12
107432,107482,12
107433,107482,13
107434,107484,11
107435,107484,13
107436,107486,11
107437,107486,15
107438,107487,11
107439,107487,14
107440,107489,14
107441,107490,14
107442,107490,13
107443,107491,11
107444,107491,12
107445,107492,13
107446,107492,12
107447,107494,13
107448,107494,14
107449,107495,15
107450,107495,11
107451,107496,15
107452,107496,11
107453,107498,11
107454,107499,13
107455,107499,14
107456,107501,11
107457,107504,12
107458,107504,15
107459,107505,13
107460,107505,15
107461,107508,11
107462,107509,12
107463,107510,11
107464,107511,13
107465,107511,15
107466,107513,12
107467,107514,14
107468,107514,15
107469,107515,15
107470,107515,12
107471,107516,11
107472,107518,13
107473,107518,15
107474,107519,13
107475,107520,11
107476,107521,14
107477,107522,14
107478,107523,13
107479,107523,11
107480,107524,15
107481,107525,14
107482,107525,11
107483,107526,14
107484,107527,13
107485,107528,12
107486,107528,14
107487,107529,12
107488,107533,12
107489,107534,13
107490,107535,15
107491,107535,14
107492,107536,14
107493,107536,15
107494,107537,12
107495,107539,11
107496,107540,13
107497,107540,12
107498,107541,12
107499,107542,13
107500,107543,14
107501,107543,14
107502,107545,15
107503,107545,15
107504,107546,13
107505,107546,15
107506,107548,11
107507,107548,12
107508,107549,13
107509,107550,14
107510,107550,15
107511,107551,15
107512,107552,11
107513,107552,14
107514,107553,15
107515,107554,15
107516,107558,13
107517,107560,13
107518,107560,13
107519,107561,15
107520,107561,11
107521,107562,15
107522,107562,15
107523,107564,13
107524,107565,15
107525,107566,13
107526,107566,12
107527,107567,12
107528,107567,11
107529,107568,11
107530,107568,12
107531,107570,11
107532,107570,11
107533,107571,14
107534,107572,11
107535,107572,11
107536,107573,14
107537,107574,14
107538,107574,14
107539,107575,13
107540,107575,11
107541,107576,15
107542,107577,12
107543,107578,15
107544,107578,14
107545,107579,11
107546,107580,14
107547,107580,11
107548,107581,11
107549,107583,12
107550,107584,11
107551,107585,14
107552,107585,14
107553,107586,12
107554,107587,14
107555,107587,12
107556,107589,15
107557,107589,14
107558,107590,14
107559,107591,11
107560,107591,12
107561,107592,13
107562,107593,11
107563,107594,12
107564,107594,12
107565,107595,12
107566,107596,11
107567,107597,13
107568,107597,15
107569,107598,15
107570,107598,14
107571,107600,15
107572,107602,14
107573,107602,15
107574,107603,15
107575,107605,11
107576,107605,15
107577,107606,13
107578,107607,15
107579,107608,12
107580,107609,11
107581,107609,14
107582,107610,12
107583,107611,15
107584,107611,12
107585,107612,14
107586,107613,13
107587,107614,11
107588,107615,15
107589,107617,13
107590,107619,11
107591,107619,14
107592,107623,12
107593,107625,15
107594,107627,11
107595,107629,15
107596,107629,12
107597,107630,12
107598,107630,15
107599,107632,14
107600,107633,12
107601,107634,14
107602,107634,14
107603,107637,11
107604,107637,13
107605,107640,11
107606,107640,14
107607,107641,11
107608,107642,11
107609,107642,12
107610,107645,15
107611,107650,15
107612,107650,13
107613,107651,15
107614,107652,12
107615,107652,12
107616,107653,13
107617,107653,13
107618,107654,12
107619,107657,11
107620,107658,12
107621,107658,14
107622,107659,12
107623,107662,13
107624,107663,15
107625,107665,11
107626,107666,11
107627,107667,11
107628,107668,11
107629,107669,12
107630,107672,15
107631,107673,12
107632,107674,11
107633,107675,12
107634,107676,13
107635,107676,11
107636,107677,15
107637,107677,14
107638,107680,12
107639,107681,15
107640,107681,13
107641,107682,14
107642,107684,11
107643,107685,13
107644,107686,12
107645,107687,11
107646,107691,15
107647,107691,11
107648,107692,12
107649,107697,12
107650,107698,13
107651,107698,11
107652,107700,14
107653,107700,15
107654,107701,15
107655,107702,14
107656,107703,11
107657,107705,14
107658,107706,14
107659,107706,12
107660,107707,14
107661,107707,13
107662,107709,15
107663,107709,11
107664,107710,14
107665,107711,11
107666,107711,12
107667,107712,12
107668,107715,11
107669,107716,11
107670,107717,15
107671,107717,15
107672,107718,11
107673,107718,15
107674,107719,11
107675,107721,11
107676,107724,12
107677,107725,14
107678,107725,15
107679,107726,11
107680,107729,15
107681,107730,15
107682,107730,15
107683,107733,12
107684,107734,15
107685,107736,15
107686,107736,11
107687,107737,14
107688,107738,12
107689,107739,14
107690,107740,11
107691,107740,12
107692,107741,15
107693,107741,13
107694,107742,11
107695,107743,13
107696,107743,11
107697,107744,14
107698,107745,12
107699,107745,13
107700,107746,14
107701,107747,13
107702,107747,13
107703,107748,12
107704,107750,15
107705,107750,13
107706,107752,15
107707,107752,13
107708,107753,14
107709,107753,15
107710,107754,11
107711,107754,12
107712,107756,14
107713,107757,14
107714,107758,13
107715,107758,15
107716,107759,14
107717,107759,13
107718,107760,12
107719,107760,14
107720,107761,12
107721,107762,13
107722,107762,13
107723,107763,12
107724,107765,13
107725,107765,11
107726,107766,13
107727,107768,14
107728,107769,13
107729,107769,12
107730,107770,11
107731,107773,14
107732,107774,12
107733,107775,12
107734,107777,13
107735,107779,11
107736,107780,12
107737,107780,11
107738,107782,11
107739,107782,14
107740,107783,14
107741,107783,14
107742,107784,12
107743,107784,13
107744,107785,14
107745,107785,12
107746,107790,11
107747,107791,12
107748,107791,15
107749,107792,15
107750,107792,12
107751,107793,13
107752,107793,13
107753,107795,15
107754,107795,13
107755,107796,14
107756,107797,12
107757,107797,11
107758,107799,12
107759,107802,14
107760,107802,15
107761,107804,13
107762,107805,15
107763,107805,15
107764,107807,11
107765,107807,13
107766,107808,15
107767,107810,13
107768,107814,11
107769,107816,11
107770,107816,12
107771,107817,15
107772,107817,12
107773,107818,14
107774,107818,11
107775,107819,13
107776,107819,11
107777,107820,12
107778,107820,14
107779,107821,12
107780,107821,11
107781,107824,15
107782,107825,13
107783,107825,15
107784,107827,11
107785,107828,15
107786,107828,14
107787,107829,11
107788,107829,11
107789,107830,11
107790,107831,14
107791,107832,14
107792,107833,11
107793,107833,14
107794,107834,15
107795,107836,15
107796,107837,14
107797,107839,15
107798,107840,15
107799,107842,13
107800,107842,12
107801,107843,11
107802,107843,15
107803,107844,12
107804,107844,11
107805,107845,14
107806,107846,14
107807,107847,11
107808,107848,13
107809,107848,12
107810,107851,12
107811,107851,14
107812,107852,13
107813,107853,12
107814,107853,13
107815,107854,12
107816,107854,12
107817,107855,14
107818,107855,12
107819,107856,14
107820,107857,12
107821,107858,15
107822,107858,12
107823,107859,15
107824,107860,14
107825,107860,13
107826,107862,11
107827,107863,12
107828,107864,14
107829,107864,12
107830,107866,12
107831,107867,11
107832,107869,13
107833,107873,14
107834,107874,13
107835,107875,12
107836,107876,12
107837,107876,15
107838,107878,13
107839,107880,15
107840,107881,11
107841,107881,14
107842,107882,11
107843,107882,13
107844,107886,11
107845,107887,13
107846,107888,11
107847,107888,11
107848,107889,14
107849,107890,13
107850,107890,13
107851,107891,15
107852,107891,13
107853,107892,14
107854,107892,11
107855,107893,12
107856,107894,11
107857,107896,15
107858,107898,11
107859,107898,12
107860,107899,14
107861,107899,14
107862,107900,13
107863,107902,13
107864,107902,12
107865,107908,15
107866,107909,15
107867,107909,15
107868,107910,13
107869,107910,15
107870,107912,14
107871,107912,14
107872,107914,15
107873,107914,12
107874,107915,11
107875,107916,14
107876,107916,15
107877,107917,15
107878,107917,13
107879,107918,15
107880,107919,13
107881,107923,15
107882,107923,15
107883,107924,14
107884,107926,14
107885,107927,11
107886,107929,11
107887,107929,15
107888,107930,14
107889,107930,11
107890,107932,13
107891,107932,15
107892,107933,12
107893,107936,11
107894,107938,12
107895,107940,15
107896,107941,14
107897,107942,12
107898,107943,13
107899,107943,13
107900,107944,15
107901,107945,14
107902,107947,11
107903,107947,12
107904,107948,11
107905,107949,13
107906,107949,15
107907,107951,11
107908,107952,14
107909,107953,14
107910,107954,12
107911,107954,14
107912,107956,14
107913,107956,14
107914,107957,12
107915,107960,15
107916,107961,15
107917,107961,13
107918,107962,11
107919,107962,12
107920,107964,12
107921,107964,11
107922,107966,12
107923,107966,12
107924,107967,12
107925,107967,15
107926,107968,13
107927,107968,12
107928,107969,11
107929,107969,11
107930,107970,13
107931,107970,13
107932,107973,13
107933,107973,15
107934,107974,13
107935,107974,15
107936,107975,13
107937,107975,15
107938,107979,15
107939,107980,13
107940,107980,14
107941,107981,11
107942,107981,14
107943,107982,12
107944,107983,13
107945,107983,15
107946,107984,12
107947,107985,12
107948,107986,11
107949,107988,15
107950,107990,14
107951,107991,15
107952,107991,15
107953,107993,11
107954,107994,11
107955,107994,15
107956,107996,15
107957,107996,14
107958,107997,12
107959,107999,11
107960,107999,11
107961,108000,12
107962,108000,12
107963,108001,14
107964,108002,14
107965,108002,13
107966,108006,12
107967,108006,14
107968,108009,11
107969,108009,12
107970,108010,15
107971,108010,11
107972,108011,11
107973,108013,15
107974,108013,15
107975,108014,15
107976,108014,14
107977,108015,14
107978,108015,12
107979,108016,12
107980,108017,14
107981,108017,15
107982,108019,15
107983,108019,13
107984,108020,11
107985,108020,15
107986,108021,15
107987,108021,13
107988,108022,14
107989,108022,14
107990,108023,14
107991,108023,12
107992,108026,12
107993,108026,15
107994,108027,13
107995,108027,15
107996,108028,11
107997,108029,15
107998,108032,11
107999,108032,15
108000,108033,14
108001,108035,15
108002,108036,15
108003,108036,13
108004,108038,14
108005,108040,13
108006,108040,11
108007,108041,11
108008,108042,14
108009,108042,12
108010,108043,14
108011,108043,13
108012,108047,15
108013,108047,13
108014,108050,14
108015,108050,12
108016,108051,13
108017,108054,14
108018,108054,14
108019,108055,14
108020,108056,11
108021,108056,11
108022,108057,15
108023,108058,12
108024,108058,14
108025,108059,14
108026,108059,13
108027,108060,15
108028,108061,12
108029,108062,15
108030,108062,14
108031,108063,11
108032,108063,14
108033,108067,14
108034,108067,11
108035,108068,14
108036,108068,14
108037,108069,14
108038,108069,13
108039,108072,15
108040,108074,15
108041,108075,12
108042,108075,12
108043,108076,12
108044,108076,13
108045,108077,11
108046,108078,14
108047,108078,13
108048,108079,12
108049,108079,14
108050,108080,15
108051,108080,12
108052,108081,13
108053,108081,15
108054,108082,12
108055,108082,13
108056,108083,12
108057,108084,11
108058,108084,11
108059,108085,14
108060,108087,11
108061,108090,11
108062,108091,12
108063,108092,15
108064,108092,11
108065,108093,15
108066,108093,12
108067,108094,15
108068,108096,12
108069,108096,13
108070,108099,14
108071,108100,12
108072,108101,13
108073,108101,11
108074,108102,11
108075,108103,13
108076,108103,15
108077,108104,12
108078,108105,12
108079,108105,12
108080,108106,13
108081,108106,14
108082,108108,15
108083,108110,11
108084,108111,12
108085,108111,15
108086,108113,15
108087,108114,11
108088,108114,14
108089,108115,11
108090,108117,12
108091,108117,15
108092,108118,13
108093,108119,14
108094,108120,12
108095,108122,12
108096,108122,12
108097,108123,14
108098,108124,11
108099,108124,14
108100,108125,12
108101,108125,11
108102,108126,14
108103,108126,14
108104,108127,11
108105,108127,12
108106,108128,13
108107,108129,14
108108,108131,11
108109,108132,13
108110,108133,11
108111,108133,13
108112,108134,14
108113,108134,13
108114,108136,14
108115,108137,13
108116,108138,12
108117,108138,14
108118,108139,12
108119,108140,15
108120,108140,15
108121,108141,15
108122,108141,15
108123,108143,14
108124,108143,14
108125,108144,11
108126,108144,13
108127,108145,15
108128,108145,15
108129,108146,13
108130,108146,12
108131,108147,15
108132,108147,12
108133,108148,13
108134,108149,12
108135,108150,13
108136,108150,13
108137,108151,13
108138,108151,13
108139,108152,11
108140,108154,15
108141,108156,13
108142,108156,13
108143,108158,11
108144,108158,15
108145,108159,12
108146,108159,13
108147,108162,12
108148,108163,13
108149,108166,14
108150,108166,14
108151,108167,11
108152,108167,12
108153,108170,11
108154,108172,14
108155,108172,13
108156,108175,13
108157,108175,11
108158,108177,12
108159,108177,13
108160,108181,11
108161,108185,14
108162,108185,12
108163,108186,13
108164,108187,15
108165,108188,13
108166,108188,14
108167,108189,11
108168,108190,14
108169,108190,15
108170,108192,15
108171,108192,11
108172,108194,12
108173,108195,11
108174,108196,12
108175,108196,11
108176,108198,15
108177,108198,14
108178,108199,12
108179,108199,12
108180,108200,13
108181,108200,13
108182,108201,11
108183,108204,14
108184,108204,12
108185,108205,12
108186,108206,13
108187,108209,15
108188,108209,15
108189,108211,15
108190,108211,12
108191,108212,12
108192,108213,13
108193,108214,15
108194,108215,14
108195,108216,11
108196,108216,14
108197,108217,12
108198,108220,13
108199,108220,13
108200,108221,13
108201,108222,14
108202,108224,11
108203,108224,15
108204,108225,11
108205,108226,15
108206,108227,13
108207,108228,11
108208,108229,14
108209,108230,13
108210,108230,12
108211,108231,12
108212,108231,11
108213,108235,12
108214,108235,14
108215,108236,12
108216,108236,14
108217,108238,12
108218,108239,11
108219,108240,15
108220,108240,14
108221,108241,14
108222,108244,14
108223,108244,14
108224,108246,13
108225,108246,15
108226,108247,13
108227,108247,11
108228,108248,11
108229,108248,13
108230,108249,11
108231,108250,13
108232,108250,14
108233,108251,11
108234,108251,15
108235,108253,14
108236,108253,13
108237,108254,15
108238,108254,14
108239,108255,14
108240,108255,14
108241,108257,13
108242,108257,14
108243,108259,12
108244,108260,11
108245,108262,13
108246,108263,11
108247,108263,14
108248,108265,11
108249,108269,15
108250,108269,12
108251,108270,11
108252,108271,12
108253,108272,12
108254,108272,13
108255,108274,12
108256,108274,14
108257,108275,14
108258,108275,13
108259,108276,14
108260,108278,12
108261,108279,13
108262,108279,12
108263,108280,15
108264,108281,12
108265,108281,11
108266,108282,13
108267,108282,12
108268,108283,15
108269,108286,14
108270,108288,13
108271,108289,12
108272,108290,12
108273,108291,14
108274,108291,14
108275,108293,11
108276,108293,12
108277,108295,12
108278,108295,14
108279,108296,12
108280,108297,13
108281,108297,11
108282,108298,13
108283,108299,12
108284,108299,13
108285,108301,14
108286,108302,13
108287,108304,11
108288,108305,15
108289,108305,11
108290,108306,14
108291,108307,14
108292,108307,15
108293,108312,13
108294,108312,14
108295,108315,12
108296,108316,13
108297,108319,12
108298,108320,14
108299,108320,12
108300,108321,14
108301,108322,15
108302,108322,11
108303,108323,14
108304,108323,15
108305,108324,11
108306,108324,13
108307,108327,12
108308,108327,12
108309,108328,11
108310,108328,15
108311,108331,13
108312,108331,14
108313,108332,15
108314,108334,12
108315,108334,12
108316,108335,11
108317,108335,11
108318,108338,12
108319,108338,12
108320,108339,14
108321,108340,14
108322,108342,13
108323,108343,14
108324,108343,15
108325,108344,13
108326,108347,11
108327,108349,12
108328,108349,14
108329,108351,14
108330,108353,11
108331,108354,11
108332,108354,11
108333,108355,13
108334,108356,14
108335,108358,15
108336,108359,11
108337,108361,12
108338,108363,11
108339,108366,12
108340,108366,11
108341,108368,14
108342,108368,11
108343,108369,15
108344,108370,14
108345,108371,11
108346,108371,15
108347,108374,11
108348,108374,11
108349,108376,13
108350,108377,15
108351,108377,15
108352,108379,13
108353,108379,14
108354,108380,13
108355,108381,15
108356,108381,14
108357,108383,14
108358,108384,15
108359,108384,15
108360,108386,12
108361,108386,13
108362,108388,15
108363,108388,15
108364,108389,14
108365,108389,12
108366,108390,12
108367,108390,12
108368,108391,14
108369,108392,14
108370,108393,12
108371,108394,12
108372,108395,12
108373,108395,14
108374,108396,14
108375,108397,13
108376,108397,15
108377,108398,11
108378,108398,14
108379,108399,11
108380,108399,14
108381,108400,11
108382,108401,15
108383,108402,14
108384,108402,14
108385,108403,14
108386,108403,11
108387,108405,15
108388,108405,12
108389,108410,12
108390,108410,13
108391,108411,13
108392,108411,15
108393,108412,15
108394,108412,12
108395,108415,14
108396,108415,12
108397,108416,11
108398,108416,12
108399,108417,13
108400,108420,15
108401,108420,11
108402,108422,11
108403,108422,14
108404,108423,12
108405,108425,14
108406,108426,15
108407,108427,13
108408,108432,12
108409,108432,12
108410,108433,15
108411,108433,14
108412,108435,11
108413,108435,13
108414,108436,12
108415,108437,14
108416,108437,14
108417,108440,11
108418,108442,15
108419,108443,12
108420,108445,13
108421,108446,12
108422,108446,15
108423,108447,12
108424,108450,14
108425,108452,14
108426,108452,15
108427,108455,11
108428,108455,15
108429,108456,14
108430,108456,12
108431,108457,15
108432,108459,14
108433,108460,14
108434,108461,15
108435,108461,14
108436,108462,13
108437,108463,11
108438,108463,14
108439,108464,11
108440,108464,15
108441,108465,14
108442,108465,12
108443,108467,14
108444,108467,15
108445,108468,11
108446,108468,11
108447,108469,13
108448,108470,12
108449,108471,15
108450,108471,11
108451,108472,13
108452,108472,14
108453,108473,14
108454,108473,12
108455,108474,11
108456,108474,14
108457,108475,11
108458,108475,14
108459,108477,13
108460,108477,13
108461,108479,12
108462,108479,14
108463,108482,13
108464,108482,14
108465,108484,11
108466,108485,13
108467,108485,15
108468,108486,14
108469,108486,14
108470,108487,13
108471,108487,15
108472,108488,13
108473,108488,12
108474,108489,12
108475,108489,15
108476,108490,12
108477,108490,14
108478,108491,11
108479,108492,15
108480,108494,14
108481,108494,11
108482,108495,12
108483,108495,14
108484,108499,15
108485,108499,12
108486,108500,14
108487,108500,14
108488,108502,12
108489,108504,15
108490,108504,13
108491,108506,15
108492,108507,11
108493,108507,14
108494,108508,12
108495,108508,15
108496,108509,11
108497,108510,14
108498,108511,13
108499,108511,14
108500,108513,13
108501,108513,11
108502,108514,11
108503,108514,13
108504,108515,12
108505,108516,13
108506,108516,12
108507,108519,12
108508,108519,11
108509,108520,14
108510,108520,14
108511,108521,13
108512,108521,11
108513,108522,11
108514,108522,13
108515,108524,13
108516,108524,15
108517,108525,11
108518,108525,11
108519,108526,12
108520,108526,15
108521,108527,15
108522,108527,13
108523,108528,15
108524,108529,15
108525,108530,13
108526,108530,14
108527,108531,11
108528,108532,14
108529,108533,11
108530,108533,11
108531,108537,14
108532,108538,14
108533,108539,13
108534,108539,11
108535,108540,15
108536,108543,12
108537,108545,11
108538,108545,13
108539,108547,15
108540,108547,14
108541,108549,11
108542,108549,14
108543,108550,12
108544,108550,14
108545,108551,12
108546,108551,14
108547,108552,13
108548,108555,14
108549,108556,15
108550,108557,13
108551,108557,12
108552,108559,11
108553,108559,13
108554,108560,12
108555,108560,13
108556,108561,12
108557,108561,12
108558,108563,12
108559,108564,11
108560,108566,14
108561,108567,12
108562,108570,12
108563,108570,14
108564,108571,12
108565,108571,13
108566,108573,11
108567,108574,12
108568,108574,15
108569,108576,11
108570,108576,14
108571,108577,12
108572,108580,12
108573,108582,13
108574,108583,11
108575,108584,15
108576,108584,14
108577,108585,15
108578,108586,11
108579,108588,12
108580,108590,12
108581,108590,15
108582,108591,14
108583,108592,11
108584,108593,11
108585,108594,12
108586,108594,11
108587,108595,12
108588,108596,15
108589,108597,15
108590,108599,11
108591,108599,13
108592,108603,11
108593,108604,13
108594,108604,13
108595,108605,11
108596,108605,15
108597,108606,14
108598,108606,14
108599,108607,13
108600,108607,13
108601,108610,12
108602,108614,14
108603,108614,13
108604,108615,14
108605,108615,15
108606,108618,11
108607,108619,15
108608,108619,11
108609,108620,14
108610,108621,13
108611,108621,15
108612,108622,13
108613,108623,12
108614,108623,13
108615,108624,11
108616,108624,11
108617,108625,13
108618,108625,12
108619,108627,13
108620,108627,15
108621,108628,15
108622,108629,11
108623,108629,11
108624,108630,11
108625,108631,14
108626,108632,14
108627,108632,15
108628,108634,15
108629,108634,12
108630,108636,13
108631,108636,12
108632,108637,11
108633,108641,14
108634,108641,15
108635,108642,14
108636,108643,13
108637,108643,11
108638,108645,15
108639,108648,12
108640,108648,13
108641,108649,15
108642,108650,13
108643,108650,14
108644,108652,15
108645,108655,15
108646,108655,11
108647,108656,12
108648,108657,15
108649,108659,14
108650,108660,11
108651,108661,12
108652,108662,11
108653,108662,14
108654,108663,13
108655,108664,12
108656,108664,11
108657,108665,11
108658,108666,11
108659,108666,14
108660,108668,15
108661,108669,13
108662,108670,13
108663,108671,14
108664,108672,13
108665,108672,13
108666,108673,14
108667,108673,15
108668,108676,11
108669,108677,14
108670,108678,14
108671,108679,13
108672,108682,14
108673,108682,12
108674,108684,15
108675,108684,11
108676,108686,12
108677,108688,13
108678,108688,14
108679,108690,15
108680,108691,12
108681,108691,14
108682,108692,14
108683,108692,14
108684,108693,14
108685,108696,12
108686,108696,13
108687,108698,13
108688,108698,11
108689,108701,14
108690,108703,12
108691,108703,11
108692,108704,11
108693,108704,13
108694,108705,15
108695,108706,13
108696,108706,15
108697,108707,11
108698,108708,11
108699,108708,14
108700,108709,12
108701,108710,15
108702,108711,13
108703,108711,12
108704,108713,11
108705,108714,14
108706,108714,11
108707,108715,12
108708,108716,12
108709,108716,13
108710,108718,11
108711,108718,12
108712,108719,12
108713,108719,13
108714,108720,11
108715,108729,12
108716,108731,14
108717,108731,13
108718,108732,11
108719,108732,12
108720,108733,15
108721,108737,14
108722,108739,15
108723,108741,15
108724,108743,13
108725,108743,15
108726,108745,14
108727,108748,11
108728,108748,11
108729,108750,13
108730,108755,11
108731,108758,11
108732,108759,11
108733,108760,13
108734,108760,13
108735,108761,13
108736,108761,13
108737,108762,11
108738,108763,12
108739,108763,11
108740,108764,13
108741,108765,12
108742,108765,15
108743,108766,13
108744,108766,12
108745,108767,13
108746,108768,12
108747,108768,15
108748,108769,11
108749,108770,14
108750,108771,13
108751,108771,11
108752,108772,13
108753,108772,14
108754,108773,15
108755,108778,13
108756,108780,15
108757,108781,13
108758,108782,11
108759,108782,12
108760,108783,11
108761,108784,11
108762,108785,14
108763,108785,13
108764,108786,13
108765,108786,14
108766,108788,15
108767,108789,11
108768,108789,15
108769,108790,14
108770,108790,13
108771,108792,12
108772,108794,14
108773,108796,15
108774,108796,11
108775,108798,13
108776,108798,12
108777,108799,12
108778,108802,13
108779,108802,13
108780,108803,15
108781,108805,11
108782,108805,13
108783,108806,13
108784,108806,14
108785,108807,14
108786,108807,15
108787,108808,14
108788,108809,13
108789,108811,12
108790,108811,15
108791,108812,15
108792,108812,13
108793,108813,14
108794,108813,11
108795,108814,15
108796,108814,11
108797,108815,15
108798,108815,11
108799,108816,12
108800,108817,15
108801,108817,11
108802,108819,11
108803,108820,15
108804,108820,11
108805,108822,12
108806,108825,13
108807,108825,13
108808,108827,13
108809,108828,13
108810,108830,11
108811,108831,15
108812,108831,14
108813,108833,11
108814,108833,13
108815,108834,13
108816,108836,15
108817,108838,12
108818,108838,12
108819,108840,14
108820,108840,15
108821,108841,15
108822,108841,14
108823,108842,15
108824,108842,13
108825,108843,15
108826,108844,12
108827,108846,12
108828,108846,12
108829,108847,15
108830,108848,15
108831,108848,15
108832,108849,12
108833,108851,15
108834,108852,14
108835,108852,12
108836,108853,14
108837,108854,11
108838,108856,14
108839,108856,14
108840,108857,13
108841,108857,13
108842,108859,13
108843,108861,11
108844,108861,14
108845,108862,14
108846,108862,15
108847,108863,11
108848,108863,15
108849,108864,11
108850,108865,11
108851,108866,11
108852,108866,13
108853,108867,12
108854,108867,14
108855,108868,13
108856,108869,13
108857,108870,13
108858,108871,12
108859,108872,12
108860,108872,11
108861,108873,15
108862,108875,12
108863,108875,13
108864,108876,15
108865,108878,11
108866,108880,14
108867,108880,11
108868,108881,15
108869,108883,14
108870,108883,13
108871,108884,15
108872,108884,12
108873,108885,15
108874,108887,11
108875,108888,11
108876,108889,14
108877,108889,14
108878,108893,11
108879,108894,12
108880,108894,11
108881,108895,11
108882,108895,13
108883,108896,12
108884,108897,14
108885,108899,14
108886,108900,12
108887,108900,15
108888,108901,13
108889,108901,14
108890,108902,12
108891,108904,13
108892,108905,15
108893,108905,11
108894,108906,14
108895,108907,11
108896,108907,14
108897,108913,13
108898,108913,15
108899,108914,15
108900,108914,15
108901,108915,15
108902,108916,13
108903,108917,11
108904,108918,15
108905,108918,12
108906,108919,13
108907,108919,14
108908,108921,11
108909,108921,12
108910,108922,13
108911,108923,14
108912,108923,13
108913,108924,11
108914,108924,13
108915,108925,12
108916,108926,13
108917,108929,12
108918,108929,12
108919,108930,13
108920,108930,15
108921,108932,13
108922,108932,12
108923,108933,12
108924,108934,14
108925,108936,12
108926,108936,11
108927,108937,14
108928,108937,11
108929,108938,14
108930,108939,14
108931,108939,12
108932,108940,15
108933,108941,14
108934,108941,14
108935,108942,12
108936,108942,12
108937,108943,11
108938,108945,14
108939,108945,14
108940,108946,13
108941,108946,14
108942,108947,15
108943,108948,15
108944,108952,12
108945,108952,13
108946,108953,11
108947,108953,13
108948,108954,15
108949,108955,15
108950,108955,11
108951,108956,14
108952,108957,11
108953,108957,11
108954,108959,15
108955,108960,12
108956,108962,15
108957,108962,12
108958,108963,15
108959,108963,14
108960,108964,14
108961,108964,15
108962,108965,13
108963,108966,12
108964,108967,12
108965,108967,11
108966,108968,13
108967,108968,13
108968,108969,13
108969,108972,11
108970,108973,15
108971,108973,12
108972,108974,13
108973,108975,12
108974,108975,11
108975,108976,12
108976,108978,14
108977,108979,14
108978,108979,15
108979,108981,15
108980,108982,12
108981,108982,12
108982,108983,14
108983,108983,13
108984,108984,15
108985,108984,15
108986,108985,15
108987,108985,13
108988,108986,15
108989,108986,13
108990,108988,15
108991,108988,15
108992,108989,14
108993,108989,13
108994,108991,13
108995,108992,11
108996,108992,14
108997,108993,14
108998,108996,15
108999,108996,11
109000,108997,15
109001,108997,14
109002,108998,12
109003,108999,12
109004,109000,11
109005,109002,13
109006,109002,15
109007,109003,11
109008,109003,12
109009,109004,11
109010,109004,11
109011,109005,11
109012,109005,12
109013,109006,13
109014,109006,15
109015,109007,12
109016,109008,12
109017,109008,14
109018,109009,15
109019,109009,14
109020,109011,15
109021,109012,12
109022,109013,13
109023,109013,11
109024,109014,12
109025,109015,13
109026,109015,12
109027,109016,15
109028,109016,13
109029,109017,13
109030,109017,11
109031,109018,12
109032,109020,15
109033,109020,15
109034,109021,13
109035,109023,14
109036,109023,15
109037,109026,11
109038,109027,11
109039,109028,11
109040,109028,13
109041,109029,13
109042,109030,11
109043,109031,15
109044,109031,13
109045,109035,14
109046,109037,12
109047,109037,15
109048,109039,14
109049,109040,15
109050,109041,15
109051,109042,11
109052,109042,15
109053,109043,12
109054,109043,13
109055,109044,11
109056,109044,12
109057,109045,15
109058,109046,11
109059,109046,13
109060,109050,13
109061,109051,14
109062,109051,11
109063,109052,12
109064,109053,11
109065,109053,11
109066,109056,12
109067,109056,14
109068,109057,13
109069,109058,12
109070,109060,15
109071,109060,12
109072,109061,11
109073,109061,14
109074,109062,15
109075,109064,11
109076,109064,13
109077,109066,15
109078,109067,12
109079,109070,14
109080,109070,11
109081,109073,15
109082,109073,15
109083,109075,12
109084,109075,12
109085,109077,14
109086,109078,13
109087,109079,15
109088,109079,13
109089,109081,15
109090,109081,12
109091,109082,12
109092,109082,14
109093,109083,15
109094,109083,13
109095,109084,12
109096,109084,15
109097,109085,14
109098,109085,14
109099,109088,15
109100,109088,14
109101,109089,14
109102,109089,13
109103,109090,13
109104,109092,15
109105,109093,13
109106,109094,11
109107,109095,15
109108,109095,13
109109,109096,12
109110,109097,14
109111,109099,13
109112,109101,13
109113,109102,15
109114,109102,15
109115,109104,11
109116,109105,13
109117,109106,13
109118,109107,11
109119,109107,11
109120,109108,11
109121,109112,12
109122,109113,11
109123,109113,11
109124,109115,11
109125,109115,14
109126,109116,11
109127,109116,15
109128,109117,15
109129,109119,11
109130,109120,15
109131,109120,14
109132,109121,12
109133,109121,11
109134,109122,14
109135,109122,13
109136,109125,14
109137,109127,13
109138,109128,12
109139,109128,14
109140,109130,13
109141,109130,13
109142,109131,11
109143,109132,13
109144,109132,15
109145,109133,15
109146,109135,11
109147,109137,15
109148,109137,15
109149,109138,12
109150,109138,13
109151,109139,12
109152,109140,13
109153,109140,11
109154,109142,14
109155,109142,15
109156,109143,12
109157,109143,13
109158,109145,13
109159,109147,14
109160,109148,11
109161,109150,15
109162,109150,11
109163,109151,15
109164,109151,15
109165,109152,12
109166,109153,12
109167,109153,14
109168,109154,11
109169,109154,13
109170,109156,14
109171,109157,13
109172,109157,12
109173,109158,14
109174,109158,15
109175,109161,11
109176,109161,15
109177,109164,14
109178,109166,12
109179,109166,13
109180,109167,11
109181,109168,12
109182,109168,13
109183,109171,13
109184,109173,15
109185,109173,14
109186,109174,15
109187,109177,12
109188,109177,11
109189,109178,15
109190,109179,12
109191,109181,11
109192,109181,15
109193,109182,15
109194,109183,14
109195,109183,13
109196,109186,15
109197,109186,13
109198,109188,13
109199,109189,14
109200,109190,13
109201,109190,15
109202,109191,14
109203,109191,12
109204,109193,14
109205,109194,15
109206,109194,14
109207,109195,13
109208,109195,13
109209,109196,14
109210,109196,14
109211,109199,13
109212,109199,14
109213,109200,14
109214,109200,13
109215,109201,12
109216,109201,11
109217,109203,13
109218,109203,15
109219,109205,11
109220,109205,11
109221,109206,11
109222,109206,13
109223,109207,11
109224,109209,12
109225,109209,14
109226,109215,13
109227,109216,12
109228,109216,13
109229,109217,11
109230,109217,15
109231,109218,15
109232,109218,14
109233,109219,11
109234,109220,14
109235,109220,13
109236,109221,12
109237,109221,12
109238,109222,14
109239,109224,11
109240,109224,14
109241,109225,11
109242,109226,11
109243,109227,14
109244,109228,14
109245,109228,12
109246,109229,12
109247,109229,14
109248,109231,13
109249,109232,15
109250,109232,11
109251,109233,15
109252,109233,11
109253,109234,14
109254,109234,15
109255,109236,13
109256,109236,15
109257,109237,15
109258,109237,15
109259,109241,15
109260,109245,14
109261,109246,15
109262,109249,11
109263,109249,13
109264,109251,12
109265,109252,13
109266,109253,11
109267,109253,11
109268,109254,15
109269,109257,13
109270,109257,12
109271,109259,12
109272,109259,12
109273,109260,15
109274,109260,14
109275,109261,13
109276,109265,11
109277,109266,12
109278,109267,11
109279,109267,13
109280,109268,11
109281,109269,13
109282,109270,12
109283,109270,13
109284,109272,13
109285,109272,14
109286,109273,15
109287,109273,11
109288,109274,12
109289,109274,12
109290,109276,15
109291,109276,13
109292,109278,12
109293,109280,11
109294,109280,11
109295,109281,12
109296,109281,14
109297,109282,13
109298,109284,11
109299,109285,15
109300,109286,13
109301,109286,11
109302,109288,11
109303,109288,13
109304,109291,11
109305,109291,13
109306,109292,12
109307,109292,14
109308,109293,14
109309,109294,15
109310,109295,11
109311,109297,15
109312,109297,11
109313,109298,12
109314,109299,15
109315,109299,12
109316,109300,13
109317,109301,14
109318,109301,11
109319,109302,12
109320,109304,12
109321,109305,15
109322,109306,14
109323,109306,11
109324,109307,11
109325,109307,14
109326,109308,14
109327,109308,15
109328,109314,12
109329,109314,11
109330,109315,13
109331,109316,11
109332,109317,11
109333,109317,14
109334,109319,13
109335,109319,13
109336,109321,12
109337,109323,14
109338,109324,15
109339,109324,12
109340,109325,15
109341,109326,11
109342,109326,13
109343,109329,14
109344,109329,12
109345,109333,14
109346,109333,11
109347,109336,15
109348,109337,13
109349,109339,14
109350,109339,14
109351,109341,12
109352,109342,14
109353,109342,12
109354,109345,11
109355,109345,15
109356,109346,12
109357,109347,15
109358,109347,11
109359,109348,15
109360,109348,14
109361,109349,14
109362,109351,13
109363,109351,12
109364,109352,13
109365,109353,14
109366,109354,12
109367,109355,11
109368,109356,15
109369,109356,14
109370,109357,12
109371,109358,15
109372,109359,15
109373,109360,13
109374,109361,13
109375,109365,14
109376,109365,11
109377,109366,13
109378,109366,15
109379,109367,14
109380,109369,14
109381,109370,13
109382,109371,14
109383,109373,14
109384,109374,15
109385,109376,13
109386,109376,13
109387,109378,14
109388,109378,14
109389,109379,11
109390,109379,14
109391,109380,15
109392,109380,11
109393,109382,13
109394,109384,12
109395,109387,12
109396,109388,11
109397,109388,12
109398,109389,15
109399,109391,11
109400,109391,14
109401,109394,12
109402,109394,12
109403,109396,11
109404,109396,14
109405,109397,12
109406,109397,11
109407,109398,11
109408,109400,12
109409,109400,11
109410,109403,13
109411,109404,15
109412,109404,13
109413,109405,15
109414,109406,11
109415,109408,11
109416,109409,15
109417,109409,13
109418,109411,15
109419,109411,15
109420,109413,14
109421,109413,11
109422,109417,14
109423,109417,13
109424,109418,11
109425,109420,14
109426,109420,14
109427,109422,11
109428,109423,14
109429,109424,14
109430,109424,15
109431,109425,11
109432,109426,12
109433,109426,11
109434,109427,15
109435,109427,12
109436,109429,12
109437,109432,11
109438,109432,12
109439,109434,15
109440,109435,15
109441,109435,14
109442,109436,12
109443,109436,14
109444,109437,12
109445,109437,14
109446,109438,14
109447,109438,14
109448,109439,15
109449,109442,11
109450,109442,12
109451,109443,15
109452,109443,13
109453,109445,12
109454,109445,14
109455,109446,15
109456,109447,11
109457,109448,12
109458,109449,14
109459,109450,15
109460,109451,12
109461,109452,15
109462,109452,15
109463,109455,13
109464,109456,15
109465,109457,15
109466,109458,15
109467,109459,11
109468,109460,14
109469,109460,11
109470,109465,12
109471,109466,11
109472,109466,15
109473,109467,14
109474,109467,15
109475,109468,13
109476,109468,11
109477,109470,11
109478,109471,13
109479,109472,14
109480,109473,15
109481,109476,14
109482,109477,11
109483,109478,15
109484,109478,12
109485,109481,15
109486,109482,12
109487,109482,11
109488,109487,11
109489,109489,14
109490,109490,14
109491,109490,15
109492,109494,13
109493,109494,15
109494,109495,12
109495,109495,14
109496,109496,12
109497,109497,12
109498,109498,13
109499,109499,12
109500,109500,13
109501,109500,12
109502,109501,13
109503,109501,12
109504,109502,15
109505,109503,12
109506,109503,11
109507,109504,13
109508,109504,11
109509,109506,13
109510,109506,11
109511,109507,11
109512,109509,13
109513,109509,13
109514,109510,11
109515,109511,14
109516,109512,13
109517,109513,14
109518,109513,14
109519,109515,15
109520,109515,12
109521,109516,14
109522,109516,12
109523,109517,11
109524,109517,12
109525,109518,15
109526,109518,11
109527,109519,15
109528,109520,13
109529,109520,11
109530,109525,12
109531,109525,12
109532,109526,12
109533,109526,15
109534,109528,15
109535,109529,14
109536,109530,11
109537,109531,11
109538,109531,14
109539,109532,13
109540,109533,14
109541,109533,14
109542,109535,15
109543,109535,11
109544,109537,13
109545,109538,11
109546,109539,13
109547,109541,14
109548,109542,14
109549,109543,12
109550,109543,12
109551,109544,13
109552,109545,11
109553,109546,15
109554,109547,12
109555,109548,13
109556,109548,14
109557,109549,11
109558,109550,14
109559,109554,14
109560,109554,14
109561,109555,11
109562,109557,15
109563,109558,15
109564,109559,14
109565,109559,13
109566,109560,11
109567,109561,13
109568,109562,13
109569,109564,14
109570,109565,13
109571,109568,11
109572,109569,15
109573,109570,12
109574,109571,13
109575,109571,11
109576,109573,14
109577,109573,11
109578,109574,12
109579,109575,15
109580,109577,11
109581,109577,13
109582,109580,15
109583,109580,15
109584,109584,15
109585,109584,11
109586,109586,15
109587,109586,11
109588,109587,14
109589,109588,12
109590,109588,15
109591,109589,11
109592,109593,15
109593,109596,15
109594,109597,11
109595,109597,14
109596,109599,11
109597,109599,11
109598,109600,13
109599,109601,14
109600,109601,15
109601,109602,11
109602,109602,11
109603,109603,13
109604,109603,14
109605,109604,15
109606,109604,14
109607,109607,11
109608,109609,15
109609,109609,11
109610,109610,11
109611,109610,14
109612,109611,14
109613,109612,14
109614,109612,14
109615,109613,11
109616,109613,12
109617,109616,12
109618,109617,11
109619,109618,11
109620,109619,14
109621,109621,12
109622,109623,13
109623,109624,11
109624,109625,13
109625,109630,12
109626,109631,15
109627,109631,13
109628,109632,15
109629,109633,14
109630,109634,12
109631,109634,12
109632,109635,12
109633,109638,15
109634,109638,15
109635,109639,13
109636,109640,11
109637,109642,13
109638,109643,14
109639,109643,12
109640,109645,11
109641,109648,14
109642,109650,14
109643,109651,11
109644,109651,13
109645,109653,11
109646,109654,14
109647,109654,13
109648,109657,11
109649,109657,15
109650,109658,12
109651,109658,11
109652,109659,14
109653,109660,11
109654,109660,12
109655,109661,12
109656,109661,14
109657,109662,11
109658,109666,12
109659,109669,13
109660,109670,14
109661,109671,14
109662,109671,15
109663,109673,14
109664,109673,11
109665,109674,12
109666,109674,12
109667,109675,13
109668,109675,12
109669,109678,15
109670,109678,12
109671,109679,13
109672,109679,15
109673,109680,14
109674,109681,15
109675,109682,12
109676,109684,15
109677,109687,15
109678,109688,12
109679,109689,15
109680,109689,14
109681,109690,15
109682,109691,15
109683,109691,12
109684,109692,13
109685,109694,13
109686,109695,11
109687,109695,15
109688,109698,11
109689,109701,15
109690,109702,15
109691,109702,11
109692,109705,15
109693,109705,13
109694,109706,15
109695,109707,13
109696,109707,11
109697,109710,11
109698,109711,12
109699,109711,12
109700,109715,14
109701,109715,13
109702,109716,13
109703,109716,13
109704,109717,15
109705,109718,12
109706,109719,11
109707,109720,14
109708,109720,11
109709,109721,12
109710,109721,12
109711,109722,15
109712,109723,12
109713,109723,14
109714,109724,12
109715,109724,15
109716,109725,13
109717,109727,14
109718,109728,12
109719,109728,11
109720,109729,11
109721,109729,12
109722,109731,14
109723,109731,13
109724,109732,15
109725,109733,15
109726,109734,11
109727,109734,11
109728,109735,14
109729,109735,11
109730,109736,11
109731,109736,15
109732,109737,13
109733,109737,12
109734,109739,14
109735,109739,12
109736,109741,12
109737,109742,13
109738,109742,11
109739,109743,12
109740,109744,15
109741,109745,15
109742,109745,14
109743,109747,13
109744,109747,14
109745,109750,15
109746,109750,14
109747,109751,14
109748,109752,14
109749,109752,15
109750,109754,14
109751,109754,13
109752,109755,15
109753,109755,11
109754,109757,14
109755,109758,12
109756,109758,11
109757,109759,13
109758,109759,14
109759,109761,12
109760,109762,15
109761,109763,14
109762,109763,11
109763,109764,12
109764,109765,15
109765,109766,13
109766,109767,15
109767,109767,14
109768,109768,12
109769,109768,13
109770,109769,15
109771,109769,15
109772,109770,13
109773,109770,15
109774,109771,12
109775,109771,15
109776,109773,14
109777,109774,11
109778,109774,14
109779,109776,12
109780,109776,11
109781,109777,11
109782,109777,14
109783,109780,12
109784,109780,14
109785,109781,15
109786,109782,15
109787,109783,14
109788,109785,14
109789,109786,11
109790,109786,13
109791,109787,13
109792,109787,11
109793,109788,15
109794,109788,12
109795,109789,15
109796,109789,13
109797,109790,12
109798,109791,11
109799,109791,12
109800,109792,12
109801,109794,12
109802,109795,11
109803,109796,15
109804,109797,13
109805,109797,15
109806,109798,15
109807,109798,14
109808,109800,13
109809,109800,15
109810,109801,12
109811,109801,15
109812,109802,13
109813,109804,13
109814,109804,14
109815,109805,13
109816,109805,12
109817,109807,12
109818,109807,13
109819,109808,13
109820,109808,15
109821,109809,15
109822,109810,14
109823,109811,14
109824,109811,11
109825,109813,14
109826,109813,12
109827,109814,13
109828,109815,15
109829,109815,12
109830,109816,12
109831,109816,13
109832,109818,12
109833,109818,13
109834,109819,15
109835,109820,13
109836,109821,12
109837,109821,14
109838,109824,15
109839,109825,12
109840,109827,13
109841,109827,14
109842,109830,12
109843,109830,12
109844,109831,15
109845,109831,15
109846,109833,13
109847,109833,15
109848,109835,13
109849,109837,13
109850,109838,11
109851,109838,13
109852,109839,15
109853,109840,13
109854,109841,11
109855,109841,12
109856,109843,11
109857,109843,13
109858,109844,13
109859,109844,13
109860,109845,13
109861,109845,12
109862,109846,12
109863,109848,13
109864,109849,15
109865,109851,14
109866,109854,13
109867,109855,15
109868,109855,14
109869,109856,15
109870,109856,15
109871,109857,13
109872,109858,11
109873,109862,12
109874,109862,13
109875,109865,11
109876,109866,15
109877,109866,12
109878,109867,15
109879,109867,15
109880,109870,12
109881,109870,13
109882,109871,11
109883,109872,12
109884,109872,12
109885,109874,13
109886,109876,13
109887,109876,15
109888,109877,15
109889,109880,14
109890,109881,14
109891,109885,12
109892,109885,11
109893,109886,12
109894,109886,14
109895,109887,11
109896,109887,14
109897,109888,13
109898,109888,15
109899,109892,14
109900,109893,13
109901,109893,15
109902,109894,12
109903,109894,13
109904,109896,12
109905,109896,11
109906,109897,12
109907,109898,13
109908,109898,11
109909,109899,13
109910,109900,14
109911,109902,13
109912,109902,12
109913,109904,15
109914,109904,15
109915,109905,15
109916,109907,14
109917,109907,14
109918,109908,11
109919,109908,13
109920,109909,14
109921,109910,12
109922,109910,12
109923,109911,13
109924,109911,14
109925,109913,13
109926,109914,15
109927,109914,14
109928,109915,11
109929,109916,11
109930,109916,11
109931,109919,15
109932,109920,11
109933,109921,11
109934,109921,15
109935,109923,12
109936,109923,14
109937,109925,14
109938,109926,14
109939,109926,15
109940,109928,13
109941,109929,15
109942,109929,11
109943,109930,13
109944,109930,11
109945,109931,15
109946,109933,14
109947,109934,14
109948,109935,11
109949,109935,14
109950,109936,14
109951,109937,13
109952,109940,13
109953,109940,13
109954,109941,15
109955,109941,11
109956,109944,11
109957,109944,13
109958,109945,13
109959,109946,13
109960,109946,13
109961,109947,11
109962,109947,15
109963,109949,15
109964,109950,14
109965,109950,15
109966,109951,12
109967,109951,12
109968,109952,12
109969,109952,15
109970,109954,11
109971,109954,14
109972,109957,11
109973,109957,11
109974,109958,11
109975,109959,11
109976,109959,13
109977,109960,13
109978,109961,13
109979,109961,12
109980,109963,14
109981,109963,11
109982,109964,13
109983,109964,11
109984,109965,13
109985,109966,12
109986,109966,12
109987,109967,14
109988,109968,15
109989,109968,15
109990,109971,11
109991,109972,15
109992,109975,13
109993,109975,13
109994,109977,15
109995,109977,14
109996,109980,14
109997,109981,14
109998,109982,12
109999,109982,15
110000,109983,14
110001,109983,14
110002,109984,13
110003,109985,13
110004,109985,14
110005,109987,13
110006,109987,12
110007,109988,12
110008,109988,14
110009,109991,13
110010,109991,15
110011,109993,12
110012,109994,12
110013,109996,12
110014,109997,14
110015,109997,15
110016,109998,15
110017,109998,11
110018,109999,11
110019,109999,12
110020,110000,12
110021,110003,12
110022,110006,15
110023,110006,14
110024,110008,12
110025,110009,13
110026,110009,11
110027,110010,13
110028,110010,13
110029,110013,15
110030,110014,13
110031,110016,15
110032,110016,15
110033,110017,11
110034,110018,11
110035,110018,15
110036,110019,11
110037,110019,14
110038,110020,13
110039,110023,15
110040,110024,13
110041,110025,12
110042,110025,11
110043,110027,14
110044,110027,11
110045,110028,12
110046,110028,11
110047,110031,12
110048,110031,15
110049,110032,14
110050,110033,15
110051,110035,11
110052,110035,11
110053,110037,13
110054,110038,12
110055,110038,14
110056,110039,15
110057,110040,13
110058,110040,14
110059,110041,13
110060,110041,13
110061,110042,13
110062,110043,15
110063,110045,13
110064,110045,13
110065,110046,14
110066,110047,13
110067,110047,13
110068,110048,14
110069,110052,14
110070,110053,13
110071,110055,13
110072,110058,15
110073,110058,13
110074,110059,12
110075,110059,14
110076,110060,12
110077,110060,13
110078,110061,14
110079,110062,12
110080,110062,12
110081,110063,13
110082,110063,14
110083,110067,13
110084,110069,13
110085,110069,11
110086,110071,14
110087,110073,12
110088,110073,11
110089,110075,15
110090,110075,11
110091,110078,14
110092,110078,13
110093,110080,14
110094,110080,15
110095,110082,15
110096,110083,13
110097,110084,15
110098,110084,11
110099,110086,15
110100,110087,13
110101,110087,14
110102,110091,15
110103,110091,15
110104,110092,15
110105,110092,11
110106,110093,15
110107,110093,11
110108,110095,14
110109,110095,12
110110,110096,13
110111,110097,14
110112,110097,15
110113,110098,14
110114,110100,13
110115,110104,11
110116,110104,15
110117,110105,14
110118,110105,13
110119,110106,14
110120,110106,13
110121,110108,15
110122,110109,12
110123,110110,11
110124,110111,14
110125,110113,14
110126,110113,11
110127,110115,13
110128,110115,12
110129,110116,13
110130,110117,14
110131,110117,15
110132,110118,14
110133,110119,12
110134,110119,14
110135,110120,14
110136,110121,12
110137,110122,13
110138,110122,13
110139,110123,15
110140,110124,14
110141,110124,11
110142,110126,13
110143,110127,14
110144,110127,12
110145,110128,12
110146,110128,15
110147,110129,15
110148,110129,12
110149,110130,15
110150,110131,14
110151,110132,13
110152,110132,11
110153,110133,15
110154,110133,15
110155,110134,12
110156,110135,13
110157,110135,12
110158,110139,14
110159,110140,15
110160,110141,14
110161,110143,14
110162,110145,15
110163,110145,14
110164,110147,11
110165,110147,14
110166,110149,15
110167,110149,14
110168,110151,12
110169,110151,15
110170,110153,11
110171,110154,13
110172,110155,14
110173,110156,15
110174,110156,12
110175,110158,11
110176,110160,11
110177,110164,11
110178,110165,15
110179,110166,12
110180,110167,12
110181,110168,15
110182,110169,14
110183,110171,15
110184,110174,12
110185,110174,14
110186,110175,11
110187,110176,14
110188,110176,12
110189,110178,11
110190,110178,14
110191,110180,13
110192,110180,11
110193,110183,15
110194,110183,13
110195,110184,11
110196,110185,11
110197,110185,11
110198,110187,12
110199,110187,15
110200,110188,14
110201,110189,12
110202,110190,13
110203,110191,15
110204,110191,14
110205,110194,11
110206,110197,13
110207,110198,14
110208,110198,11
110209,110199,13
110210,110199,11
110211,110201,14
110212,110202,14
110213,110203,13
110214,110204,14
110215,110206,14
110216,110206,13
110217,110207,12
110218,110207,12
110219,110210,12
110220,110210,15
110221,110211,12
110222,110211,14
110223,110212,13
110224,110212,11
110225,110213,13
110226,110213,11
110227,110214,13
110228,110215,13
110229,110216,11
110230,110217,15
110231,110218,11
110232,110219,13
110233,110222,12
110234,110222,14
110235,110223,15
110236,110224,11
110237,110225,13
110238,110225,13
110239,110226,15
110240,110226,11
110241,110227,13
110242,110229,12
110243,110230,14
110244,110231,12
110245,110231,13
110246,110233,13
110247,110233,12
110248,110234,12
110249,110235,12
110250,110236,11
110251,110236,13
110252,110237,13
110253,110239,12
110254,110241,13
110255,110241,15
110256,110243,12
110257,110243,11
110258,110244,11
110259,110246,12
110260,110246,14
110261,110247,14
110262,110247,15
110263,110249,14
110264,110250,11
110265,110250,14
110266,110252,11
110267,110252,15
110268,110253,15
110269,110253,13
110270,110258,11
110271,110259,12
110272,110259,13
110273,110261,14
110274,110263,12
110275,110264,11
110276,110264,15
110277,110267,11
110278,110267,13
110279,110270,12
110280,110270,11
110281,110272,13
110282,110273,14
110283,110273,15
110284,110274,12
110285,110275,13
110286,110275,15
110287,110276,15
110288,110276,14
110289,110277,12
110290,110278,12
110291,110278,12
110292,110279,12
110293,110279,13
110294,110280,13
110295,110280,11
110296,110282,14
110297,110283,12
110298,110283,14
110299,110284,15
110300,110286,15
110301,110286,12
110302,110287,11
110303,110288,14
110304,110290,12
110305,110291,12
110306,110292,11
110307,110292,11
110308,110293,13
110309,110295,12
110310,110295,11
110311,110296,15
110312,110296,12
110313,110297,11
110314,110297,15
110315,110300,13
110316,110301,12
110317,110302,11
110318,110302,15
110319,110303,13
110320,110305,11
110321,110308,12
110322,110310,14
110323,110311,13
110324,110312,12
110325,110312,13
110326,110313,13
110327,110313,14
110328,110314,12
110329,110315,14
110330,110316,15
110331,110317,13
110332,110317,12
110333,110318,11
110334,110318,12
110335,110319,11
110336,110320,15
110337,110320,12
110338,110321,15
110339,110321,15
110340,110322,13
110341,110323,15
110342,110323,15
110343,110326,11
110344,110327,14
110345,110330,11
110346,110331,12
110347,110331,13
110348,110332,12
110349,110332,15
110350,110333,13
110351,110334,15
110352,110334,13
110353,110335,15
110354,110335,12
110355,110338,14
110356,110339,13
110357,110340,12
110358,110340,11
110359,110341,14
110360,110343,14
110361,110344,11
110362,110344,11
110363,110347,11
110364,110347,15
110365,110349,15
110366,110351,15
110367,110352,15
110368,110352,14
110369,110353,13
110370,110354,12
110371,110356,11
110372,110356,12
110373,110358,11
110374,110359,13
110375,110360,14
110376,110361,11
110377,110362,15
110378,110363,13
110379,110364,12
110380,110365,11
110381,110366,14
110382,110367,15
110383,110367,13
110384,110368,12
110385,110369,13
110386,110369,13
110387,110372,13
110388,110372,14
110389,110375,14
110390,110377,12
110391,110378,11
110392,110379,13
110393,110379,11
110394,110380,13
110395,110380,11
110396,110381,15
110397,110382,12
110398,110383,12
110399,110383,15
110400,110385,11
110401,110386,11
110402,110388,11
110403,110389,15
110404,110390,12
110405,110391,13
110406,110392,12
110407,110392,15
110408,110394,11
110409,110398,14
110410,110398,13
110411,110400,14
110412,110401,15
110413,110401,12
110414,110403,11
110415,110404,11
110416,110404,12
110417,110405,13
110418,110405,14
110419,110406,12
110420,110406,13
110421,110408,15
110422,110408,15
110423,110411,11
110424,110412,14
110425,110413,14
110426,110413,12
110427,110415,11
110428,110417,14
110429,110417,13
110430,110419,13
110431,110420,14
110432,110420,13
110433,110425,12
110434,110427,14
110435,110427,15
110436,110428,11
110437,110428,13
110438,110430,14
110439,110432,11
110440,110433,14
110441,110435,13
110442,110438,12
110443,110439,12
110444,110440,11
110445,110440,13
110446,110441,15
110447,110441,11
110448,110442,13
110449,110442,11
110450,110443,11
110451,110443,11
110452,110444,15
110453,110444,11
110454,110446,13
110455,110446,11
110456,110448,15
110457,110449,15
110458,110450,12
110459,110451,14
110460,110451,15
110461,110452,14
110462,110452,13
110463,110454,15
110464,110454,12
110465,110455,14
110466,110458,15
110467,110459,11
110468,110460,11
110469,110461,11
110470,110461,11
110471,110464,15
110472,110464,13
110473,110465,13
110474,110465,11
110475,110466,14
110476,110466,11
110477,110467,15
110478,110469,12
110479,110469,11
110480,110470,11
110481,110474,13
110482,110475,11
110483,110475,15
110484,110476,11
110485,110476,14
110486,110479,15
110487,110479,13
110488,110484,13
110489,110486,12
110490,110488,15
110491,110490,13
110492,110492,12
110493,110492,11
110494,110493,11
110495,110493,11
110496,110494,13
110497,110494,11
110498,110495,14
110499,110497,11
110500,110497,15
110501,110498,12
110502,110499,11
110503,110500,13
110504,110500,11
110505,110501,14
110506,110501,15
110507,110502,11
110508,110503,11
110509,110503,13
110510,110504,15
110511,110504,12
110512,110506,13
110513,110508,12
110514,110509,11
110515,110509,15
110516,110510,15
110517,110510,14
110518,110513,13
110519,110516,12
110520,110516,11
110521,110518,12
110522,110518,15
110523,110519,13
110524,110519,11
110525,110520,12
110526,110521,12
110527,110521,12
110528,110522,11
110529,110522,15
110530,110523,12
110531,110525,11
110532,110528,14
110533,110530,11
110534,110531,15
110535,110534,12
110536,110535,15
110537,110535,11
110538,110537,11
110539,110537,13
110540,110538,14
110541,110540,11
110542,110540,12
110543,110541,15
110544,110541,15
110545,110543,12
110546,110544,14
110547,110544,13
110548,110546,13
110549,110546,12
110550,110547,11
110551,110547,12
110552,110549,15
110553,110551,14
110554,110552,15
110555,110554,13
110556,110554,13
110557,110555,14
110558,110556,11
110559,110557,12
110560,110558,11
110561,110558,14
110562,110559,11
110563,110563,12
110564,110564,11
110565,110564,15
110566,110565,11
110567,110566,14
110568,110566,15
110569,110567,15
110570,110568,14
110571,110568,12
110572,110569,13
110573,110569,13
110574,110570,14
110575,110572,12
110576,110572,14
110577,110574,14
110578,110578,13
110579,110580,15
110580,110582,12
110581,110585,13
110582,110587,13
110583,110588,14
110584,110588,15
110585,110590,14
110586,110591,11
110587,110593,12
110588,110594,13
110589,110594,12
110590,110595,14
110591,110596,12
110592,110596,14
110593,110597,12
110594,110598,12
110595,110598,12
110596,110599,15
110597,110599,11
110598,110600,14
110599,110601,12
110600,110605,15
110601,110606,14
110602,110607,15
110603,110609,14
110604,110609,11
110605,110611,15
110606,110611,15
110607,110612,11
110608,110613,15
110609,110613,14
110610,110615,13
110611,110615,11
110612,110616,14
110613,110618,12
110614,110619,12
110615,110621,13
110616,110621,11
110617,110622,11
110618,110623,15
110619,110624,13
110620,110624,12
110621,110625,13
110622,110626,11
110623,110628,13
110624,110628,14
110625,110629,15
110626,110632,11
110627,110635,11
110628,110637,12
110629,110638,12
110630,110640,14
110631,110642,15
110632,110643,14
110633,110643,11
110634,110644,13
110635,110644,13
110636,110645,11
110637,110646,12
110638,110647,15
110639,110647,12
110640,110648,12
110641,110649,15
110642,110649,15
110643,110650,15
110644,110650,13
110645,110651,15
110646,110653,13
110647,110653,15
110648,110654,11
110649,110654,11
110650,110655,15
110651,110655,11
110652,110656,13
110653,110656,13
110654,110657,13
110655,110658,15
110656,110658,13
110657,110661,11
110658,110663,12
110659,110663,11
110660,110665,13
110661,110667,11
110662,110668,11
110663,110668,13
110664,110671,12
110665,110671,12
110666,110673,14
110667,110673,13
110668,110674,15
110669,110674,15
110670,110675,11
110671,110676,15
110672,110679,14
110673,110683,15
110674,110683,12
110675,110684,14
110676,110684,11
110677,110687,14
110678,110688,13
110679,110692,13
110680,110693,14
110681,110693,11
110682,110694,12
110683,110694,12
110684,110695,15
110685,110695,15
110686,110696,14
110687,110697,14
110688,110697,12
110689,110698,11
110690,110698,12
110691,110700,14
110692,110702,12
110693,110705,11
110694,110706,14
110695,110708,14
110696,110709,12
110697,110710,15
110698,110712,14
110699,110713,14
110700,110713,12
110701,110715,14
110702,110715,15
110703,110717,11
110704,110718,15
110705,110718,13
110706,110719,12
110707,110720,15
110708,110720,11
110709,110722,11
110710,110723,13
110711,110724,11
110712,110725,12
110713,110726,15
110714,110730,12
110715,110730,11
110716,110731,11
110717,110731,12
110718,110732,14
110719,110734,11
110720,110735,13
110721,110736,15
110722,110736,14
110723,110737,14
110724,110737,13
110725,110738,12
110726,110738,15
110727,110740,11
110728,110741,15
110729,110742,13
110730,110743,12
110731,110744,13
110732,110744,14
110733,110745,14
110734,110745,13
110735,110746,11
110736,110746,11
110737,110747,15
110738,110748,12
110739,110749,14
110740,110749,13
110741,110750,12
110742,110751,11
110743,110752,15
110744,110753,11
110745,110756,12
110746,110756,13
110747,110757,15
110748,110758,15
110749,110758,12
110750,110759,11
110751,110759,11
110752,110761,12
110753,110766,12
110754,110766,13
110755,110768,11
110756,110768,13
110757,110770,13
110758,110775,14
110759,110776,15
110760,110777,15
110761,110778,14
110762,110779,15
110763,110780,13
110764,110780,15
110765,110781,11
110766,110783,15
110767,110783,13
110768,110787,14
110769,110789,12
110770,110789,11
110771,110792,15
110772,110793,14
110773,110794,13
110774,110795,14
110775,110795,14
110776,110796,12
110777,110797,13
110778,110800,11
110779,110800,14
110780,110804,11
110781,110805,14
110782,110807,15
110783,110808,11
110784,110809,15
110785,110810,12
110786,110811,12
110787,110812,14
110788,110812,15
110789,110814,13
110790,110814,14
110791,110815,15
110792,110822,11
110793,110824,15
110794,110825,11
110795,110826,12
110796,110827,14
110797,110828,15
110798,110829,14
110799,110829,15
110800,110830,15
110801,110830,12
110802,110831,11
110803,110832,13
110804,110832,12
110805,110833,11
110806,110834,13
110807,110834,15
110808,110835,12
110809,110835,12
110810,110836,15
110811,110838,13
110812,110838,13
110813,110839,12
110814,110843,13
110815,110845,15
110816,110846,11
110817,110846,13
110818,110847,12
110819,110848,11
110820,110850,14
110821,110850,15
110822,110853,12
110823,110854,12
110824,110854,15
110825,110855,14
110826,110856,11
110827,110858,14
110828,110858,14
110829,110859,14
110830,110859,13
110831,110860,15
110832,110861,15
110833,110861,12
110834,110863,11
110835,110866,15
110836,110866,15
110837,110868,11
110838,110868,15
110839,110870,11
110840,110870,12
110841,110871,15
110842,110871,11
110843,110872,12
110844,110872,13
110845,110874,12
110846,110875,12
110847,110875,13
110848,110876,14
110849,110876,12
110850,110879,13
110851,110880,14
110852,110880,12
110853,110881,11
110854,110881,15
110855,110884,12
110856,110885,11
110857,110885,15
110858,110887,11
110859,110889,11
110860,110890,12
110861,110893,15
110862,110897,15
110863,110898,11
110864,110899,15
110865,110904,15
110866,110904,12
110867,110905,15
110868,110906,13
110869,110906,12
110870,110907,15
110871,110908,15
110872,110911,13
110873,110911,13
110874,110913,13
110875,110919,12
110876,110920,15
110877,110920,14
110878,110921,12
110879,110922,13
110880,110923,13
110881,110923,12
110882,110924,13
110883,110924,15
110884,110925,11
110885,110926,11
110886,110926,12
110887,110927,13
110888,110930,13
110889,110930,15
110890,110932,12
110891,110932,11
110892,110934,15
110893,110934,12
110894,110936,11
110895,110937,15
110896,110939,12
110897,110939,12
110898,110942,12
110899,110942,11
110900,110945,15
110901,110946,12
110902,110946,13
110903,110947,13
110904,110948,12
110905,110948,13
110906,110949,14
110907,110950,14
110908,110950,13
110909,110951,15
110910,110951,12
110911,110952,11
110912,110954,15
110913,110954,14
110914,110955,11
110915,110956,11
110916,110957,15
110917,110957,14
110918,110958,12
110919,110958,12
110920,110960,15
110921,110960,13
110922,110961,15
110923,110963,14
110924,110965,11
110925,110966,14
110926,110966,13
110927,110967,14
110928,110967,15
110929,110969,14
110930,110970,14
110931,110970,13
110932,110971,13
110933,110971,12
110934,110972,14
110935,110972,11
110936,110973,13
110937,110973,14
110938,110975,14
110939,110975,11
110940,110976,12
110941,110976,13
110942,110977,14
110943,110978,11
110944,110979,11
110945,110980,14
110946,110980,15
110947,110981,11
110948,110981,13
110949,110982,11
110950,110982,14
110951,110985,15
110952,110986,15
110953,110987,12
110954,110987,14
110955,110988,13
110956,110989,13
110957,110989,11
110958,110992,15
110959,110992,15
110960,110993,15
110961,110993,14
110962,110994,13
110963,110994,15
110964,110996,12
110965,110998,12
110966,110998,15
110967,110999,12
110968,110999,13
110969,111000,14
110970,111001,13
110971,111002,11
110972,111003,15
110973,111004,12
110974,111004,15
110975,111006,11
110976,111007,12
110977,111007,13
110978,111008,12
110979,111008,11
110980,111009,15
110981,111010,14
110982,111010,14
110983,111011,15
110984,111011,11
110985,111012,15
110986,111012,14
110987,111013,13
110988,111013,13
110989,111014,13
110990,111014,12
110991,111015,15
110992,111015,13
110993,111017,12
110994,111018,13
110995,111019,15
110996,111019,14
110997,111022,14
110998,111023,12
110999,111023,12
111000,111024,14
111001,111024,15
111002,111027,15
111003,111029,11
111004,111029,11
111005,111031,12
111006,111031,11
111007,111032,11
111008,111033,14
111009,111033,11
111010,111035,11
111011,111035,14
111012,111036,11
111013,111037,13
111014,111037,12
111015,111039,13
111016,111039,11
111017,111040,11
111018,111042,11
111019,111043,14
111020,111043,15
111021,111044,12
111022,111044,15
111023,111045,15
111024,111045,13
111025,111046,13
111026,111046,14
111027,111047,14
111028,111049,11
111029,111050,13
111030,111050,14
111031,111051,14
111032,111051,13
111033,111052,12
111034,111053,14
111035,111054,12
111036,111054,13
111037,111055,12
111038,111057,14
111039,111057,14
111040,111058,11
111041,111061,15
111042,111061,11
111043,111063,11
111044,111063,14
111045,111064,11
111046,111064,12
111047,111065,15
111048,111065,14
111049,111067,11
111050,111067,14
111051,111068,11
111052,111068,12
111053,111069,14
111054,111071,12
111055,111072,15
111056,111072,12
111057,111073,11
111058,111073,13
111059,111074,14
111060,111075,13
111061,111076,13
111062,111076,14
111063,111077,12
111064,111080,14
111065,111080,13
111066,111081,12
111067,111082,13
111068,111084,12
111069,111085,11
111070,111086,14
111071,111086,12
111072,111087,14
111073,111087,12
111074,111088,13
111075,111089,12
111076,111090,15
111077,111092,15
111078,111092,15
111079,111093,11
111080,111094,13
111081,111094,12
111082,111098,14
111083,111098,13
111084,111100,15
111085,111100,15
111086,111101,15
111087,111102,13
111088,111103,11
111089,111103,11
111090,111104,12
111091,111105,15
111092,111105,11
111093,111106,14
111094,111107,12
111095,111107,14
111096,111109,12
111097,111109,13
111098,111110,11
111099,111110,11
111100,111111,15
111101,111112,14
111102,111112,12
111103,111113,14
111104,111114,13
111105,111116,14
111106,111119,15
111107,111119,13
111108,111123,15
111109,111124,11
111110,111124,11
111111,111125,13
111112,111127,13
111113,111127,15
111114,111128,13
111115,111128,14
111116,111132,13
111117,111137,13
111118,111140,13
111119,111146,13
111120,111147,12
111121,111148,11
111122,111150,11
111123,111150,11
111124,111151,14
111125,111152,12
111126,111153,15
111127,111155,13
111128,111155,11
111129,111156,14
111130,111157,13
111131,111158,13
111132,111159,12
111133,111159,14
111134,111160,11
111135,111160,12
111136,111161,13
111137,111161,13
111138,111162,15
111139,111162,11
111140,111163,14
111141,111163,14
111142,111164,11
111143,111164,11
111144,111165,11
111145,111165,15
111146,111167,14
111147,111167,11
111148,111170,11
111149,111171,11
111150,111171,11
111151,111172,12
111152,111173,12
111153,111174,11
111154,111174,13
111155,111175,11
111156,111175,12
111157,111176,14
111158,111177,13
111159,111177,15
111160,111178,15
111161,111179,15
111162,111181,13
111163,111182,15
111164,111182,15
111165,111183,14
111166,111184,13
111167,111184,15
111168,111187,14
111169,111188,12
111170,111188,15
111171,111189,14
111172,111189,13
111173,111191,13
111174,111191,15
111175,111192,12
111176,111193,13
111177,111194,12
111178,111195,11
111179,111196,13
111180,111196,13
111181,111198,13
111182,111198,12
111183,111199,14
111184,111199,14
111185,111200,12
111186,111203,12
111187,111204,13
111188,111205,15
111189,111205,12
111190,111207,11
111191,111208,14
111192,111208,13
111193,111211,12
111194,111211,11
111195,111212,11
111196,111212,15
111197,111213,13
111198,111213,14
111199,111215,14
111200,111216,11
111201,111218,11
111202,111218,12
111203,111219,15
111204,111221,12
111205,111222,13
111206,111223,13
111207,111225,15
111208,111225,15
111209,111226,11
111210,111226,11
111211,111228,11
111212,111229,14
111213,111229,12
111214,111230,11
111215,111230,11
111216,111231,12
111217,111232,14
111218,111232,15
111219,111235,15
111220,111236,12
111221,111237,12
111222,111238,14
111223,111239,15
111224,111239,14
111225,111240,13
111226,111240,13
111227,111241,13
111228,111243,15
111229,111245,15
111230,111245,15
111231,111246,14
111232,111248,12
111233,111251,13
111234,111251,12
111235,111252,14
111236,111253,13
111237,111254,11
111238,111254,12
111239,111255,12
111240,111255,13
111241,111256,14
111242,111257,11
111243,111259,14
111244,111259,12
111245,111260,14
111246,111260,11
111247,111261,13
111248,111261,15
111249,111262,12
111250,111263,15
111251,111263,13
111252,111266,14
111253,111266,11
111254,111267,14
111255,111269,12
111256,111269,15
111257,111271,13
111258,111273,15
111259,111275,15
111260,111276,11
111261,111277,14
111262,111277,11
111263,111279,15
111264,111281,12
111265,111282,11
111266,111285,14
111267,111286,14
111268,111286,11
111269,111288,11
111270,111288,13
111271,111289,12
111272,111289,13
111273,111291,14
111274,111291,11
111275,111292,15
111276,111293,14
111277,111293,11
111278,111294,12
111279,111294,15
111280,111296,15
111281,111297,15
111282,111301,15
111283,111302,15
111284,111304,13
111285,111304,12
111286,111305,11
111287,111305,15
111288,111306,12
111289,111307,11
111290,111308,14
111291,111309,14
111292,111310,14
111293,111310,11
111294,111311,11
111295,111311,15
111296,111312,12
111297,111314,14
111298,111315,15
111299,111319,15
111300,111321,12
111301,111321,14
111302,111322,13
111303,111322,11
111304,111324,13
111305,111325,15
111306,111329,14
111307,111329,15
111308,111331,15
111309,111331,15
111310,111336,13
111311,111336,11
111312,111337,13
111313,111337,14
111314,111339,11
111315,111340,13
111316,111340,11
111317,111342,12
111318,111342,12
111319,111343,14
111320,111344,13
111321,111345,14
111322,111346,13
111323,111346,15
111324,111349,15
111325,111351,13
111326,111351,12
111327,111352,12
111328,111352,13
111329,111355,15
111330,111356,15
111331,111358,15
111332,111358,14
111333,111359,11
111334,111359,12
111335,111360,11
111336,111361,12
111337,111361,15
111338,111362,15
111339,111363,11
111340,111364,15
111341,111366,14
111342,111367,13
111343,111367,15
111344,111368,13
111345,111368,14
111346,111369,11
111347,111369,15
111348,111371,12
111349,111371,14
111350,111373,11
111351,111374,15
111352,111374,11
111353,111375,11
111354,111377,12
111355,111377,12
111356,111378,15
111357,111379,14
111358,111380,13
111359,111380,12
111360,111381,12
111361,111381,11
111362,111382,11
111363,111383,11
111364,111385,13
111365,111386,13
111366,111386,14
111367,111387,11
111368,111389,14
111369,111389,12
111370,111390,14
111371,111393,11
111372,111393,11
111373,111394,13
111374,111394,11
111375,111395,12
111376,111395,14
111377,111397,15
111378,111397,11
111379,111398,11
111380,111398,12
111381,111400,14
111382,111401,13
111383,111401,14
111384,111404,13
111385,111406,11
111386,111408,14
111387,111408,15
111388,111409,14
111389,111410,13
111390,111411,13
111391,111413,12
111392,111414,14
111393,111414,14
111394,111415,12
111395,111416,13
111396,111418,15
111397,111418,13
111398,111419,12
111399,111419,15
111400,111420,14
111401,111420,12
111402,111421,14
111403,111421,14
111404,111424,15
111405,111424,12
111406,111429,11
111407,111429,14
111408,111432,13
111409,111433,11
111410,111434,15
111411,111434,12
111412,111435,13
111413,111436,13
111414,111436,12
111415,111437,12
111416,111439,11
111417,111440,12
111418,111440,15
111419,111441,14
111420,111442,14
111421,111442,12
111422,111443,12
111423,111443,11
111424,111445,14
111425,111445,12
111426,111446,12
111427,111446,15
111428,111448,12
111429,111448,12
111430,111449,12
111431,111450,13
111432,111451,13
111433,111451,15
111434,111452,14
111435,111453,15
111436,111453,14
111437,111454,11
111438,111454,15
111439,111455,14
111440,111455,12
111441,111456,12
111442,111456,15
111443,111458,15
111444,111459,15
111445,111459,15
111446,111461,13
111447,111461,14
111448,111462,12
111449,111463,14
111450,111463,12
111451,111464,12
111452,111464,15
111453,111465,15
111454,111465,12
111455,111466,11
111456,111466,12
111457,111467,12
111458,111468,12
111459,111469,13
111460,111471,15
111461,111472,14
111462,111477,11
111463,111478,14
111464,111478,13
111465,111479,14
111466,111482,13
111467,111482,14
111468,111483,15
111469,111483,15
111470,111485,12
111471,111486,12
111472,111487,11
111473,111488,12
111474,111489,15
111475,111491,14
111476,111491,15
111477,111492,15
111478,111492,14
111479,111494,11
111480,111496,15
111481,111497,15
111482,111497,11
111483,111498,14
111484,111498,15
111485,111499,12
111486,111500,14
111487,111502,12
111488,111502,13
111489,111503,12
111490,111504,13
111491,111504,13
111492,111507,11
111493,111507,14
111494,111508,15
111495,111509,13
111496,111509,13
111497,111510,15
111498,111512,13
111499,111513,12
111500,111514,12
111501,111514,13
111502,111515,15
111503,111515,11
111504,111517,12
111505,111517,11
111506,111518,11
111507,111519,11
111508,111520,15
111509,111520,12
111510,111522,13
111511,111522,12
111512,111525,13
111513,111525,15
111514,111527,14
111515,111527,15
111516,111529,11
111517,111531,14
111518,111531,14
111519,111532,12
111520,111534,12
111521,111534,13
111522,111535,15
111523,111535,11
111524,111536,15
111525,111538,11
111526,111538,14
111527,111539,13
111528,111540,13
111529,111540,13
111530,111541,14
111531,111541,13
111532,111544,11
111533,111545,11
111534,111545,15
111535,111547,11
111536,111548,12
111537,111549,14
111538,111552,11
111539,111552,13
111540,111553,15
111541,111553,15
111542,111554,11
111543,111554,12
111544,111555,15
111545,111555,15
111546,111558,12
111547,111558,13
111548,111559,13
111549,111559,14
111550,111561,12
111551,111561,13
111552,111563,14
111553,111563,13
111554,111564,14
111555,111566,15
111556,111569,12
111557,111570,14
111558,111571,14
111559,111571,13
111560,111574,14
111561,111574,12
111562,111576,11
111563,111576,13
111564,111577,13
111565,111577,13
111566,111579,15
111567,111579,13
111568,111580,11
111569,111580,15
111570,111583,15
111571,111583,12
111572,111584,11
111573,111584,13
111574,111587,15
111575,111587,14
111576,111588,13
111577,111588,15
111578,111589,12
111579,111590,12
111580,111590,13
111581,111592,12
111582,111593,14
111583,111593,13
111584,111594,15
111585,111594,15
111586,111597,13
111587,111597,14
111588,111598,11
111589,111599,15
111590,111599,13
111591,111600,15
111592,111600,14
111593,111602,11
111594,111602,11
111595,111603,12
111596,111603,14
111597,111604,11
111598,111605,15
111599,111605,14
111600,111606,15
111601,111606,11
111602,111608,14
111603,111608,12
111604,111609,14
111605,111611,11
111606,111611,14
111607,111613,11
111608,111613,12
111609,111614,12
111610,111615,14
111611,111616,14
111612,111617,13
111613,111618,13
111614,111618,14
111615,111619,11
111616,111620,14
111617,111621,11
111618,111622,12
111619,111623,14
111620,111623,13
111621,111624,11
111622,111624,14
111623,111626,11
111624,111627,15
111625,111628,13
111626,111629,11
111627,111629,14
111628,111631,14
111629,111632,12
111630,111632,13
111631,111634,12
111632,111635,12
111633,111635,11
111634,111636,11
111635,111636,14
111636,111637,15
111637,111638,12
111638,111639,13
111639,111640,14
111640,111640,12
111641,111641,15
111642,111642,13
111643,111644,13
111644,111644,13
111645,111645,13
111646,111646,11
111647,111647,13
111648,111647,12
111649,111648,12
111650,111648,12
111651,111649,11
111652,111650,13
111653,111651,14
111654,111652,15
111655,111652,15
111656,111653,12
111657,111653,12
111658,111655,14
111659,111655,12
111660,111656,15
111661,111660,15
111662,111660,12
111663,111662,11
111664,111664,14
111665,111665,11
111666,111666,11
111667,111666,13
111668,111667,14
111669,111671,13
111670,111673,15
111671,111675,12
111672,111675,15
111673,111676,12
111674,111676,11
111675,111680,11
111676,111682,11
111677,111682,11
111678,111683,12
111679,111683,13
111680,111684,13
111681,111684,11
111682,111685,12
111683,111685,15
111684,111686,12
111685,111686,11
111686,111687,11
111687,111688,13
111688,111693,13
111689,111694,12
111690,111698,13
111691,111698,14
111692,111700,14
111693,111701,15
111694,111701,14
111695,111702,11
111696,111702,11
111697,111703,13
111698,111703,14
111699,111705,15
111700,111708,12
111701,111709,14
111702,111709,12
111703,111710,15
111704,111711,15
111705,111712,13
111706,111715,11
111707,111718,12
111708,111718,15
111709,111719,15
111710,111719,14
111711,111720,14
111712,111722,13
111713,111724,11
111714,111724,15
111715,111725,11
111716,111726,12
111717,111726,11
111718,111727,11
111719,111727,14
111720,111728,12
111721,111728,15
111722,111729,11
111723,111729,13
111724,111731,14
111725,111732,15
111726,111733,15
111727,111733,12
111728,111734,12
111729,111735,12
111730,111735,15
111731,111736,14
111732,111737,13
111733,111739,14
111734,111741,12
111735,111744,11
111736,111746,12
111737,111747,15
111738,111747,15
111739,111748,13
111740,111748,13
111741,111749,15
111742,111749,13
111743,111750,14
111744,111751,14
111745,111752,15
111746,111752,13
111747,111753,13
111748,111753,13
111749,111754,14
111750,111754,13
111751,111755,15
111752,111755,15
111753,111756,11
111754,111756,13
111755,111757,13
111756,111757,14
111757,111758,14
111758,111760,15
111759,111761,14
111760,111762,15
111761,111766,15
111762,111766,11
111763,111767,11
111764,111769,13
111765,111772,13
111766,111774,12
111767,111774,13
111768,111775,14
111769,111775,13
111770,111777,12
111771,111777,12
111772,111778,11
111773,111779,15
111774,111779,14
111775,111781,13
111776,111783,11
111777,111784,13
111778,111784,13
111779,111785,14
111780,111787,12
111781,111791,11
111782,111791,15
111783,111793,11
111784,111793,14
111785,111795,13
111786,111795,14
111787,111796,14
111788,111797,11
111789,111798,11
111790,111798,15
111791,111799,12
111792,111803,15
111793,111805,15
111794,111805,15
111795,111807,12
111796,111807,14
111797,111810,12
111798,111811,13
111799,111812,14
111800,111812,11
111801,111814,14
111802,111815,13
111803,111815,14
111804,111816,12
111805,111817,12
111806,111821,15
111807,111821,14
111808,111822,14
111809,111822,12
111810,111823,12
111811,111823,13
111812,111824,13
111813,111825,14
111814,111825,13
111815,111828,11
111816,111830,12
111817,111831,15
111818,111832,12
111819,111832,11
111820,111833,14
111821,111834,15
111822,111835,11
111823,111835,11
111824,111836,15
111825,111837,11
111826,111837,15
111827,111838,14
111828,111840,15
111829,111840,12
111830,111844,11
111831,111845,15
111832,111845,12
111833,111846,14
111834,111848,12
111835,111851,15
111836,111852,13
111837,111853,13
111838,111854,13
111839,111854,11
111840,111856,12
111841,111856,11
111842,111858,12
111843,111862,13
111844,111863,12
111845,111864,13
111846,111864,11
111847,111866,15
111848,111866,12
111849,111867,12
111850,111868,12
111851,111869,11
111852,111873,14
111853,111874,14
111854,111874,12
111855,111876,14
111856,111877,13
111857,111878,11
111858,111878,11
111859,111879,12
111860,111880,13
111861,111880,12
111862,111881,14
111863,111882,11
111864,111882,12
111865,111884,12
111866,111884,13
111867,111885,11
111868,111885,14
111869,111886,12
111870,111888,14
111871,111890,13
111872,111893,15
111873,111893,13
111874,111894,12
111875,111894,12
111876,111895,15
111877,111895,15
111878,111896,14
111879,111896,12
111880,111897,13
111881,111897,15
111882,111898,11
111883,111898,12
111884,111899,14
111885,111899,13
111886,111900,15
111887,111901,13
111888,111901,11
111889,111902,11
111890,111902,15
111891,111903,12
111892,111904,14
111893,111904,12
111894,111906,13
111895,111907,11
111896,111908,15
111897,111910,14
111898,111910,14
111899,111911,14
111900,111911,14
111901,111913,13
111902,111914,12
111903,111915,14
111904,111915,14
111905,111916,15
111906,111917,12
111907,111919,12
111908,111921,14
111909,111921,12
111910,111922,11
111911,111923,13
111912,111923,12
111913,111926,11
111914,111927,13
111915,111927,11
111916,111930,14
111917,111930,14
111918,111932,12
111919,111935,14
111920,111936,11
111921,111936,11
111922,111938,12
111923,111939,14
111924,111940,15
111925,111942,14
111926,111942,13
111927,111943,11
111928,111943,15
111929,111944,13
111930,111945,11
111931,111946,14
111932,111947,12
111933,111949,11
111934,111950,13
111935,111951,11
111936,111951,11
111937,111952,13
111938,111953,15
111939,111953,14
111940,111958,15
111941,111959,15
111942,111959,13
111943,111960,11
111944,111962,15
111945,111965,12
111946,111965,14
111947,111966,12
111948,111968,14
111949,111970,15
111950,111970,11
111951,111973,12
111952,111973,11
111953,111974,12
111954,111977,13
111955,111978,13
111956,111978,14
111957,111979,14
111958,111979,14
111959,111981,12
111960,111983,15
111961,111985,15
111962,111985,12
111963,111986,11
111964,111986,12
111965,111987,14
111966,111991,11
111967,111993,11
111968,111993,14
111969,111994,15
111970,111994,14
111971,111995,13
111972,111995,13
111973,111996,15
111974,111996,12
111975,111997,14
111976,111999,11
111977,112000,14
111978,112000,14
111979,112001,13
111980,112001,11
111981,112002,11
111982,112002,11
111983,112003,12
111984,112004,14
111985,112004,15
111986,112005,14
111987,112006,13
111988,112008,15
111989,112008,13
111990,112009,14
111991,112009,13
111992,112010,15
111993,112010,14
111994,112011,14
111995,112012,15
111996,112014,11
111997,112015,12
111998,112016,13
111999,112016,12
112000,112017,15
112001,112019,11
112002,112019,13
112003,112020,11
112004,112026,15
112005,112028,13
112006,112030,12
112007,112030,12
112008,112031,14
112009,112031,14
112010,112032,13
112011,112032,15
112012,112033,11
112013,112034,15
112014,112037,14
112015,112037,13
112016,112040,12
112017,112041,12
112018,112041,11
112019,112042,14
112020,112045,12
112021,112046,11
112022,112046,14
112023,112047,13
112024,112049,12
112025,112051,14
112026,112051,13
112027,112052,15
112028,112053,13
112029,112054,13
112030,112054,13
112031,112055,12
112032,112055,11
112033,112056,12
112034,112056,11
112035,112058,11
112036,112059,12
112037,112059,15
112038,112060,12
112039,112061,15
112040,112061,11
112041,112062,15
112042,112064,14
112043,112064,14
112044,112066,14
112045,112066,11
112046,112067,12
112047,112067,12
112048,112073,15
112049,112073,14
112050,112074,14
112051,112074,13
112052,112075,13
112053,112076,13
112054,112076,13
112055,112077,12
112056,112078,13
112057,112079,11
112058,112079,14
112059,112082,12
112060,112084,12
112061,112085,11
112062,112085,13
112063,112087,12
112064,112088,14
112065,112088,15
112066,112092,12
112067,112092,13
112068,112093,14
112069,112093,12
112070,112094,13
112071,112095,12
112072,112095,11
112073,112096,12
112074,112097,13
112075,112097,14
112076,112098,13
112077,112099,14
112078,112101,15
112079,112103,15
112080,112103,12
112081,112105,13
112082,112106,13
112083,112107,11
112084,112108,14
112085,112111,13
112086,112112,15
112087,112112,11
112088,112114,14
112089,112116,11
112090,112118,14
112091,112119,14
112092,112119,13
112093,112120,11
112094,112121,11
112095,112121,13
112096,112122,12
112097,112122,13
112098,112123,13
112099,112125,15
112100,112125,15
112101,112126,12
112102,112126,14
112103,112127,12
112104,112127,12
112105,112128,13
112106,112130,13
112107,112133,13
112108,112133,15
112109,112134,11
112110,112135,14
112111,112136,13
112112,112137,13
112113,112139,14
112114,112139,12
112115,112140,12
112116,112140,15
112117,112141,15
112118,112141,15
112119,112143,12
112120,112143,12
112121,112145,15
112122,112145,11
112123,112147,13
112124,112149,14
112125,112154,13
112126,112155,13
112127,112155,15
112128,112157,15
112129,112157,11
112130,112158,12
112131,112160,15
112132,112160,11
112133,112161,11
112134,112161,13
112135,112162,14
112136,112162,15
112137,112163,11
112138,112163,14
112139,112164,11
112140,112167,14
112141,112169,12
112142,112169,11
112143,112170,11
112144,112170,11
112145,112172,12
112146,112175,11
112147,112176,15
112148,112176,13
112149,112179,15
112150,112179,11
112151,112180,13
112152,112180,14
112153,112181,15
112154,112182,15
112155,112184,13
112156,112186,14
112157,112188,12
112158,112188,15
112159,112190,13
112160,112191,15
112161,112191,15
112162,112193,12
112163,112193,12
112164,112194,15
112165,112194,11
112166,112197,15
112167,112197,14
112168,112198,12
112169,112200,11
112170,112202,11
112171,112204,15
112172,112204,11
112173,112207,12
112174,112207,12
112175,112212,15
112176,112213,13
112177,112214,14
112178,112215,11
112179,112215,14
112180,112217,14
112181,112217,14
112182,112218,11
112183,112219,13
112184,112221,12
112185,112221,12
112186,112223,15
112187,112224,15
112188,112226,14
112189,112226,11
112190,112227,13
112191,112228,14
112192,112228,12
112193,112229,13
112194,112229,11
112195,112230,14
112196,112230,12
112197,112231,14
112198,112231,13
112199,112233,14
112200,112233,13
112201,112237,15
112202,112238,13
112203,112240,11
112204,112240,12
112205,112241,11
112206,112242,11
112207,112244,13
112208,112245,14
112209,112245,13
112210,112246,14
112211,112246,11
112212,112247,14
112213,112248,14
112214,112248,11
112215,112250,13
112216,112250,15
112217,112251,13
112218,112252,13
112219,112253,15
112220,112253,12
112221,112254,13
112222,112255,14
112223,112255,13
112224,112256,12
112225,112256,14
112226,112257,12
112227,112257,12
112228,112260,13
112229,112261,11
112230,112263,12
112231,112265,12
112232,112265,11
112233,112266,12
112234,112266,15
112235,112268,12
112236,112270,13
112237,112271,12
112238,112273,11
112239,112273,14
112240,112275,14
112241,112276,14
112242,112277,12
112243,112278,15
112244,112279,11
112245,112280,12
112246,112283,15
112247,112283,14
112248,112284,14
112249,112284,11
112250,112285,14
112251,112289,13
112252,112289,13
112253,112291,11
112254,112295,11
112255,112295,14
112256,112296,14
112257,112296,12
112258,112297,15
112259,112297,13
112260,112298,13
112261,112298,11
112262,112299,12
112263,112301,14
112264,112301,13
112265,112302,13
112266,112302,15
112267,112305,14
112268,112306,12
112269,112307,15
112270,112307,12
112271,112312,15
112272,112312,11
112273,112313,14
112274,112314,13
112275,112315,14
112276,112315,14
112277,112317,14
112278,112317,15
112279,112318,11
112280,112319,15
112281,112319,14
112282,112320,11
112283,112320,14
112284,112321,13
112285,112324,13
112286,112325,15
112287,112326,11
112288,112326,15
112289,112327,12
112290,112329,14
112291,112331,15
112292,112331,13
112293,112334,11
112294,112334,12
112295,112339,15
112296,112340,11
112297,112344,15
112298,112344,13
112299,112346,11
112300,112346,12
112301,112348,15
112302,112348,13
112303,112349,13
112304,112349,13
112305,112351,14
112306,112351,11
112307,112352,15
112308,112352,14
112309,112356,14
112310,112356,12
112311,112357,12
112312,112357,12
112313,112358,14
112314,112360,15
112315,112360,11
112316,112361,12
112317,112361,13
112318,112362,15
112319,112363,13
112320,112364,14
112321,112365,14
112322,112365,15
112323,112366,12
112324,112368,13
112325,112369,13
112326,112370,15
112327,112373,13
112328,112375,12
112329,112376,12
112330,112376,12
112331,112377,15
112332,112377,15
112333,112378,11
112334,112379,11
112335,112380,14
112336,112382,14
112337,112382,12
112338,112385,12
112339,112385,11
112340,112386,15
112341,112387,14
112342,112388,12
112343,112388,12
112344,112389,11
112345,112390,12
112346,112391,11
112347,112391,15
112348,112392,12
112349,112393,12
112350,112396,12
112351,112396,12
112352,112397,12
112353,112398,15
112354,112398,12
112355,112399,14
112356,112399,11
112357,112401,11
112358,112402,14
112359,112402,15
112360,112403,11
112361,112405,13
112362,112405,12
112363,112407,15
112364,112409,13
112365,112409,11
112366,112410,15
112367,112412,15
112368,112412,15
112369,112414,11
112370,112416,11
112371,112417,14
112372,112418,12
112373,112421,15
112374,112421,11
112375,112422,15
112376,112422,14
112377,112423,13
112378,112424,11
112379,112426,11
112380,112426,15
112381,112427,11
112382,112429,12
112383,112429,12
112384,112430,12
112385,112432,11
112386,112434,13
112387,112436,13
112388,112437,15
112389,112438,15
112390,112438,11
112391,112441,12
112392,112441,13
112393,112442,11
112394,112442,13
112395,112443,13
112396,112444,14
112397,112444,13
112398,112445,12
112399,112447,11
112400,112448,12
112401,112449,14
112402,112450,12
112403,112451,13
112404,112452,11
112405,112453,11
112406,112455,11
112407,112455,11
112408,112456,13
112409,112458,13
112410,112458,11
112411,112459,15
112412,112460,12
112413,112461,11
112414,112461,13
112415,112462,12
112416,112462,12
112417,112464,11
112418,112467,14
112419,112467,15
112420,112468,13
112421,112468,11
112422,112472,13
112423,112473,15
112424,112473,11
112425,112474,15
112426,112475,12
112427,112476,12
112428,112476,13
112429,112478,14
112430,112478,14
112431,112480,11
112432,112480,12
112433,112483,13
112434,112483,13
112435,112485,14
112436,112489,15
112437,112489,15
112438,112490,15
112439,112490,11
112440,112491,13
112441,112493,11
112442,112493,14
112443,112496,12
112444,112496,15
112445,112497,14
112446,112497,11
112447,112498,15
112448,112499,15
112449,112500,11
112450,112500,12
112451,112501,15
112452,112502,13
112453,112503,14
112454,112503,13
112455,112504,13
112456,112504,13
112457,112506,13
112458,112506,15
112459,112508,13
112460,112509,12
112461,112509,11
112462,112510,11
112463,112510,15
112464,112512,14
112465,112514,13
112466,112514,15
112467,112515,15
112468,112515,14
112469,112516,11
112470,112517,11
112471,112518,13
112472,112518,15
112473,112519,11
112474,112519,15
112475,112521,13
112476,112521,11
112477,112522,12
112478,112522,14
112479,112524,14
112480,112524,13
112481,112525,15
112482,112525,15
112483,112526,13
112484,112526,15
112485,112528,11
112486,112529,15
112487,112530,15
112488,112531,13
112489,112531,11
112490,112533,13
112491,112534,14
112492,112534,14
112493,112535,15
112494,112535,11
112495,112536,13
112496,112537,13
112497,112537,15
112498,112539,13
112499,112539,11
112500,112541,12
112501,112542,12
112502,112542,13
112503,112543,15
112504,112543,12
112505,112544,11
112506,112545,13
112507,112547,13
112508,112548,13
112509,112548,11
112510,112549,13
112511,112553,11
112512,112553,13
112513,112554,13
112514,112554,11
112515,112555,11
112516,112555,12
112517,112556,15
112518,112556,13
112519,112557,14
112520,112557,15
112521,112558,11
112522,112558,14
112523,112561,14
112524,112562,13
112525,112562,14
112526,112564,11
112527,112564,11
112528,112565,11
112529,112565,13
112530,112566,11
112531,112566,15
112532,112567,11
112533,112567,15
112534,112568,14
112535,112570,14
112536,112571,13
112537,112572,14
112538,112572,15
112539,112575,11
112540,112577,13
112541,112577,14
112542,112578,14
112543,112579,15
112544,112580,13
112545,112580,13
112546,112581,14
112547,112582,12
112548,112582,15
112549,112587,11
112550,112587,12
112551,112588,12
112552,112589,12
112553,112589,14
112554,112590,14
112555,112590,12
112556,112592,15
112557,112593,13
112558,112593,12
112559,112594,13
112560,112595,11
112561,112595,14
112562,112596,14
112563,112596,11
112564,112597,15
112565,112598,12
112566,112598,11
112567,112599,13
112568,112600,12
112569,112600,14
112570,112601,13
112571,112603,12
112572,112603,12
112573,112604,15
112574,112606,13
112575,112606,13
112576,112607,11
112577,112607,14
112578,112608,14
112579,112609,13
112580,112609,14
112581,112611,15
112582,112611,12
112583,112613,14
112584,112614,15
112585,112614,15
112586,112616,12
112587,112617,15
112588,112617,12
112589,112618,15
112590,112619,12
112591,112619,12
112592,112620,14
112593,112620,14
112594,112621,14
112595,112623,12
112596,112623,11
112597,112624,15
112598,112624,14
112599,112626,15
112600,112627,15
112601,112629,12
112602,112632,12
112603,112634,14
112604,112635,12
112605,112636,12
112606,112636,13
112607,112639,15
112608,112640,11
112609,112640,12
112610,112641,15
112611,112641,11
112612,112642,14
112613,112643,15
112614,112645,11
112615,112646,11
112616,112647,11
112617,112647,14
112618,112650,13
112619,112650,11
112620,112651,12
112621,112652,13
112622,112653,13
112623,112653,13
112624,112654,12
112625,112656,14
112626,112656,11
112627,112659,12
112628,112660,12
112629,112660,12
112630,112661,12
112631,112661,13
112632,112666,13
112633,112669,11
112634,112669,14
112635,112671,14
112636,112671,12
112637,112672,11
112638,112672,13
112639,112673,15
112640,112676,13
112641,112678,12
112642,112679,15
112643,112680,11
112644,112686,12
112645,112686,11
112646,112689,15
112647,112689,14
112648,112690,14
112649,112690,15
112650,112692,11
112651,112692,11
112652,112693,12
112653,112693,15
112654,112695,12
112655,112695,11
112656,112696,11
112657,112698,13
112658,112699,13
112659,112700,11
112660,112701,14
112661,112702,14
112662,112703,12
112663,112705,11
112664,112705,15
112665,112706,14
112666,112706,14
112667,112708,11
112668,112708,11
112669,112711,13
112670,112711,13
112671,112712,11
112672,112712,14
112673,112713,13
112674,112713,15
112675,112716,15
112676,112718,14
112677,112718,14
112678,112719,13
112679,112720,15
112680,112720,11
112681,112721,15
112682,112722,14
112683,112724,12
112684,112725,12
112685,112726,11
112686,112726,13
112687,112728,12
112688,112728,14
112689,112729,12
112690,112729,11
112691,112730,14
112692,112730,12
112693,112732,15
112694,112732,11
112695,112733,14
112696,112733,12
112697,112737,14
112698,112737,15
112699,112738,15
112700,112739,15
112701,112740,12
112702,112743,14
112703,112743,13
112704,112745,13
112705,112746,13
112706,112748,14
112707,112748,13
112708,112749,15
112709,112749,11
112710,112750,11
112711,112753,11
112712,112754,11
112713,112754,12
112714,112760,13
112715,112760,11
112716,112764,14
112717,112764,12
112718,112765,12
112719,112765,12
112720,112766,13
112721,112768,14
112722,112769,13
112723,112769,15
112724,112770,14
112725,112770,13
112726,112771,11
112727,112772,11
112728,112773,14
112729,112774,12
112730,112774,14
112731,112775,11
112732,112776,15
112733,112776,14
112734,112777,15
112735,112779,15
112736,112779,13
112737,112781,14
112738,112781,12
112739,112782,14
112740,112783,14
112741,112783,15
112742,112784,13
112743,112784,11
112744,112785,12
112745,112786,11
112746,112788,13
112747,112789,15
112748,112793,11
112749,112794,13
112750,112794,15
112751,112795,15
112752,112795,12
112753,112796,11
112754,112796,14
112755,112799,13
112756,112799,15
112757,112800,15
112758,112800,15
112759,112801,12
112760,112805,13
112761,112805,14
112762,112806,11
112763,112806,13
112764,112808,12
112765,112808,15
112766,112810,11
112767,112810,11
112768,112812,14
112769,112813,13
112770,112813,15
112771,112814,13
112772,112814,15
112773,112816,14
112774,112816,11
112775,112818,13
112776,112819,13
112777,112820,15
112778,112820,12
112779,112821,11
112780,112822,12
112781,112823,11
112782,112825,11
112783,112827,15
112784,112828,13
112785,112828,15
112786,112829,13
112787,112831,14
112788,112832,13
112789,112834,12
112790,112834,11
112791,112837,14
112792,112838,13
112793,112838,11
112794,112839,14
112795,112839,11
112796,112841,11
112797,112842,12
112798,112843,15
112799,112843,15
112800,112845,14
112801,112846,13
112802,112846,15
112803,112847,15
112804,112847,13
112805,112848,12
112806,112848,13
112807,112850,14
112808,112850,11
112809,112851,14
112810,112851,13
112811,112853,12
112812,112854,11
112813,112854,11
112814,112855,13
112815,112856,13
112816,112856,14
112817,112857,11
112818,112859,11
112819,112860,15
112820,112862,12
112821,112864,12
112822,112865,11
112823,112867,12
112824,112867,12
112825,112868,15
112826,112868,15
112827,112871,14
112828,112872,11
112829,112872,15
112830,112873,14
112831,112874,14
112832,112874,11
112833,112875,11
112834,112875,14
112835,112878,15
112836,112880,11
112837,112882,12
112838,112882,12
112839,112883,14
112840,112884,11
112841,112885,14
112842,112885,15
112843,112886,13
112844,112886,13
112845,112887,12
112846,112889,15
112847,112889,14
112848,112890,12
112849,112890,12
112850,112891,13
112851,112892,11
112852,112893,13
112853,112895,14
112854,112895,11
112855,112898,13
112856,112899,15
112857,112899,11
112858,112900,15
112859,112900,12
112860,112901,12
112861,112902,14
112862,112902,14
112863,112903,11
112864,112903,14
112865,112905,12
112866,112905,13
112867,112907,15
112868,112908,13
112869,112909,11
112870,112909,13
112871,112910,13
112872,112910,11
112873,112911,14
112874,112913,15
112875,112914,15
112876,112914,14
112877,112915,13
112878,112915,12
112879,112917,13
112880,112917,15
112881,112918,12
112882,112920,15
112883,112920,15
112884,112921,14
112885,112921,11
112886,112924,15
112887,112926,15
112888,112926,15
112889,112927,11
112890,112927,11
112891,112928,15
112892,112928,15
112893,112929,12
112894,112930,11
112895,112932,14
112896,112932,12
112897,112936,11
112898,112938,12
112899,112938,11
112900,112941,14
112901,112941,11
112902,112942,13
112903,112942,13
112904,112943,15
112905,112944,12
112906,112944,13
112907,112945,14
112908,112945,14
112909,112946,13
112910,112947,12
112911,112949,14
112912,112949,15
112913,112952,11
112914,112953,11
112915,112954,12
112916,112955,15
112917,112956,13
112918,112956,12
112919,112957,12
112920,112958,15
112921,112958,12
112922,112960,11
112923,112961,12
112924,112962,11
112925,112964,11
112926,112965,11
112927,112965,15
112928,112966,15
112929,112966,14
112930,112967,15
112931,112968,11
112932,112968,13
112933,112970,14
112934,112970,11
112935,112976,15
112936,112977,11
112937,112977,14
112938,112978,15
112939,112978,11
112940,112982,15
112941,112983,14
112942,112984,14
112943,112985,14
112944,112985,13
112945,112986,13
112946,112988,12
112947,112988,12
112948,112989,15
112949,112989,12
112950,112990,12
112951,112990,15
112952,112991,12
112953,112991,14
112954,112992,14
112955,112995,12
112956,112997,12
112957,112997,11
112958,112998,14
112959,112998,11
112960,112999,15
112961,113000,15
112962,113001,11
112963,113001,12
112964,113003,11
112965,113004,14
112966,113004,13
112967,113006,13
112968,113007,13
112969,113010,15
112970,113010,15
112971,113011,11
112972,113015,14
112973,113015,15
112974,113017,14
112975,113017,13
112976,113018,15
112977,113018,15
112978,113020,14
112979,113023,15
112980,113023,12
112981,113025,13
112982,113027,15
112983,113028,12
112984,113029,15
112985,113030,11
112986,113032,13
112987,113032,15
112988,113033,13
112989,113034,11
112990,113036,14
112991,113036,12
112992,113037,11
112993,113039,12
112994,113039,14
112995,113040,13
112996,113040,11
112997,113041,12
112998,113042,15
112999,113042,11
113000,113043,11
113001,113044,11
113002,113045,11
113003,113045,14
113004,113047,11
113005,113047,12
113006,113048,13
113007,113048,11
113008,113049,11
113009,113051,11
113010,113051,13
113011,113052,11
113012,113053,15
113013,113053,11
113014,113055,15
113015,113056,11
113016,113056,15
113017,113057,15
113018,113057,14
113019,113059,11
113020,113060,11
113021,113060,14
113022,113061,15
113023,113063,13
113024,113063,13
113025,113065,11
113026,113067,12
113027,113067,11
113028,113069,11
113029,113069,15
113030,113070,12
113031,113071,12
113032,113072,14
113033,113072,12
113034,113073,13
113035,113074,11
113036,113075,11
113037,113075,11
113038,113081,13
113039,113085,12
113040,113085,11
113041,113086,12
113042,113086,11
113043,113088,12
113044,113089,13
113045,113089,15
113046,113090,13
113047,113093,11
113048,113093,14
113049,113094,11
113050,113094,12
113051,113095,13
113052,113096,13
113053,113097,13
113054,113097,13
113055,113098,12
113056,113098,12
113057,113099,14
113058,113100,15
113059,113100,13
113060,113101,13
113061,113102,14
113062,113102,15
113063,113104,11
113064,113104,14
113065,113105,12
113066,113105,11
113067,113107,14
113068,113107,13
113069,113109,15
113070,113109,12
113071,113111,15
113072,113111,14
113073,113112,13
113074,113113,12
113075,113114,14
113076,113114,12
113077,113115,11
113078,113116,14
113079,113116,14
113080,113117,13
113081,113118,15
113082,113118,12
113083,113121,13
113084,113122,11
113085,113122,14
113086,113123,11
113087,113123,12
113088,113124,12
113089,113124,12
113090,113126,14
113091,113126,15
113092,113127,11
113093,113128,11
113094,113128,14
113095,113129,13
113096,113129,14
113097,113133,11
113098,113135,13
113099,113139,13
113100,113140,12
113101,113140,14
113102,113142,15
113103,113142,14
113104,113143,12
113105,113143,11
113106,113144,11
113107,113144,15
113108,113145,15
113109,113146,15
113110,113146,13
113111,113147,12
113112,113149,11
113113,113149,11
113114,113150,11
113115,113150,11
113116,113151,15
113117,113151,13
113118,113152,13
113119,113152,15
113120,113153,12
113121,113154,14
113122,113154,13
113123,113156,12
113124,113157,15
113125,113158,11
113126,113161,14
113127,113162,11
113128,113162,13
113129,113163,12
113130,113165,15
113131,113165,15
113132,113166,15
113133,113166,13
113134,113168,12
113135,113170,11
113136,113170,13
113137,113171,12
113138,113171,15
113139,113172,11
113140,113172,13
113141,113173,15
113142,113176,15
113143,113176,11
113144,113177,14
113145,113178,15
113146,113178,13
113147,113181,12
113148,113183,14
113149,113183,14
113150,113185,11
113151,113186,11
113152,113190,13
113153,113192,11
113154,113192,13
113155,113194,12
113156,113196,12
113157,113196,11
113158,113197,12
113159,113198,13
113160,113198,13
113161,113201,12
113162,113202,11
113163,113202,11
113164,113204,14
113165,113205,11
113166,113205,11
113167,113206,15
113168,113206,12
113169,113207,12
113170,113207,13
113171,113209,11
113172,113209,15
113173,113210,13
113174,113210,15
113175,113212,12
113176,113216,14
113177,113216,13
113178,113218,15
113179,113220,13
113180,113220,11
113181,113221,14
113182,113221,15
113183,113222,14
113184,113222,13
113185,113224,14
113186,113224,12
113187,113225,12
113188,113225,15
113189,113226,12
113190,113226,13
113191,113227,11
113192,113228,11
113193,113228,15
113194,113229,14
113195,113229,14
113196,113231,13
113197,113231,11
113198,113232,11
113199,113232,15
113200,113233,13
113201,113233,14
113202,113234,15
113203,113235,15
113204,113235,14
113205,113238,14
113206,113239,14
113207,113240,11
113208,113245,14
113209,113248,12
113210,113248,14
113211,113249,11
113212,113250,14
113213,113250,11
113214,113251,13
113215,113253,11
113216,113255,11
113217,113255,13
113218,113257,15
113219,113257,15
113220,113258,15
113221,113259,13
113222,113259,11
113223,113260,15
113224,113260,12
113225,113262,14
113226,113262,13
113227,113265,11
113228,113265,13
113229,113267,15
113230,113268,11
113231,113268,15
113232,113270,12
113233,113271,13
113234,113272,11
113235,113272,15
113236,113273,11
113237,113273,14
113238,113275,14
113239,113275,15
113240,113276,13
113241,113276,15
113242,113278,12
113243,113278,13
113244,113279,15
113245,113279,13
113246,113280,14
113247,113280,13
113248,113281,15
113249,113281,15
113250,113285,11
113251,113285,14
113252,113288,15
113253,113288,14
113254,113289,14
113255,113289,12
113256,113290,12
113257,113292,11
113258,113293,11
113259,113293,13
113260,113294,15
113261,113298,12
113262,113299,15
113263,113299,11
113264,113301,14
113265,113303,13
113266,113303,15
113267,113304,13
113268,113306,13
113269,113306,12
113270,113308,12
113271,113308,13
113272,113310,11
113273,113311,13
113274,113313,15
113275,113313,11
113276,113315,14
113277,113315,11
113278,113317,11
113279,113318,11
113280,113318,11
113281,113319,12
113282,113320,14
113283,113322,13
113284,113322,11
113285,113324,12
113286,113325,12
113287,113325,12
113288,113329,13
113289,113329,13
113290,113330,12
113291,113330,11
113292,113331,14
113293,113331,13
113294,113334,12
113295,113334,13
113296,113335,11
113297,113335,11
113298,113336,13
113299,113336,12
113300,113337,12
113301,113338,14
113302,113338,13
113303,113340,15
113304,113340,13
113305,113341,12
113306,113345,13
113307,113345,11
113308,113346,11
113309,113347,14
113310,113347,15
113311,113349,12
113312,113349,12
113313,113350,11
113314,113355,12
113315,113355,12
113316,113356,14
113317,113359,12
113318,113359,15
113319,113361,12
113320,113363,14
113321,113365,13
113322,113366,11
113323,113372,14
113324,113375,13
113325,113376,13
113326,113376,13
113327,113378,11
113328,113379,13
113329,113380,13
113330,113381,12
113331,113383,12
113332,113383,13
113333,113385,12
113334,113386,11
113335,113386,11
113336,113388,15
113337,113390,14
113338,113391,15
113339,113394,13
113340,113395,14
113341,113396,15
113342,113401,14
113343,113401,15
113344,113402,13
113345,113402,15
113346,113404,12
113347,113407,14
113348,113407,13
113349,113409,15
113350,113409,14
113351,113410,14
113352,113410,13
113353,113411,13
113354,113411,12
113355,113413,15
113356,113413,12
113357,113415,13
113358,113417,12
113359,113417,11
113360,113418,13
113361,113418,14
113362,113419,14
113363,113419,12
113364,113422,14
113365,113422,13
113366,113423,15
113367,113423,12
113368,113424,14
113369,113424,14
113370,113425,13
113371,113425,15
113372,113428,11
113373,113429,11
113374,113429,11
113375,113432,11
113376,113432,11
113377,113433,12
113378,113436,14
113379,113436,12
113380,113438,14
113381,113439,15
113382,113441,15
113383,113443,15
113384,113444,13
113385,113446,11
113386,113446,12
113387,113447,12
113388,113450,11
113389,113450,15
113390,113451,13
113391,113451,12
113392,113452,13
113393,113452,15
113394,113453,13
113395,113453,12
113396,113454,11
113397,113455,14
113398,113457,14
113399,113458,15
113400,113458,13
113401,113461,14
113402,113462,12
113403,113462,11
113404,113463,12
113405,113463,15
113406,113465,12
113407,113466,13
113408,113466,14
113409,113467,14
113410,113467,11
113411,113469,15
113412,113470,15
113413,113471,13
113414,113471,13
113415,113472,11
113416,113472,11
113417,113475,14
113418,113475,13
113419,113477,11
113420,113477,15
113421,113481,13
113422,113482,15
113423,113482,12
113424,113483,11
113425,113484,13
113426,113485,14
113427,113486,15
113428,113486,11
113429,113487,15
113430,113489,14
113431,113492,14
113432,113492,13
113433,113494,14
113434,113496,11
113435,113497,12
113436,113498,12
113437,113498,11
113438,113500,14
113439,113501,15
113440,113503,14
113441,113503,14
113442,113504,13
113443,113505,13
113444,113505,12
113445,113510,13
113446,113510,12
113447,113512,15
113448,113513,13
113449,113515,12
113450,113517,15
113451,113517,15
113452,113518,12
113453,113520,15
113454,113520,15
113455,113521,14
113456,113523,14
113457,113523,14
113458,113524,13
113459,113524,11
113460,113525,13
113461,113525,15
113462,113526,15
113463,113526,11
113464,113528,13
113465,113528,12
113466,113529,14
113467,113530,13
113468,113532,13
113469,113532,14
113470,113534,13
113471,113534,14
113472,113535,15
113473,113537,12
113474,113537,15
113475,113538,13
113476,113538,12
113477,113539,12
113478,113540,12
113479,113542,14
113480,113542,15
113481,113544,14
113482,113545,14
113483,113545,13
113484,113546,14
113485,113546,15
113486,113548,14
113487,113550,13
113488,113553,15
113489,113554,15
113490,113556,15
113491,113556,14
113492,113558,13
113493,113559,12
113494,113560,12
113495,113560,11
113496,113561,11
113497,113562,14
113498,113562,15
113499,113564,12
113500,113566,11
113501,113567,11
113502,113568,11
113503,113568,13
113504,113569,11
113505,113569,12
113506,113571,12
113507,113572,11
113508,113572,15
113509,113573,13
113510,113573,12
113511,113574,13
113512,113575,11
113513,113575,15
113514,113576,15
113515,113577,13
113516,113577,13
113517,113579,11
113518,113580,14
113519,113580,15
113520,113581,14
113521,113582,14
113522,113582,14
113523,113583,14
113524,113583,15
113525,113585,15
113526,113586,12
113527,113586,13
113528,113587,11
113529,113587,12
113530,113589,11
113531,113590,14
113532,113590,11
113533,113591,12
113534,113592,15
113535,113594,15
113536,113594,13
113537,113596,13
113538,113596,15
113539,113597,13
113540,113597,12
113541,113598,13
113542,113602,11
113543,113602,13
113544,113603,12
113545,113604,11
113546,113605,11
113547,113605,12
113548,113607,15
113549,113610,12
113550,113610,11
113551,113611,12
113552,113612,11
113553,113613,12
113554,113614,15
113555,113615,13
113556,113615,15
113557,113616,15
113558,113616,14
113559,113617,12
113560,113617,12
113561,113619,12
113562,113620,13
113563,113620,15
113564,113621,14
113565,113621,15
113566,113622,12
113567,113623,13
113568,113624,14
113569,113624,15
113570,113627,12
113571,113627,14
113572,113628,11
113573,113631,11
113574,113631,13
113575,113632,15
113576,113634,11
113577,113634,11
113578,113636,15
113579,113636,12
113580,113637,14
113581,113637,11
113582,113639,12
113583,113639,12
113584,113643,14
113585,113643,11
113586,113645,11
113587,113649,13
113588,113649,12
113589,113651,13
113590,113651,12
113591,113652,15
113592,113653,13
113593,113653,14
113594,113655,11
113595,113659,13
113596,113660,15
113597,113661,12
113598,113661,14
113599,113663,14
113600,113663,13
113601,113665,14
113602,113665,11
113603,113666,15
113604,113666,14
113605,113667,11
113606,113667,12
113607,113668,14
113608,113669,13
113609,113671,12
113610,113672,14
113611,113672,15
113612,113674,14
113613,113674,15
113614,113675,14
113615,113675,11
113616,113676,12
113617,113676,15
113618,113677,14
113619,113680,15
113620,113682,13
113621,113682,12
113622,113685,11
113623,113686,13
113624,113687,15
113625,113687,14
113626,113689,15
113627,113690,13
113628,113691,12
113629,113691,13
113630,113692,13
113631,113692,14
113632,113694,14
113633,113694,14
113634,113695,11
113635,113697,13
113636,113698,15
113637,113698,11
113638,113699,11
113639,113699,12
113640,113702,15
113641,113702,15
113642,113703,11
113643,113704,13
113644,113706,12
113645,113706,13
113646,113707,15
113647,113708,11
113648,113708,13
113649,113710,14
113650,113711,12
113651,113711,14
113652,113712,13
113653,113712,15
113654,113713,11
113655,113715,11
113656,113715,13
113657,113716,12
113658,113717,15
113659,113719,13
113660,113720,11
113661,113720,11
113662,113721,12
113663,113721,14
113664,113722,12
113665,113722,15
113666,113723,11
113667,113725,13
113668,113725,15
113669,113726,12
113670,113726,15
113671,113727,14
113672,113729,14
113673,113730,14
113674,113730,14
113675,113731,12
113676,113732,15
113677,113732,11
113678,113733,11
113679,113733,13
113680,113735,13
113681,113735,15
113682,113737,12
113683,113738,14
113684,113738,13
113685,113739,13
113686,113739,13
113687,113740,11
113688,113743,11
113689,113743,14
113690,113744,14
113691,113746,14
113692,113746,15
113693,113748,15
113694,113749,15
113695,113749,12
113696,113750,11
113697,113750,13
113698,113752,13
113699,113753,12
113700,113753,13
113701,113755,13
113702,113756,11
113703,113756,13
113704,113757,12
113705,113758,15
113706,113759,13
113707,113760,15
113708,113760,14
113709,113761,15
113710,113761,15
113711,113762,13
113712,113762,15
113713,113764,14
113714,113765,14
113715,113765,11
113716,113766,12
113717,113766,15
113718,113767,15
113719,113767,12
113720,113768,11
113721,113768,13
113722,113770,12
113723,113771,12
113724,113772,12
113725,113773,11
113726,113775,11
113727,113777,14
113728,113777,15
113729,113778,13
113730,113778,15
113731,113779,14
113732,113779,14
113733,113780,11
113734,113780,11
113735,113781,11
113736,113781,13
113737,113783,11
113738,113785,13
113739,113786,13
113740,113786,13
113741,113788,13
113742,113788,13
113743,113789,13
113744,113789,11
113745,113790,13
113746,113790,11
113747,113791,14
113748,113791,13
113749,113793,11
113750,113794,15
113751,113796,14
113752,113796,13
113753,113798,13
113754,113800,11
113755,113801,14
113756,113801,14
113757,113802,11
113758,113803,15
113759,113804,14
113760,113805,14
113761,113808,11
113762,113808,11
113763,113809,14
113764,113809,12
113765,113810,12
113766,113811,13
113767,113811,13
113768,113812,13
113769,113813,15
113770,113814,12
113771,113814,12
113772,113815,15
113773,113815,15
113774,113816,14
113775,113816,11
113776,113817,12
113777,113818,14
113778,113818,14
113779,113820,15
113780,113820,13
113781,113823,12
113782,113823,11
113783,113824,15
113784,113825,13
113785,113825,14
113786,113827,14
113787,113829,11
113788,113831,15
113789,113831,12
113790,113833,15
113791,113835,14
113792,113835,13
113793,113837,13
113794,113837,11
113795,113841,11
113796,113841,14
113797,113842,13
113798,113842,15
113799,113843,14
113800,113843,14
113801,113844,15
113802,113847,12
113803,113847,11
113804,113848,15
113805,113848,15
113806,113849,12
113807,113854,15
113808,113855,15
113809,113855,11
113810,113856,14
113811,113857,15
113812,113857,14
113813,113858,14
113814,113858,14
113815,113860,11
113816,113860,15
113817,113861,15
113818,113862,11
113819,113862,13
113820,113863,14
113821,113864,12
113822,113865,11
113823,113865,11
113824,113867,12
113825,113868,15
113826,113868,11
113827,113869,15
113828,113872,14
113829,113874,15
113830,113876,15
113831,113876,14
113832,113877,12
113833,113878,13
113834,113878,13
113835,113879,14
113836,113880,15
113837,113882,12
113838,113883,11
113839,113883,13
113840,113884,15
113841,113886,11
113842,113888,12
113843,113888,14
113844,113889,12
113845,113891,12
113846,113891,11
113847,113893,11
113848,113894,14
113849,113894,14
113850,113895,15
113851,113896,13
113852,113897,12
113853,113897,12
113854,113898,12
113855,113898,12
113856,113899,11
113857,113900,15
113858,113901,12
113859,113901,14
113860,113902,12
113861,113903,14
113862,113903,13
113863,113905,14
113864,113907,13
113865,113908,11
113866,113909,13
113867,113910,13
113868,113911,15
113869,113912,11
113870,113914,14
113871,113914,11
113872,113915,11
113873,113916,13
113874,113918,13
113875,113919,15
113876,113921,12
113877,113921,12
113878,113923,14
113879,113923,12
113880,113924,14
113881,113926,12
113882,113926,12
113883,113927,14
113884,113927,14
113885,113928,14
113886,113930,15
113887,113931,14
113888,113931,12
113889,113932,13
113890,113933,11
113891,113933,12
113892,113934,15
113893,113938,11
113894,113938,15
113895,113940,13
113896,113940,15
113897,113941,11
113898,113942,11
113899,113944,11
113900,113945,13
113901,113945,15
113902,113946,13
113903,113946,15
113904,113947,12
113905,113948,11
113906,113949,13
113907,113949,15
113908,113950,11
113909,113953,12
113910,113955,12
113911,113956,14
113912,113956,14
113913,113957,11
113914,113957,14
113915,113959,11
113916,113959,15
113917,113960,11
113918,113960,11
113919,113961,15
113920,113961,14
113921,113963,13
113922,113963,13
113923,113964,15
113924,113964,15
113925,113968,12
113926,113970,11
113927,113970,15
113928,113971,11
113929,113971,13
113930,113973,12
113931,113974,12
113932,113975,14
113933,113975,13
113934,113976,13
113935,113976,15
113936,113977,15
113937,113977,15
113938,113978,11
113939,113979,11
113940,113980,12
113941,113980,15
113942,113981,14
113943,113981,11
113944,113982,11
113945,113982,12
113946,113983,14
113947,113984,15
113948,113985,14
113949,113985,11
113950,113986,13
113951,113986,14
113952,113988,13
113953,113988,12
113954,113989,14
113955,113990,14
113956,113991,11
113957,113991,15
113958,113993,11
113959,113994,11
113960,113995,11
113961,113996,13
113962,113996,11
113963,113998,11
113964,113999,14
113965,114000,13
113966,114001,11
113967,114001,12
113968,114006,12
113969,114007,14
113970,114007,11
113971,114008,14
113972,114008,14
113973,114009,11
113974,114009,12
113975,114010,13
113976,114010,12
113977,114011,14
113978,114013,13
113979,114013,15
113980,114014,15
113981,114014,11
113982,114017,11
113983,114017,12
113984,114018,14
113985,114018,12
113986,114020,14
113987,114020,15
113988,114022,11
113989,114025,13
113990,114025,12
113991,114028,15
113992,114028,14
113993,114031,12
113994,114033,13
113995,114034,15
113996,114034,14
113997,114037,11
113998,114038,13
113999,114038,13
114000,114039,15
114001,114040,13
114002,114040,11
114003,114041,15
114004,114043,13
114005,114044,14
114006,114048,14
114007,114048,15
114008,114049,11
114009,114049,11
114010,114050,14
114011,114051,14
114012,114051,14
114013,114053,15
114014,114054,11
114015,114055,14
114016,114055,13
114017,114056,11
114018,114057,12
114019,114060,15
114020,114060,15
114021,114062,15
114022,114062,13
114023,114063,15
114024,114067,11
114025,114067,11
114026,114068,13
114027,114070,13
114028,114070,14
114029,114071,14
114030,114071,13
114031,114073,14
114032,114074,11
114033,114076,13
114034,114078,12
114035,114080,15
114036,114081,13
114037,114085,14
114038,114087,11
114039,114087,12
114040,114089,13
114041,114089,13
114042,114090,14
114043,114091,13
114044,114093,14
114045,114095,13
114046,114095,13
114047,114098,12
114048,114098,13
114049,114100,12
114050,114100,15
114051,114101,13
114052,114101,14
114053,114102,13
114054,114102,14
114055,114105,15
114056,114105,14
114057,114106,13
114058,114107,11
114059,114107,12
114060,114108,14
114061,114109,12
114062,114109,14
114063,114110,12
114064,114111,12
114065,114111,12
114066,114114,12
114067,114114,12
114068,114115,15
114069,114116,13
114070,114117,12
114071,114117,13
114072,114118,11
114073,114118,11
114074,114119,13
114075,114119,14
114076,114120,14
114077,114120,14
114078,114124,15
114079,114128,11
114080,114129,15
114081,114129,14
114082,114130,14
114083,114131,15
114084,114132,15
114085,114132,14
114086,114133,14
114087,114133,14
114088,114136,14
114089,114136,14
114090,114137,15
114091,114137,13
114092,114139,15
114093,114140,12
114094,114140,15
114095,114141,15
114096,114141,13
114097,114142,13
114098,114144,11
114099,114144,15
114100,114145,14
114101,114147,14
114102,114147,11
114103,114148,11
114104,114148,11
114105,114149,14
114106,114150,15
114107,114150,12
114108,114151,11
114109,114153,14
114110,114153,14
114111,114155,11
114112,114155,14
114113,114156,13
114114,114157,11
114115,114157,14
114116,114158,15
114117,114160,13
114118,114160,14
114119,114163,12
114120,114164,11
114121,114165,13
114122,114165,14
114123,114167,15
114124,114167,13
114125,114168,15
114126,114168,13
114127,114170,11
114128,114171,14
114129,114172,14
114130,114172,14
114131,114174,14
114132,114175,12
114133,114175,15
114134,114176,12
114135,114177,13
114136,114177,12
114137,114178,15
114138,114180,14
114139,114180,15
114140,114181,15
114141,114181,11
114142,114183,12
114143,114184,14
114144,114184,12
114145,114185,15
114146,114185,11
114147,114186,15
114148,114186,15
114149,114188,13
114150,114188,12
114151,114189,13
114152,114190,14
114153,114191,11
114154,114192,12
114155,114193,12
114156,114193,12
114157,114194,11
114158,114195,15
114159,114195,15
114160,114197,15
114161,114198,14
114162,114201,11
114163,114202,11
114164,114202,15
114165,114203,14
114166,114203,13
114167,114204,11
114168,114205,15
114169,114205,14
114170,114206,12
114171,114206,15
114172,114207,12
114173,114207,12
114174,114209,11
114175,114211,11
114176,114212,12
114177,114214,13
114178,114214,15
114179,114215,15
114180,114216,11
114181,114216,15
114182,114217,14
114183,114217,13
114184,114218,11
114185,114219,12
114186,114220,11
114187,114220,12
114188,114221,15
114189,114222,12
114190,114222,15
114191,114224,12
114192,114226,11
114193,114226,14
114194,114227,12
114195,114227,12
114196,114228,14
114197,114228,13
114198,114231,15
114199,114232,14
114200,114233,12
114201,114235,15
114202,114237,11
114203,114237,13
114204,114241,14
114205,114241,15
114206,114242,14
114207,114242,15
114208,114245,14
114209,114247,11
114210,114247,15
114211,114248,14
114212,114249,12
114213,114250,13
114214,114250,14
114215,114251,12
114216,114255,12
114217,114255,14
114218,114257,11
114219,114257,14
114220,114258,13
114221,114260,11
114222,114261,12
114223,114262,14
114224,114263,14
114225,114263,11
114226,114264,13
114227,114265,11
114228,114265,13
114229,114266,15
114230,114266,11
114231,114267,15
114232,114267,13
114233,114268,12
114234,114269,15
114235,114269,14
114236,114270,11
114237,114274,11
114238,114274,12
114239,114275,11
114240,114276,12
114241,114276,14
114242,114277,13
114243,114277,13
114244,114279,12
114245,114279,15
114246,114280,12
114247,114280,14
114248,114281,12
114249,114282,15
114250,114283,11
114251,114284,14
114252,114284,14
114253,114285,15
114254,114286,12
114255,114286,15
114256,114287,13
114257,114289,14
114258,114289,15
114259,114290,11
114260,114291,11
114261,114291,14
114262,114292,11
114263,114292,11
114264,114294,11
114265,114294,12
114266,114297,15
114267,114299,15
114268,114301,12
114269,114301,12
114270,114302,13
114271,114304,15
114272,114304,11
114273,114305,12
114274,114305,11
114275,114306,13
114276,114307,11
114277,114310,13
114278,114310,14
114279,114312,14
114280,114313,15
114281,114313,12
114282,114314,15
114283,114315,11
114284,114316,13
114285,114316,11
114286,114320,11
114287,114321,13
114288,114323,13
114289,114325,14
114290,114325,12
114291,114326,13
114292,114327,11
114293,114328,11
114294,114331,14
114295,114331,13
114296,114332,11
114297,114332,14
114298,114333,11
114299,114333,14
114300,114334,13
114301,114335,14
114302,114335,11
114303,114337,15
114304,114337,14
114305,114338,13
114306,114343,13
114307,114343,13
114308,114344,14
114309,114344,15
114310,114346,11
114311,114348,15
114312,114348,13
114313,114349,12
114314,114350,15
114315,114352,13
114316,114353,13
114317,114354,11
114318,114355,14
114319,114356,13
114320,114357,15
114321,114360,11
114322,114363,12
114323,114364,14
114324,114365,15
114325,114366,11
114326,114366,14
114327,114369,14
114328,114369,15
114329,114370,11
114330,114370,12
114331,114371,12
114332,114371,15
114333,114372,14
114334,114373,15
114335,114374,11
114336,114375,12
114337,114375,14
114338,114376,13
114339,114378,12
114340,114378,15
114341,114384,14
114342,114384,13
114343,114385,12
114344,114385,13
114345,114386,12
114346,114389,15
114347,114391,14
114348,114392,13
114349,114392,11
114350,114393,14
114351,114394,12
114352,114395,15
114353,114396,13
114354,114397,13
114355,114398,11
114356,114398,15
114357,114399,14
114358,114401,12
114359,114402,13
114360,114403,11
114361,114403,14
114362,114405,14
114363,114405,13
114364,114406,14
114365,114407,15
114366,114407,13
114367,114408,11
114368,114408,11
114369,114409,13
114370,114411,15
114371,114411,15
114372,114412,15
114373,114413,11
114374,114413,13
114375,114415,14
114376,114416,15
114377,114417,14
114378,114419,14
114379,114419,12
114380,114421,12
114381,114424,11
114382,114424,12
114383,114425,14
114384,114426,12
114385,114426,11
114386,114428,14
114387,114429,15
114388,114429,12
114389,114430,15
114390,114431,13
114391,114432,15
114392,114433,13
114393,114434,12
114394,114436,12
114395,114437,14
114396,114438,15
114397,114438,15
114398,114439,12
114399,114440,13
114400,114440,12
114401,114441,12
114402,114441,11
114403,114443,11
114404,114443,11
114405,114444,15
114406,114448,13
114407,114448,13
114408,114450,13
114409,114450,13
114410,114451,14
114411,114452,11
114412,114452,14
114413,114454,15
114414,114454,11
114415,114455,13
114416,114455,11
114417,114456,13
114418,114456,11
114419,114457,11
114420,114457,14
114421,114458,15
114422,114459,11
114423,114459,13
114424,114461,14
114425,114463,14
114426,114463,11
114427,114464,14
114428,114465,12
114429,114466,12
114430,114467,12
114431,114467,15
114432,114468,12
114433,114468,12
114434,114471,12
114435,114472,12
114436,114473,14
114437,114473,11
114438,114474,15
114439,114474,13
114440,114476,15
114441,114479,12
114442,114480,12
114443,114480,13
114444,114481,14
114445,114481,12
114446,114482,14
114447,114482,14
114448,114484,12
114449,114484,12
114450,114486,15
114451,114486,12
114452,114487,12
114453,114488,11
114454,114488,14
114455,114489,13
114456,114490,15
114457,114490,14
114458,114491,12
114459,114491,15
114460,114494,14
114461,114494,13
114462,114495,14
114463,114495,14
114464,114497,11
114465,114502,11
114466,114503,14
114467,114505,15
114468,114508,11
114469,114509,15
114470,114510,11
114471,114511,15
114472,114512,13
114473,114513,11
114474,114517,12
114475,114518,15
114476,114518,11
114477,114519,12
114478,114519,11
114479,114520,11
114480,114522,13
114481,114523,13
114482,114527,14
114483,114527,14
114484,114529,12
114485,114530,11
114486,114532,15
114487,114532,15
114488,114534,12
114489,114535,11
114490,114535,13
114491,114538,11
114492,114539,12
114493,114539,11
114494,114540,12
114495,114547,11
114496,114548,15
114497,114550,11
114498,114550,11
114499,114551,11
114500,114551,12
114501,114552,12
114502,114552,11
114503,114553,15
114504,114553,11
114505,114554,13
114506,114555,12
114507,114556,11
114508,114557,12
114509,114557,11
114510,114559,14
114511,114559,14
114512,114560,13
114513,114560,11
114514,114561,12
114515,114562,14
114516,114562,11
114517,114565,12
114518,114566,15
114519,114566,14
114520,114567,13
114521,114567,11
114522,114570,15
114523,114571,14
114524,114571,11
114525,114572,15
114526,114572,14
114527,114573,13
114528,114573,13
114529,114574,13
114530,114574,14
114531,114575,15
114532,114577,12
114533,114580,15
114534,114580,14
114535,114583,15
114536,114583,14
114537,114585,15
114538,114586,13
114539,114586,13
114540,114588,11
114541,114589,11
114542,114589,11
114543,114590,12
114544,114590,12
114545,114591,13
114546,114593,15
114547,114593,12
114548,114594,12
114549,114594,12
114550,114596,11
114551,114596,13
114552,114598,15
114553,114599,13
114554,114603,14
114555,114603,11
114556,114604,13
114557,114605,13
114558,114607,14
114559,114607,15
114560,114608,13
114561,114608,11
114562,114609,11
114563,114611,12
114564,114611,15
114565,114612,15
114566,114612,14
114567,114613,14
114568,114613,15
114569,114614,13
114570,114615,14
114571,114616,12
114572,114618,14
114573,114619,15
114574,114620,15
114575,114621,15
114576,114622,15
114577,114624,15
114578,114625,12
114579,114625,11
114580,114627,13
114581,114628,13
114582,114628,14
114583,114629,14
114584,114630,12
114585,114633,14
114586,114635,12
114587,114636,11
114588,114638,14
114589,114638,11
114590,114639,15
114591,114639,13
114592,114640,12
114593,114641,12
114594,114641,15
114595,114642,13
114596,114643,15
114597,114643,15
114598,114645,13
114599,114646,15
114600,114647,14
114601,114647,14
114602,114649,11
114603,114649,12
114604,114650,15
114605,114650,11
114606,114651,13
114607,114652,14
114608,114652,12
114609,114653,14
114610,114654,13
114611,114656,13
114612,114657,12
114613,114659,15
114614,114659,12
114615,114660,15
114616,114660,12
114617,114661,13
114618,114661,13
114619,114662,11
114620,114663,13
114621,114665,13
114622,114665,12
114623,114666,12
114624,114666,12
114625,114671,11
114626,114671,15
114627,114673,14
114628,114673,13
114629,114674,11
114630,114675,14
114631,114676,14
114632,114676,15
114633,114680,13
114634,114680,15
114635,114681,15
114636,114682,13
114637,114683,12
114638,114683,14
114639,114684,15
114640,114684,15
114641,114685,15
114642,114685,13
114643,114688,14
114644,114688,15
114645,114690,13
114646,114692,11
114647,114693,11
114648,114693,13
114649,114694,14
114650,114694,14
114651,114696,13
114652,114696,15
114653,114698,11
114654,114698,14
114655,114699,13
114656,114702,11
114657,114703,15
114658,114703,13
114659,114705,12
114660,114705,13
114661,114706,14
114662,114707,12
114663,114709,11
114664,114709,13
114665,114711,14
114666,114711,14
114667,114713,15
114668,114713,13
114669,114715,11
114670,114717,15
114671,114718,14
114672,114718,13
114673,114723,14
114674,114723,15
114675,114724,11
114676,114724,15
114677,114725,13
114678,114727,13
114679,114727,14
114680,114728,14
114681,114729,14
114682,114730,13
114683,114731,12
114684,114732,11
114685,114732,13
114686,114733,12
114687,114734,12
114688,114734,11
114689,114735,11
114690,114736,14
114691,114739,13
114692,114739,14
114693,114740,11
114694,114741,14
114695,114741,11
114696,114742,12
114697,114743,13
114698,114745,13
114699,114746,14
114700,114747,14
114701,114747,11
114702,114748,11
114703,114748,13
114704,114749,13
114705,114749,13
114706,114750,13
114707,114751,12
114708,114751,15
114709,114753,12
114710,114755,15
114711,114755,15
114712,114757,12
114713,114758,15
114714,114758,12
114715,114759,12
114716,114760,14
114717,114760,12
114718,114761,13
114719,114762,13
114720,114763,15
114721,114763,12
114722,114764,11
114723,114765,13
114724,114765,14
114725,114766,13
114726,114768,13
114727,114770,15
114728,114772,14
114729,114773,14
114730,114773,12
114731,114774,11
114732,114774,12
114733,114775,13
114734,114775,15
114735,114777,12
114736,114780,14
114737,114780,11
114738,114781,12
114739,114783,14
114740,114783,13
114741,114784,13
114742,114784,11
114743,114785,11
114744,114785,15
114745,114786,12
114746,114786,11
114747,114788,14
114748,114792,12
114749,114792,14
114750,114794,15
114751,114795,11
114752,114795,13
114753,114796,12
114754,114796,13
114755,114798,11
114756,114798,13
114757,114800,13
114758,114802,13
114759,114803,15
114760,114803,12
114761,114804,14
114762,114806,12
114763,114806,15
114764,114807,12
114765,114809,15
114766,114809,11
114767,114810,13
114768,114810,11
114769,114811,15
114770,114811,14
114771,114812,15
114772,114813,13
114773,114814,12
114774,114815,13
114775,114815,12
114776,114817,13
114777,114818,11
114778,114820,12
114779,114821,14
114780,114822,11
114781,114823,11
114782,114824,13
114783,114824,13
114784,114825,11
114785,114826,13
114786,114828,14
114787,114828,11
114788,114830,15
114789,114832,15
114790,114832,15
114791,114833,12
114792,114833,11
114793,114835,11
114794,114835,13
114795,114836,13
114796,114836,11
114797,114837,12
114798,114837,14
114799,114838,12
114800,114838,14
114801,114839,11
114802,114839,11
114803,114840,12
114804,114841,14
114805,114841,12
114806,114842,12
114807,114842,14
114808,114843,12
114809,114844,13
114810,114844,14
114811,114846,12
114812,114849,14
114813,114852,14
114814,114854,13
114815,114855,12
114816,114856,13
114817,114857,14
114818,114857,14
114819,114859,13
114820,114859,13
114821,114860,13
114822,114860,11
114823,114861,11
114824,114861,13
114825,114862,12
114826,114862,14
114827,114863,14
114828,114863,15
114829,114865,15
114830,114866,13
114831,114866,11
114832,114867,11
114833,114867,13
114834,114868,14
114835,114870,15
114836,114871,13
114837,114873,15
114838,114873,13
114839,114874,15
114840,114876,12
114841,114876,15
114842,114877,15
114843,114877,12
114844,114878,14
114845,114880,11
114846,114880,13
114847,114882,11
114848,114883,12
114849,114884,11
114850,114884,14
114851,114885,11
114852,114886,14
114853,114886,14
114854,114887,14
114855,114887,13
114856,114889,14
114857,114890,11
114858,114891,11
114859,114891,14
114860,114896,15
114861,114897,14
114862,114898,11
114863,114898,12
114864,114900,13
114865,114901,13
114866,114902,14
114867,114902,13
114868,114905,11
114869,114906,13
114870,114908,12
114871,114910,12
114872,114910,14
114873,114911,15
114874,114911,14
114875,114912,14
114876,114914,15
114877,114915,15
114878,114916,11
114879,114916,12
114880,114918,13
114881,114918,12
114882,114919,14
114883,114919,13
114884,114920,13
114885,114921,14
114886,114921,14
114887,114923,12
114888,114923,15
114889,114926,14
114890,114927,13
114891,114927,12
114892,114928,12
114893,114928,14
114894,114929,15
114895,114929,12
114896,114930,13
114897,114931,13
114898,114932,14
114899,114932,14
114900,114936,14
114901,114938,13
114902,114939,12
114903,114944,14
114904,114944,12
114905,114945,13
114906,114948,12
114907,114951,13
114908,114952,11
114909,114952,12
114910,114953,12
114911,114955,12
114912,114956,11
114913,114956,12
114914,114957,13
114915,114957,13
114916,114958,11
114917,114958,15
114918,114959,13
114919,114959,13
114920,114961,14
114921,114961,13
114922,114963,11
114923,114964,15
114924,114964,14
114925,114965,13
114926,114966,12
114927,114966,11
114928,114967,11
114929,114968,12
114930,114968,15
114931,114969,11
114932,114970,14
114933,114972,13
114934,114973,11
114935,114976,13
114936,114976,12
114937,114977,14
114938,114977,12
114939,114978,11
114940,114978,14
114941,114979,15
114942,114979,15
114943,114980,12
114944,114980,15
114945,114981,12
114946,114981,15
114947,114982,14
114948,114983,15
114949,114983,12
114950,114984,12
114951,114985,12
114952,114988,11
114953,114989,14
114954,114989,14
114955,114990,14
114956,114992,12
114957,114995,12
114958,114996,12
114959,114996,11
114960,114997,14
114961,114997,15
114962,114998,13
114963,114999,15
114964,115000,12
114965,115001,12
114966,115002,11
114967,115004,15
114968,115004,11
114969,115005,15
114970,115005,14
114971,115007,12
114972,115007,12
114973,115009,14
114974,115010,15
114975,115010,13
114976,115012,15
114977,115012,11
114978,115013,14
114979,115013,15
114980,115014,14
114981,115014,15
114982,115015,14
114983,115015,12
114984,115016,14
114985,115016,12
114986,115017,14
114987,115018,14
114988,115018,15
114989,115019,12
114990,115019,14
114991,115020,15
114992,115021,12
114993,115024,13
114994,115024,14
114995,115026,14
114996,115027,14
114997,115027,15
114998,115028,11
114999,115029,15
115000,115029,12
115001,115030,13
115002,115030,12
115003,115034,15
115004,115034,11
115005,115035,12
115006,115037,14
115007,115038,14
115008,115039,11
115009,115039,13
115010,115042,14
115011,115043,13
115012,115043,13
115013,115044,14
115014,115046,11
115015,115047,14
115016,115048,13
115017,115049,12
115018,115051,13
115019,115052,13
115020,115052,11
115021,115053,12
115022,115057,12
115023,115057,15
115024,115059,11
115025,115059,15
115026,115061,15
115027,115062,13
115028,115063,12
115029,115064,11
115030,115065,14
115031,115065,13
115032,115066,14
115033,115066,12
115034,115069,13
115035,115069,14
115036,115072,12
115037,115074,11
115038,115077,14
115039,115077,13
115040,115078,14
115041,115078,14
115042,115079,14
115043,115079,13
115044,115083,11
115045,115084,13
115046,115084,11
115047,115086,14
115048,115086,11
115049,115088,15
115050,115088,12
115051,115089,11
115052,115091,15
115053,115091,13
115054,115092,12
115055,115093,11
115056,115094,14
115057,115095,12
115058,115095,14
115059,115096,15
115060,115097,12
115061,115100,12
115062,115100,14
115063,115101,12
115064,115101,14
115065,115104,12
115066,115105,13
115067,115105,15
115068,115106,13
115069,115106,11
115070,115108,11
115071,115108,13
115072,115109,15
115073,115109,14
115074,115110,12
115075,115111,13
115076,115114,12
115077,115114,14
115078,115115,11
115079,115115,11
115080,115121,14
115081,115121,12
115082,115122,11
115083,115123,12
115084,115124,11
115085,115125,13
115086,115125,15
115087,115126,11
115088,115126,13
115089,115128,12
115090,115129,14
115091,115129,15
115092,115130,11
115093,115130,12
115094,115131,15
115095,115131,15
115096,115132,13
115097,115135,12
115098,115136,15
115099,115137,11
115100,115140,12
115101,115140,12
115102,115142,11
115103,115142,12
115104,115143,11
115105,115144,14
115106,115145,14
115107,115146,12
115108,115146,11
115109,115147,11
115110,115147,12
115111,115148,15
115112,115148,14
115113,115149,11
115114,115149,11
115115,115151,13
115116,115151,13
115117,115152,13
115118,115152,13
115119,115153,14
115120,115153,14
115121,115155,15
115122,115156,11
115123,115156,13
115124,115157,11
115125,115157,12
115126,115158,14
115127,115159,12
115128,115162,13
115129,115163,15
115130,115164,14
115131,115164,13
115132,115165,12
115133,115168,12
115134,115170,14
115135,115172,14
115136,115173,12
115137,115173,15
115138,115175,14
115139,115175,13
115140,115176,12
115141,115177,15
115142,115178,14
115143,115178,14
115144,115179,13
115145,115179,11
115146,115180,13
115147,115180,14
115148,115181,15
115149,115184,11
115150,115185,15
115151,115187,14
115152,115188,13
115153,115189,13
115154,115189,12
115155,115191,11
115156,115192,14
115157,115192,12
115158,115193,13
115159,115193,13
115160,115194,15
115161,115194,11
115162,115196,14
115163,115196,11
115164,115197,15
115165,115198,13
115166,115198,12
115167,115199,12
115168,115200,15
115169,115201,15
115170,115202,15
115171,115202,15
115172,115204,11
115173,115204,12
115174,115208,12
115175,115208,15
115176,115210,12
115177,115212,15
115178,115214,15
115179,115216,14
115180,115216,13
115181,115217,15
115182,115219,15
115183,115221,11
115184,115224,13
115185,115224,12
115186,115226,12
115187,115226,11
115188,115227,14
115189,115227,12
115190,115228,11
115191,115228,12
115192,115229,14
115193,115232,14
115194,115232,13
115195,115233,11
115196,115233,13
115197,115237,11
115198,115237,11
115199,115240,12
115200,115241,13
115201,115241,15
115202,115242,14
115203,115243,14
115204,115243,12
115205,115246,14
115206,115246,13
115207,115248,12
115208,115248,14
115209,115250,14
115210,115251,15
115211,115252,15
115212,115252,11
115213,115254,11
115214,115254,15
115215,115255,14
115216,115256,13
115217,115256,12
115218,115257,14
115219,115257,14
115220,115258,13
115221,115259,14
115222,115259,14
115223,115260,11
115224,115260,11
115225,115261,11
115226,115262,13
115227,115262,15
115228,115266,11
115229,115267,12
115230,115267,14
115231,115268,12
115232,115270,14
115233,115273,15
115234,115274,13
115235,115274,13
115236,115275,15
115237,115275,15
115238,115276,12
115239,115276,13
115240,115277,15
115241,115280,12
115242,115280,12
115243,115282,12
115244,115282,11
115245,115283,11
115246,115283,13
115247,115284,11
115248,115285,11
115249,115285,15
115250,115286,14
115251,115287,11
115252,115287,11
115253,115289,14
115254,115289,11
115255,115295,11
115256,115295,13
115257,115297,13
115258,115297,13
115259,115298,14
115260,115299,11
115261,115299,15
115262,115300,14
115263,115300,15
115264,115301,14
115265,115301,12
115266,115303,12
115267,115305,14
115268,115305,15
115269,115306,11
115270,115306,14
115271,115307,14
115272,115307,12
115273,115308,11
115274,115308,13
115275,115309,12
115276,115309,13
115277,115310,14
115278,115310,15
115279,115311,14
115280,115311,12
115281,115312,14
115282,115313,15
115283,115314,12
115284,115315,15
115285,115315,13
115286,115316,15
115287,115316,15
115288,115317,14
115289,115317,14
115290,115319,13
115291,115320,12
115292,115327,11
115293,115327,12
115294,115330,14
115295,115331,12
115296,115331,11
115297,115332,14
115298,115332,13
115299,115333,12
115300,115336,11
115301,115336,15
115302,115338,12
115303,115338,12
115304,115339,14
115305,115343,12
115306,115344,13
115307,115345,12
115308,115348,11
115309,115350,14
115310,115351,14
115311,115352,15
115312,115352,13
115313,115353,14
115314,115354,11
115315,115355,11
115316,115359,11
115317,115359,13
115318,115361,14
115319,115361,12
115320,115364,13
115321,115364,15
115322,115365,12
115323,115365,12
115324,115367,13
115325,115367,12
115326,115368,15
115327,115368,11
115328,115370,14
115329,115370,15
115330,115371,11
115331,115373,14
115332,115374,13
115333,115374,13
115334,115375,14
115335,115376,14
115336,115376,12
115337,115379,15
115338,115379,12
115339,115381,15
115340,115381,12
115341,115385,14
115342,115386,13
115343,115386,14
115344,115387,14
115345,115388,15
115346,115390,11
115347,115390,13
115348,115391,12
115349,115392,15
115350,115395,14
115351,115395,15
115352,115396,12
115353,115397,11
115354,115397,13
115355,115398,13
115356,115398,15
115357,115399,15
115358,115399,11
115359,115400,14
115360,115400,14
115361,115402,13
115362,115402,12
115363,115403,13
115364,115403,11
115365,115404,15
115366,115406,12
115367,115406,12
115368,115407,12
115369,115407,13
115370,115409,15
115371,115409,15
115372,115410,11
115373,115411,12
115374,115411,12
115375,115412,14
115376,115413,12
115377,115414,11
115378,115414,13
115379,115416,14
115380,115416,14
115381,115417,14
115382,115418,14
115383,115418,14
115384,115420,13
115385,115420,15
115386,115421,14
115387,115421,12
115388,115423,13
115389,115424,15
115390,115428,13
115391,115428,13
115392,115429,12
115393,115429,12
115394,115430,14
115395,115431,15
115396,115431,13
115397,115432,11
115398,115433,14
115399,115433,12
115400,115435,11
115401,115435,15
115402,115439,11
115403,115441,14
115404,115442,12
115405,115442,11
115406,115443,15
115407,115443,11
115408,115444,11
115409,115444,13
115410,115445,14
115411,115448,14
115412,115449,11
115413,115449,11
115414,115452,15
115415,115452,13
115416,115454,13
115417,115454,15
115418,115456,12
115419,115456,15
115420,115459,11
115421,115459,14
115422,115460,13
115423,115462,12
115424,115462,14
115425,115464,11
115426,115464,13
115427,115465,12
115428,115466,13
115429,115466,14
115430,115467,12
115431,115467,12
115432,115468,15
115433,115469,14
115434,115470,13
115435,115471,12
115436,115472,14
115437,115472,15
115438,115473,14
115439,115475,11
115440,115475,11
115441,115478,11
115442,115478,12
115443,115481,12
115444,115481,12
115445,115483,14
115446,115483,13
115447,115485,12
115448,115485,15
115449,115487,14
115450,115487,14
115451,115488,15
115452,115489,14
115453,115490,14
115454,115491,14
115455,115492,12
115456,115492,11
115457,115494,14
115458,115496,11
115459,115497,15
115460,115500,15
115461,115502,14
115462,115502,11
115463,115503,15
115464,115504,13
115465,115505,11
115466,115506,12
115467,115508,11
115468,115508,15
115469,115510,15
115470,115512,11
115471,115513,12
115472,115514,15
115473,115515,14
115474,115515,12
115475,115516,12
115476,115516,14
115477,115517,13
115478,115517,13
115479,115519,11
115480,115520,11
115481,115521,15
115482,115522,11
115483,115524,11
115484,115526,13
115485,115526,13
115486,115527,11
115487,115527,11
115488,115528,15
115489,115528,15
115490,115530,15
115491,115531,13
115492,115532,11
115493,115532,14
115494,115533,12
115495,115536,14
115496,115536,11
115497,115538,12
115498,115541,14
115499,115542,15
115500,115542,12
115501,115543,15
115502,115543,12
115503,115545,13
115504,115545,11
115505,115546,13
115506,115548,13
115507,115548,11
115508,115549,15
115509,115551,13
115510,115551,11
115511,115552,13
115512,115553,14
115513,115553,12
115514,115554,13
115515,115556,14
115516,115556,12
115517,115557,13
115518,115558,12
115519,115561,14
115520,115562,11
115521,115562,11
115522,115563,13
115523,115563,11
115524,115565,13
115525,115565,14
115526,115567,15
115527,115567,12
115528,115570,14
115529,115570,12
115530,115572,13
115531,115573,12
115532,115573,15
115533,115574,15
115534,115576,12
115535,115576,15
115536,115578,12
115537,115578,12
115538,115581,13
115539,115581,15
115540,115582,12
115541,115583,12
115542,115585,12
115543,115586,15
115544,115586,13
115545,115587,15
115546,115588,14
115547,115588,13
115548,115589,11
115549,115589,11
115550,115590,11
115551,115591,13
115552,115591,14
115553,115592,15
115554,115592,14
115555,115594,15
115556,115594,12
115557,115596,15
115558,115596,12
115559,115599,13
115560,115599,15
115561,115600,13
115562,115601,13
115563,115604,14
115564,115604,12
115565,115605,11
115566,115606,12
115567,115606,11
115568,115608,15
115569,115609,14
115570,115609,15
115571,115610,14
115572,115612,12
115573,115612,11
115574,115614,13
115575,115614,14
115576,115616,15
115577,115616,12
115578,115617,14
115579,115618,15
115580,115618,11
115581,115623,15
115582,115624,11
115583,115625,11
115584,115625,12
115585,115628,13
115586,115628,11
115587,115629,12
115588,115629,13
115589,115632,13
115590,115632,13
115591,115634,12
115592,115634,14
115593,115636,13
115594,115639,13
115595,115639,15
115596,115640,11
115597,115642,13
115598,115643,13
115599,115643,13
115600,115644,15
115601,115644,15
115602,115646,12
115603,115647,15
115604,115647,14
115605,115648,13
115606,115648,12
115607,115649,15
115608,115650,13
115609,115652,12
115610,115654,14
115611,115655,15
115612,115656,13
115613,115656,13
115614,115657,14
115615,115657,13
115616,115661,11
115617,115662,14
115618,115665,13
115619,115665,13
115620,115666,14
115621,115666,13
115622,115667,11
115623,115669,12
115624,115669,13
115625,115670,15
115626,115670,15
115627,115672,15
115628,115672,14
115629,115676,14
115630,115676,12
115631,115678,13
115632,115678,14
115633,115679,14
115634,115679,13
115635,115682,12
115636,115685,12
115637,115685,15
115638,115686,12
115639,115686,12
115640,115687,12
115641,115687,11
115642,115689,13
115643,115689,15
115644,115691,11
115645,115691,11
115646,115693,14
115647,115695,11
115648,115695,11
115649,115696,13
115650,115696,12
115651,115698,13
115652,115699,13
115653,115699,15
115654,115703,14
115655,115704,15
115656,115705,11
115657,115705,12
115658,115706,15
115659,115707,14
115660,115707,15
115661,115709,11
115662,115711,11
115663,115711,12
115664,115713,14
115665,115714,12
115666,115715,15
115667,115715,11
115668,115717,15
115669,115717,11
115670,115718,11
115671,115718,14
115672,115720,14
115673,115720,15
115674,115723,12
115675,115724,15
115676,115726,13
115677,115727,12
115678,115727,15
115679,115728,14
115680,115729,12
115681,115729,15
115682,115730,14
115683,115731,12
115684,115731,15
115685,115732,13
115686,115732,11
115687,115733,12
115688,115734,12
115689,115736,15
115690,115736,11
115691,115737,13
115692,115737,15
115693,115738,11
115694,115740,11
115695,115740,12
115696,115741,12
115697,115741,12
115698,115743,13
115699,115743,12
115700,115744,14
115701,115744,14
115702,115747,11
115703,115747,14
115704,115748,11
115705,115748,14
115706,115750,15
115707,115750,14
115708,115751,15
115709,115751,14
115710,115752,12
115711,115752,14
115712,115753,13
115713,115753,13
115714,115756,14
115715,115756,11
115716,115757,14
115717,115758,11
115718,115759,14
115719,115761,12
115720,115762,14
115721,115762,14
115722,115764,15
115723,115765,12
115724,115765,13
115725,115767,12
115726,115768,13
115727,115768,15
115728,115770,15
115729,115770,12
115730,115772,12
115731,115773,12
115732,115773,13
115733,115775,14
115734,115775,14
115735,115780,15
115736,115782,11
115737,115783,11
115738,115783,14
115739,115785,14
115740,115785,13
115741,115786,12
115742,115786,15
115743,115787,15
115744,115790,14
115745,115790,15
115746,115792,11
115747,115793,15
115748,115796,12
115749,115796,12
115750,115797,14
115751,115797,15
115752,115799,12
115753,115800,11
115754,115800,12
115755,115803,14
115756,115803,13
115757,115804,15
115758,115805,13
115759,115807,14
115760,115807,15
115761,115809,14
115762,115809,13
115763,115810,15
115764,115810,13
115765,115812,13
115766,115813,11
115767,115813,11
115768,115814,15
115769,115814,15
115770,115815,15
115771,115815,12
115772,115816,15
115773,115816,11
115774,115818,13
115775,115820,11
115776,115820,13
115777,115821,15
115778,115821,15
115779,115822,12
115780,115822,12
115781,115826,15
115782,115826,15
115783,115828,14
115784,115831,11
115785,115831,14
115786,115832,15
115787,115833,12
115788,115834,11
115789,115836,14
115790,115837,15
115791,115838,11
115792,115839,11
115793,115840,13
115794,115841,14
115795,115841,13
115796,115842,13
115797,115842,14
115798,115844,11
115799,115845,11
115800,115846,11
115801,115847,12
115802,115847,15
115803,115850,12
115804,115850,13
115805,115851,15
115806,115853,12
115807,115854,12
115808,115854,13
115809,115855,11
115810,115855,12
115811,115856,13
115812,115856,14
115813,115860,13
115814,115860,15
115815,115861,11
115816,115862,13
115817,115865,15
115818,115866,13
115819,115867,14
115820,115868,12
115821,115869,12
115822,115870,11
115823,115870,13
115824,115871,11
115825,115872,13
115826,115872,14
115827,115873,14
115828,115874,12
115829,115875,15
115830,115876,11
115831,115878,11
115832,115878,13
115833,115879,14
115834,115881,14
115835,115881,13
115836,115882,15
115837,115883,14
115838,115884,13
115839,115887,15
115840,115887,14
115841,115888,11
115842,115889,11
115843,115890,11
115844,115890,13
115845,115891,14
115846,115894,13
115847,115894,12
115848,115896,12
115849,115896,15
115850,115897,14
115851,115898,15
115852,115898,11
115853,115899,15
115854,115899,15
115855,115900,15
115856,115900,14
115857,115902,13
115858,115902,14
115859,115903,15
115860,115903,12
115861,115904,12
115862,115904,11
115863,115906,12
115864,115906,13
115865,115908,11
115866,115908,13
115867,115910,14
115868,115910,11
115869,115915,11
115870,115915,15
115871,115916,15
115872,115916,11
115873,115918,13
115874,115920,15
115875,115920,12
115876,115921,15
115877,115922,14
115878,115922,13
115879,115923,14
115880,115924,14
115881,115924,14
115882,115925,15
115883,115925,13
115884,115926,11
115885,115928,12
115886,115929,15
115887,115929,12
115888,115930,15
115889,115930,12
115890,115931,13
115891,115931,14
115892,115933,11
115893,115935,13
115894,115935,13
115895,115936,13
115896,115937,15
115897,115938,13
115898,115940,13
115899,115941,15
115900,115941,15
115901,115942,11
115902,115943,14
115903,115943,13
115904,115944,13
115905,115948,15
115906,115948,13
115907,115949,11
115908,115950,13
115909,115951,14
115910,115951,12
115911,115953,14
115912,115955,11
115913,115957,12
115914,115958,13
115915,115960,13
115916,115961,12
115917,115962,12
115918,115962,13
115919,115963,11
115920,115963,14
115921,115966,14
115922,115966,14
115923,115968,13
115924,115968,13
115925,115969,12
115926,115969,11
115927,115970,13
115928,115973,15
115929,115974,12
115930,115974,12
115931,115975,15
115932,115975,14
115933,115977,15
115934,115979,15
115935,115979,14
115936,115981,15
115937,115983,12
115938,115983,11
115939,115985,15
115940,115985,12
115941,115986,11
115942,115986,12
115943,115987,14
115944,115987,12
115945,115990,15
115946,115990,14
115947,115992,12
115948,115992,13
115949,115993,11
115950,115993,15
115951,115994,14
115952,115995,11
115953,115995,15
115954,115997,14
115955,115997,12
115956,115998,13
115957,115999,12
115958,116001,12
115959,116003,13
115960,116004,12
115961,116007,11
115962,116007,15
115963,116008,11
115964,116008,15
115965,116009,12
115966,116011,11
115967,116011,13
115968,116012,15
115969,116012,13
115970,116013,14
115971,116015,13
115972,116015,12
115973,116016,14
115974,116017,14
115975,116017,14
115976,116018,13
115977,116020,12
115978,116020,11
115979,116021,12
115980,116022,12
115981,116023,14
115982,116024,12
115983,116025,11
115984,116025,12
115985,116026,11
115986,116027,12
115987,116028,14
115988,116028,11
115989,116030,11
115990,116031,13
115991,116033,13
115992,116033,11
115993,116035,13
115994,116035,15
115995,116036,13
115996,116039,13
115997,116039,13
115998,116043,12
115999,116044,15
116000,116045,11
116001,116046,15
116002,116046,11
116003,116047,15
116004,116047,13
116005,116048,15
116006,116049,15
116007,116050,14
116008,116050,11
116009,116052,11
116010,116052,12
116011,116053,15
116012,116054,13
116013,116054,11
116014,116056,15
116015,116057,15
116016,116058,11
116017,116061,12
116018,116063,11
116019,116065,14
116020,116065,15
116021,116069,15
116022,116069,14
116023,116070,12
116024,116071,11
116025,116072,12
116026,116073,11
116027,116075,12
116028,116075,14
116029,116076,15
116030,116077,11
116031,116079,14
116032,116082,12
116033,116083,14
116034,116084,15
116035,116086,15
116036,116087,12
116037,116090,11
116038,116091,12
116039,116091,13
116040,116092,14
116041,116094,13
116042,116095,12
116043,116096,15
116044,116097,14
116045,116097,15
116046,116098,12
116047,116099,13
116048,116099,15
116049,116102,14
116050,116102,15
116051,116103,11
116052,116104,11
116053,116105,14
116054,116105,11
116055,116106,13
116056,116107,13
116057,116107,11
116058,116108,13
116059,116108,11
116060,116111,13
116061,116112,13
116062,116112,13
116063,116113,14
116064,116113,12
116065,116115,13
116066,116118,13
116067,116118,14
116068,116119,15
116069,116121,13
116070,116121,12
116071,116122,14
116072,116123,15
116073,116124,12
116074,116125,15
116075,116125,12
116076,116127,14
116077,116127,13
116078,116129,11
116079,116129,13
116080,116130,13
116081,116130,14
116082,116131,14
116083,116133,11
116084,116134,11
116085,116134,14
116086,116135,12
116087,116137,11
116088,116139,15
116089,116141,12
116090,116141,11
116091,116142,13
116092,116143,15
116093,116143,14
116094,116144,12
116095,116144,14
116096,116145,11
116097,116145,11
116098,116147,15
116099,116148,12
116100,116148,12
116101,116151,12
116102,116151,13
116103,116153,14
116104,116154,14
116105,116156,14
116106,116157,12
116107,116157,11
116108,116158,13
116109,116159,15
116110,116159,13
116111,116161,12
116112,116161,15
116113,116163,11
116114,116164,15
116115,116164,14
116116,116165,15
116117,116165,12
116118,116166,12
116119,116167,12
116120,116170,12
116121,116170,11
116122,116172,12
116123,116173,15
116124,116173,11
116125,116174,11
116126,116175,14
116127,116177,11
116128,116178,13
116129,116178,14
116130,116179,15
116131,116179,14
116132,116180,15
116133,116181,15
116134,116181,12
116135,116184,14
116136,116184,11
116137,116186,13
116138,116187,15
116139,116188,12
116140,116189,11
116141,116189,12
116142,116193,13
116143,116193,13
116144,116194,14
116145,116196,14
116146,116196,13
116147,116197,15
116148,116198,13
116149,116198,12
116150,116199,15
116151,116199,13
116152,116200,11
116153,116200,12
116154,116201,12
116155,116201,14
116156,116203,15
116157,116205,15
116158,116205,13
116159,116206,11
116160,116207,15
116161,116207,14
116162,116208,15
116163,116209,12
116164,116209,11
116165,116210,12
116166,116210,13
116167,116211,15
116168,116212,11
116169,116212,13
116170,116213,14
116171,116216,13
116172,116216,15
116173,116217,13
116174,116217,12
116175,116218,11
116176,116219,14
116177,116222,11
116178,116224,15
116179,116224,12
116180,116225,12
116181,116226,15
116182,116226,11
116183,116228,14
116184,116228,14
116185,116229,15
116186,116229,15
116187,116230,15
116188,116231,14
116189,116231,13
116190,116232,13
116191,116232,11
116192,116233,14
116193,116234,14
116194,116235,13
116195,116237,14
116196,116238,11
116197,116238,12
116198,116240,12
116199,116241,12
116200,116241,12
116201,116242,11
116202,116243,13
116203,116244,12
116204,116248,14
116205,116249,12
116206,116252,12
116207,116252,11
116208,116256,15
116209,116260,13
116210,116261,11
116211,116261,12
116212,116262,13
116213,116263,11
116214,116265,14
116215,116266,11
116216,116266,14
116217,116269,12
116218,116269,15
116219,116271,12
116220,116271,13
116221,116274,15
116222,116275,14
116223,116276,14
116224,116276,15
116225,116277,13
116226,116280,14
116227,116282,12
116228,116282,14
116229,116283,14
116230,116283,13
116231,116285,14
116232,116285,13
116233,116286,14
116234,116290,15
116235,116290,11
116236,116291,13
116237,116293,11
116238,116293,14
116239,116294,15
116240,116294,15
116241,116295,13
116242,116297,11
116243,116297,15
116244,116299,15
116245,116299,15
116246,116301,12
116247,116301,12
116248,116304,13
116249,116304,12
116250,116306,11
116251,116307,11
116252,116307,14
116253,116309,13
116254,116311,14
116255,116312,14
116256,116312,11
116257,116314,13
116258,116321,15
116259,116323,11
116260,116323,12
116261,116324,12
116262,116324,13
116263,116325,15
116264,116326,13
116265,116328,14
116266,116329,14
116267,116331,12
116268,116332,12
116269,116332,14
116270,116333,15
116271,116335,13
116272,116335,15
116273,116338,12
116274,116341,12
116275,116342,13
116276,116342,12
116277,116344,12
116278,116345,11
116279,116346,15
116280,116346,15
116281,116348,12
116282,116349,11
116283,116350,11
116284,116351,15
116285,116351,13
116286,116352,11
116287,116353,11
116288,116353,11
116289,116354,12
116290,116354,13
116291,116355,11
116292,116355,11
116293,116358,12
116294,116358,15
116295,116359,15
116296,116360,14
116297,116361,11
116298,116361,13
116299,116362,15
116300,116362,13
116301,116364,12
116302,116364,11
116303,116366,13
116304,116367,13
116305,116368,12
116306,116368,12
116307,116371,11
116308,116371,12
116309,116372,15
116310,116373,11
116311,116374,12
116312,116374,14
116313,116375,15
116314,116375,12
116315,116376,12
116316,116376,15
116317,116377,11
116318,116378,12
116319,116378,11
116320,116379,14
116321,116379,12
116322,116381,14
116323,116381,13
116324,116383,12
116325,116385,13
116326,116385,14
116327,116386,12
116328,116387,14
116329,116389,12
116330,116389,14
116331,116392,12
116332,116392,15
116333,116394,11
116334,116394,15
116335,116395,14
116336,116395,13
116337,116396,12
116338,116398,13
116339,116398,15
116340,116399,13
116341,116402,14
116342,116402,12
116343,116403,12
116344,116407,11
116345,116409,14
116346,116411,12
116347,116411,12
116348,116414,11
116349,116416,14
116350,116416,15
116351,116418,15
116352,116418,15
116353,116419,11
116354,116419,14
116355,116420,13
116356,116421,11
116357,116421,11
116358,116422,15
116359,116422,11
116360,116423,11
116361,116424,12
116362,116425,15
116363,116425,12
116364,116426,14
116365,116426,14
116366,116427,13
116367,116427,13
116368,116428,15
116369,116430,11
116370,116431,14
116371,116431,14
116372,116432,13
116373,116433,12
116374,116434,12
116375,116434,12
116376,116435,12
116377,116435,14
116378,116437,12
116379,116438,12
116380,116439,15
116381,116439,11
116382,116443,15
116383,116443,12
116384,116444,11
116385,116445,15
116386,116445,15
116387,116447,13
116388,116447,12
116389,116450,13
116390,116450,15
116391,116451,15
116392,116451,15
116393,116452,13
116394,116453,12
116395,116453,12
116396,116454,12
116397,116454,13
116398,116455,15
116399,116455,13
116400,116458,12
116401,116458,13
116402,116460,15
116403,116461,15
116404,116463,11
116405,116463,15
116406,116464,11
116407,116464,14
116408,116465,12
116409,116466,14
116410,116466,11
116411,116467,12
116412,116467,14
116413,116468,13
116414,116469,14
116415,116470,15
116416,116472,12
116417,116473,12
116418,116473,12
116419,116474,12
116420,116474,14
116421,116476,15
116422,116476,15
116423,116480,15
116424,116480,14
116425,116481,12
116426,116481,13
116427,116482,12
116428,116482,15
116429,116484,13
116430,116484,12
116431,116485,13
116432,116488,15
116433,116489,11
116434,116491,11
116435,116492,14
116436,116492,15
116437,116493,14
116438,116493,12
116439,116494,13
116440,116494,14
116441,116497,12
116442,116497,13
116443,116498,11
116444,116499,15
116445,116500,11
116446,116500,13
116447,116502,13
116448,116502,13
116449,116504,11
116450,116505,14
116451,116505,13
116452,116506,11
116453,116506,15
116454,116510,13
116455,116510,14
116456,116512,14
116457,116512,11
116458,116513,13
116459,116513,14
116460,116514,13
116461,116515,14
116462,116517,15
116463,116517,14
116464,116518,15
116465,116518,15
116466,116519,14
116467,116522,15
116468,116523,13
116469,116523,11
116470,116524,14
116471,116525,11
116472,116526,12
116473,116528,12
116474,116529,12
116475,116529,15
116476,116530,14
116477,116531,11
116478,116534,13
116479,116535,15
116480,116537,14
116481,116538,15
116482,116538,12
116483,116540,14
116484,116540,15
116485,116542,11
116486,116542,12
116487,116544,15
116488,116544,14
116489,116546,12
116490,116547,15
116491,116547,11
116492,116548,12
116493,116550,12
116494,116550,14
116495,116551,13
116496,116552,13
116497,116553,15
116498,116553,15
116499,116554,15
116500,116554,11
116501,116555,13
116502,116555,14
116503,116557,14
116504,116558,12
116505,116558,12
116506,116559,15
116507,116562,13
116508,116563,12
116509,116563,11
116510,116564,12
116511,116564,14
116512,116566,15
116513,116566,12
116514,116568,15
116515,116569,13
116516,116569,12
116517,116570,12
116518,116573,15
116519,116574,12
116520,116576,13
116521,116578,13
116522,116578,11
116523,116579,13
116524,116579,14
116525,116580,15
116526,116581,11
116527,116581,15
116528,116582,11
116529,116582,14
116530,116583,13
116531,116583,14
116532,116584,15
116533,116584,14
116534,116585,11
116535,116586,11
116536,116587,15
116537,116588,12
116538,116588,15
116539,116589,11
116540,116589,11
116541,116590,13
116542,116591,11
116543,116591,12
116544,116592,14
116545,116593,13
116546,116593,15
116547,116594,11
116548,116594,12
116549,116595,11
116550,116596,12
116551,116597,13
116552,116597,13
116553,116598,13
116554,116599,14
116555,116599,14
116556,116600,11
116557,116600,11
116558,116602,13
116559,116602,12
116560,116604,11
116561,116606,13
116562,116607,11
116563,116608,14
116564,116610,15
116565,116610,15
116566,116611,11
116567,116613,12
116568,116614,11
116569,116615,12
116570,116615,15
116571,116616,13
116572,116618,14
116573,116618,12
116574,116619,15
116575,116619,12
116576,116621,13
116577,116621,15
116578,116623,14
116579,116624,14
116580,116625,15
116581,116625,11
116582,116626,13
116583,116626,15
116584,116627,12
116585,116628,14
116586,116628,13
116587,116629,12
116588,116630,13
116589,116630,11
116590,116631,13
116591,116632,14
116592,116633,15
116593,116634,13
116594,116635,14
116595,116635,15
116596,116637,11
116597,116637,15
116598,116638,14
116599,116642,14
116600,116642,15
116601,116645,15
116602,116646,12
116603,116646,14
116604,116647,14
116605,116649,11
116606,116649,14
116607,116650,14
116608,116650,11
116609,116651,11
116610,116652,15
116611,116652,13
116612,116654,15
116613,116655,13
116614,116657,14
116615,116658,11
116616,116658,13
116617,116659,15
116618,116661,14
116619,116661,12
116620,116662,15
116621,116663,15
116622,116665,11
116623,116665,11
116624,116666,14
116625,116666,15
116626,116667,14
116627,116669,13
116628,116674,13
116629,116674,12
116630,116675,11
116631,116675,14
116632,116676,11
116633,116677,14
116634,116677,14
116635,116678,11
116636,116680,13
116637,116681,12
116638,116681,14
116639,116682,15
116640,116683,13
116641,116683,13
116642,116684,11
116643,116686,15
116644,116688,11
116645,116688,12
116646,116689,13
116647,116691,11
116648,116691,13
116649,116693,11
116650,116693,14
116651,116694,13
116652,116698,11
116653,116698,15
116654,116699,14
116655,116699,15
116656,116700,15
116657,116700,11
116658,116701,15
116659,116701,15
116660,116702,15
116661,116703,15
116662,116704,12
116663,116704,11
116664,116706,15
116665,116707,13
116666,116707,13
116667,116709,14
116668,116711,14
116669,116712,11
116670,116713,14
116671,116715,12
116672,116717,11
116673,116717,14
116674,116718,15
116675,116718,14
116676,116719,11
116677,116720,14
116678,116720,14
116679,116721,15
116680,116722,14
116681,116723,13
116682,116724,15
116683,116724,14
116684,116726,15
116685,116726,15
116686,116727,15
116687,116728,15
116688,116729,13
116689,116731,12
116690,116731,13
116691,116732,15
116692,116733,13
116693,116734,12
116694,116735,13
116695,116737,11
116696,116738,13
116697,116739,11
116698,116739,12
116699,116740,12
116700,116744,15
116701,116744,13
116702,116745,14
116703,116745,11
116704,116746,15
116705,116748,14
116706,116749,11
116707,116749,14
116708,116753,14
116709,116754,14
116710,116756,13
116711,116756,14
116712,116758,13
116713,116759,15
116714,116760,12
116715,116760,13
116716,116761,14
116717,116761,11
116718,116763,13
116719,116764,12
116720,116764,13
116721,116767,13
116722,116767,11
116723,116768,11
116724,116769,13
116725,116769,11
116726,116771,11
116727,116772,13
116728,116773,11
116729,116773,13
116730,116774,12
116731,116775,11
116732,116779,15
116733,116779,12
116734,116780,12
116735,116782,15
116736,116782,15
116737,116783,11
116738,116784,15
116739,116785,15
116740,116785,15
116741,116787,15
116742,116787,15
116743,116788,13
116744,116788,14
116745,116789,15
116746,116790,15
116747,116790,12
116748,116792,14
116749,116793,15
116750,116793,11
116751,116795,12
116752,116795,15
116753,116797,14
116754,116797,13
116755,116798,15
116756,116798,14
116757,116801,11
116758,116802,13
116759,116802,13
116760,116803,12
116761,116805,11
116762,116805,12
116763,116808,15
116764,116808,12
116765,116809,11
116766,116809,15
116767,116810,15
116768,116810,11
116769,116811,13
116770,116812,15
116771,116813,11
116772,116813,13
116773,116814,13
116774,116816,11
116775,116817,11
116776,116820,11
116777,116820,13
116778,116826,14
116779,116827,11
116780,116827,13
116781,116828,11
116782,116829,11
116783,116830,13
116784,116831,11
116785,116831,12
116786,116832,11
116787,116833,14
116788,116833,11
116789,116834,14
116790,116835,11
116791,116835,14
116792,116837,12
116793,116837,13
116794,116838,15
116795,116838,14
116796,116840,15
116797,116842,12
116798,116842,13
116799,116843,13
116800,116843,13
116801,116844,13
116802,116845,15
116803,116846,15
116804,116847,11
116805,116851,15
116806,116852,11
116807,116852,13
116808,116854,11
116809,116855,12
116810,116855,12
116811,116856,11
116812,116856,11
116813,116857,11
116814,116857,13
116815,116858,12
116816,116858,14
116817,116859,12
116818,116860,11
116819,116860,11
116820,116861,15
116821,116862,14
116822,116863,12
116823,116864,11
116824,116865,14
116825,116865,15
116826,116866,11
116827,116866,15
116828,116868,15
116829,116868,11
116830,116869,13
116831,116871,14
116832,116871,15
116833,116874,11
116834,116874,15
116835,116876,11
116836,116876,13
116837,116878,12
116838,116879,12
116839,116882,12
116840,116882,14
116841,116884,11
116842,116884,13
116843,116885,12
116844,116885,15
116845,116887,12
116846,116887,15
116847,116888,14
116848,116888,14
116849,116890,12
116850,116890,12
116851,116891,12
116852,116892,13
116853,116893,13
116854,116893,13
116855,116894,14
116856,116895,15
116857,116896,13
116858,116897,14
116859,116898,14
116860,116898,12
116861,116899,11
116862,116899,15
116863,116901,15
116864,116901,13
116865,116902,11
116866,116902,11
116867,116903,11
116868,116903,15
116869,116906,14
116870,116907,12
116871,116909,14
116872,116910,12
116873,116912,13
116874,116913,13
116875,116914,15
116876,116915,13
116877,116917,14
116878,116918,13
116879,116918,12
116880,116919,11
116881,116920,13
116882,116922,14
116883,116922,13
116884,116924,12
116885,116925,13
116886,116926,15
116887,116928,12
116888,116928,12
116889,116929,11
116890,116930,13
116891,116930,13
116892,116932,15
116893,116932,14
116894,116934,12
116895,116934,15
116896,116935,14
116897,116935,14
116898,116936,14
116899,116936,11
116900,116937,15
116901,116939,11
116902,116940,11
116903,116940,11
116904,116941,12
116905,116941,11
116906,116942,12
116907,116942,11
116908,116946,15
116909,116946,11
116910,116947,13
116911,116947,14
116912,116948,11
116913,116949,15
116914,116950,14
116915,116951,15
116916,116952,13
116917,116952,13
116918,116953,15
116919,116954,13
116920,116954,15
116921,116956,14
116922,116956,12
116923,116957,13
116924,116958,11
116925,116958,15
116926,116963,12
116927,116967,13
116928,116968,13
116929,116969,13
116930,116970,11
116931,116972,12
116932,116973,15
116933,116973,14
116934,116974,12
116935,116974,15
116936,116975,12
116937,116975,11
116938,116978,15
116939,116978,15
116940,116981,13
116941,116981,13
116942,116982,11
116943,116982,11
116944,116983,13
116945,116984,12
116946,116985,12
116947,116986,11
116948,116988,12
116949,116990,12
116950,116992,15
116951,116993,11
116952,116993,13
116953,116994,14
116954,116994,15
116955,116996,12
116956,116997,11
116957,116997,13
116958,116998,15
116959,116999,12
116960,116999,15
116961,117000,15
116962,117000,14
116963,117002,13
116964,117002,12
116965,117003,11
116966,117003,14
116967,117004,13
116968,117004,12
116969,117005,14
116970,117006,15
116971,117007,13
116972,117009,14
116973,117010,12
116974,117012,14
116975,117013,15
116976,117016,14
116977,117022,11
116978,117023,13
116979,117025,12
116980,117026,13
116981,117027,11
116982,117027,12
116983,117030,12
116984,117032,11
116985,117032,12
116986,117033,14
116987,117034,12
116988,117034,14
116989,117036,11
116990,117037,15
116991,117037,13
116992,117038,14
116993,117039,11
116994,117039,14
116995,117040,11
116996,117040,12
116997,117042,14
116998,117042,14
116999,117043,13
117000,117045,13
117001,117046,15
117002,117047,11
117003,117049,11
117004,117049,14
117005,117051,14
117006,117051,14
117007,117052,13
117008,117054,15
117009,117054,15
117010,117057,13
117011,117058,15
117012,117061,13
117013,117062,15
117014,117062,14
117015,117065,12
117016,117066,14
117017,117066,11
117018,117067,15
117019,117067,15
117020,117071,12
117021,117074,15
117022,117074,14
117023,117075,14
117024,117076,12
117025,117076,13
117026,117077,12
117027,117079,14
117028,117080,14
117029,117081,12
117030,117082,12
117031,117082,12
117032,117084,14
117033,117084,15
117034,117085,13
117035,117086,11
117036,117087,12
117037,117087,15
117038,117089,13
117039,117090,11
117040,117090,12
117041,117091,14
117042,117091,13
117043,117093,12
117044,117095,12
117045,117098,12
117046,117099,11
117047,117100,12
117048,117100,15
117049,117101,13
117050,117103,13
117051,117104,12
117052,117105,15
117053,117106,15
117054,117107,13
117055,117107,12
117056,117108,11
117057,117109,13
117058,117112,15
117059,117113,15
117060,117113,11
117061,117114,11
117062,117115,14
117063,117116,11
117064,117116,15
117065,117117,14
117066,117118,14
117067,117119,15
117068,117119,12
117069,117120,11
117070,117120,11
117071,117121,14
117072,117122,13
117073,117123,13
117074,117124,12
117075,117125,14
117076,117125,11
117077,117126,11
117078,117127,14
117079,117127,11
117080,117131,13
117081,117131,13
117082,117133,13
117083,117135,15
117084,117135,13
117085,117137,15
117086,117139,12
117087,117139,11
117088,117140,15
117089,117142,12
117090,117142,11
117091,117143,13
117092,117143,13
117093,117145,15
117094,117146,11
117095,117147,15
117096,117147,13
117097,117148,14
117098,117148,14
117099,117149,15
117100,117149,15
117101,117150,13
117102,117151,13
117103,117151,13
117104,117153,13
117105,117154,13
117106,117154,12
117107,117161,14
117108,117164,14
117109,117166,15
117110,117166,12
117111,117167,12
117112,117170,11
117113,117172,11
117114,117173,12
117115,117174,15
117116,117175,12
117117,117175,11
117118,117179,13
117119,117179,14
117120,117180,12
117121,117180,15
117122,117181,13
117123,117182,11
117124,117183,13
117125,117183,11
117126,117185,15
117127,117185,11
117128,117186,12
117129,117186,11
117130,117187,12
117131,117188,12
117132,117192,13
117133,117193,12
117134,117193,14
117135,117194,12
117136,117194,12
117137,117196,15
117138,117196,11
117139,117197,13
117140,117197,13
117141,117198,15
117142,117198,11
117143,117199,12
117144,117201,12
117145,117205,13
117146,117206,15
117147,117206,14
117148,117208,15
117149,117208,11
117150,117209,13
117151,117209,13
117152,117210,11
117153,117210,14
117154,117211,11
117155,117211,12
117156,117215,11
117157,117216,11
117158,117217,13
117159,117219,11
117160,117219,14
117161,117220,12
117162,117220,12
117163,117221,11
117164,117223,14
117165,117223,13
117166,117224,13
117167,117225,11
117168,117225,14
117169,117226,13
117170,117229,15
117171,117230,14
117172,117231,13
117173,117233,11
117174,117233,13
117175,117235,12
117176,117235,12
117177,117236,15
117178,117236,12
117179,117237,11
117180,117237,11
117181,117238,15
117182,117238,11
117183,117239,11
117184,117241,11
117185,117241,11
117186,117243,14
117187,117243,12
117188,117244,15
117189,117244,12
117190,117245,12
117191,117245,11
117192,117247,11
117193,117248,11
117194,117248,15
117195,117249,14
117196,117249,11
117197,117251,13
117198,117255,15
117199,117256,13
117200,117257,15
117201,117258,14
117202,117258,14
117203,117259,13
117204,117259,14
117205,117260,15
117206,117260,15
117207,117261,12
117208,117262,12
117209,117264,12
117210,117266,14
117211,117267,11
117212,117268,15
117213,117268,13
117214,117269,13
117215,117269,14
117216,117270,11
117217,117270,13
117218,117271,13
117219,117272,11
117220,117272,13
117221,117273,11
117222,117274,12
117223,117276,14
117224,117276,14
117225,117278,14
117226,117280,11
117227,117280,14
117228,117282,12
117229,117286,15
117230,117286,15
117231,117288,14
117232,117290,13
117233,117290,14
117234,117291,12
117235,117291,12
117236,117292,14
117237,117292,12
117238,117294,13
117239,117295,15
117240,117295,12
117241,117296,11
117242,117296,11
117243,117298,11
117244,117298,11
117245,117299,11
117246,117299,14
117247,117300,12
117248,117300,12
117249,117301,14
117250,117303,14
117251,117303,15
117252,117305,11
117253,117305,14
117254,117306,11
117255,117307,14
117256,117307,14
117257,117308,14
117258,117310,13
117259,117311,11
117260,117311,15
117261,117313,15
117262,117313,13
117263,117316,12
117264,117316,13
117265,117317,11
117266,117317,14
117267,117318,14
117268,117319,14
117269,117319,11
117270,117322,13
117271,117322,11
117272,117323,11
117273,117323,12
117274,117324,15
117275,117324,15
117276,117325,11
117277,117325,12
117278,117326,15
117279,117328,13
117280,117328,15
117281,117335,14
117282,117335,14
117283,117336,12
117284,117336,14
117285,117339,13
117286,117340,15
117287,117341,15
117288,117342,14
117289,117342,11
117290,117344,11
117291,117344,15
117292,117346,14
117293,117347,15
117294,117348,11
117295,117348,15
117296,117349,13
117297,117352,15
117298,117352,12
117299,117354,12
117300,117355,11
117301,117357,14
117302,117358,13
117303,117362,11
117304,117362,12
117305,117363,15
117306,117364,15
117307,117364,14
117308,117365,12
117309,117365,12
117310,117366,14
117311,117366,11
117312,117367,11
117313,117368,13
117314,117368,11
117315,117369,14
117316,117370,12
117317,117371,15
117318,117371,13
117319,117372,14
117320,117374,15
117321,117376,15
117322,117376,14
117323,117377,15
117324,117377,14
117325,117378,15
117326,117379,11
117327,117380,12
117328,117380,13
117329,117381,12
117330,117383,13
117331,117384,12
117332,117386,13
117333,117387,11
117334,117390,11
117335,117391,15
117336,117397,15
117337,117399,15
117338,117400,14
117339,117400,11
117340,117401,12
117341,117401,13
117342,117402,14
117343,117402,14
117344,117403,11
117345,117404,12
117346,117405,14
117347,117405,12
117348,117406,15
117349,117409,15
117350,117409,12
117351,117412,12
117352,117413,13
117353,117413,13
117354,117414,12
117355,117415,11
117356,117416,15
117357,117416,11
117358,117417,11
117359,117417,15
117360,117419,15
117361,117420,11
117362,117421,11
117363,117421,11
117364,117424,14
117365,117424,13
117366,117425,14
117367,117427,11
117368,117429,11
117369,117430,11
117370,117430,13
117371,117431,15
117372,117432,11
117373,117433,13
117374,117434,15
117375,117434,11
117376,117435,14
117377,117435,13
117378,117436,13
117379,117437,14
117380,117437,14
117381,117438,13
117382,117438,15
117383,117439,12
117384,117440,12
117385,117440,11
117386,117442,15
117387,117442,12
117388,117443,12
117389,117443,13
117390,117444,13
117391,117444,13
117392,117445,14
117393,117445,14
117394,117447,11
117395,117449,11
117396,117449,15
117397,117450,11
117398,117452,13
117399,117454,15
117400,117455,15
117401,117456,14
117402,117456,14
117403,117457,11
117404,117458,14
117405,117459,15
117406,117459,15
117407,117460,13
117408,117460,13
117409,117461,13
117410,117462,12
117411,117462,11
117412,117463,11
117413,117464,13
117414,117464,15
117415,117466,13
117416,117468,12
117417,117469,14
117418,117470,14
117419,117471,11
117420,117472,12
117421,117473,15
117422,117474,15
117423,117478,15
117424,117478,15
117425,117479,11
117426,117482,12
117427,117482,15
117428,117483,12
117429,117485,13
117430,117486,12
117431,117487,11
117432,117487,13
117433,117489,15
117434,117490,15
117435,117490,15
117436,117491,12
117437,117493,13
117438,117493,15
117439,117494,12
117440,117496,15
117441,117497,13
117442,117498,11
117443,117499,12
117444,117499,11
117445,117500,11
117446,117501,15
117447,117501,11
117448,117505,13
117449,117506,11
117450,117508,15
117451,117509,11
117452,117509,14
117453,117510,13
117454,117511,15
117455,117512,15
117456,117512,11
117457,117513,13
117458,117514,11
117459,117514,12
117460,117515,13
117461,117515,12
117462,117516,13
117463,117517,15
117464,117517,14
117465,117519,11
117466,117519,12
117467,117520,13
117468,117520,14
117469,117524,11
117470,117525,15
117471,117527,13
117472,117528,11
117473,117529,11
117474,117529,14
117475,117531,12
117476,117531,11
117477,117533,11
117478,117534,14
117479,117535,13
117480,117535,15
117481,117536,14
117482,117536,11
117483,117537,14
117484,117538,15
117485,117539,11
117486,117540,15
117487,117541,11
117488,117541,12
117489,117542,14
117490,117544,11
117491,117546,12
117492,117546,11
117493,117549,11
117494,117551,13
117495,117552,14
117496,117556,12
117497,117558,13
117498,117559,13
117499,117559,12
117500,117560,11
117501,117561,14
117502,117561,11
117503,117562,14
117504,117563,15
117505,117563,11
117506,117566,15
117507,117568,13
117508,117568,15
117509,117569,15
117510,117571,11
117511,117571,14
117512,117572,11
117513,117573,14
117514,117573,12
117515,117575,15
117516,117575,15
117517,117578,14
117518,117578,14
117519,117579,13
117520,117579,13
117521,117581,15
117522,117581,11
117523,117582,14
117524,117582,15
117525,117583,11
117526,117583,14
117527,117584,15
117528,117585,15
117529,117585,12
117530,117586,13
117531,117586,11
117532,117587,15
117533,117587,11
117534,117589,14
117535,117589,14
117536,117592,15
117537,117593,15
117538,117594,14
117539,117596,15
117540,117596,11
117541,117597,15
117542,117599,12
117543,117599,13
117544,117600,14
117545,117602,12
117546,117602,12
117547,117604,12
117548,117604,14
117549,117605,12
117550,117605,15
117551,117606,11
117552,117607,15
117553,117608,14
117554,117608,11
117555,117609,12
117556,117610,12
117557,117611,12
117558,117612,13
117559,117613,15
117560,117613,11
117561,117615,12
117562,117615,15
117563,117617,14
117564,117617,13
117565,117618,12
117566,117619,14
117567,117620,14
117568,117621,12
117569,117622,14
117570,117623,15
117571,117624,13
117572,117625,15
117573,117626,15
117574,117627,11
117575,117628,12
117576,117628,14
117577,117630,11
117578,117630,12
117579,117632,12
117580,117633,11
117581,117633,14
117582,117635,14
117583,117636,15
117584,117636,14
117585,117637,11
117586,117637,13
117587,117640,11
117588,117643,13
117589,117644,14
117590,117645,11
117591,117645,11
117592,117648,12
117593,117648,11
117594,117649,14
117595,117650,14
117596,117653,13
117597,117653,13
117598,117654,12
117599,117654,13
117600,117655,11
117601,117656,14
117602,117657,14
117603,117657,12
117604,117658,14
117605,117659,15
117606,117659,11
117607,117660,14
117608,117661,11
117609,117661,14
117610,117663,12
117611,117666,13
117612,117667,12
117613,117667,13
117614,117670,14
117615,117670,15
117616,117671,15
117617,117671,15
117618,117672,14
117619,117672,12
117620,117674,14
117621,117674,11
117622,117675,13
117623,117676,15
117624,117677,14
117625,117678,12
117626,117679,11
117627,117679,15
117628,117680,15
117629,117681,15
117630,117682,12
117631,117682,11
117632,117684,14
117633,117684,13
117634,117685,15
117635,117685,13
117636,117686,13
117637,117686,11
117638,117687,14
117639,117687,13
117640,117689,12
117641,117689,14
117642,117690,11
117643,117690,13
117644,117691,13
117645,117692,11
117646,117693,13
117647,117695,11
117648,117695,13
117649,117696,14
117650,117696,11
117651,117697,12
117652,117698,14
117653,117698,15
117654,117699,11
117655,117699,15
117656,117700,12
117657,117702,12
117658,117703,12
117659,117703,13
117660,117704,14
117661,117706,11
117662,117707,11
117663,117709,14
117664,117709,11
117665,117712,11
117666,117713,11
117667,117716,11
117668,117716,15
117669,117717,12
117670,117718,11
117671,117719,12
117672,117720,14
117673,117721,14
117674,117721,11
117675,117723,14
117676,117723,15
117677,117724,13
117678,117724,15
117679,117727,12
117680,117727,11
117681,117729,14
117682,117730,12
117683,117732,12
117684,117733,14
117685,117734,13
117686,117734,12
117687,117735,11
117688,117736,14
117689,117736,15
117690,117742,11
117691,117743,11
117692,117743,14
117693,117744,13
117694,117745,11
117695,117746,12
117696,117746,11
117697,117747,12
117698,117748,13
117699,117749,12
117700,117751,15
117701,117751,14
117702,117753,12
117703,117754,13
117704,117756,15
117705,117757,15
117706,117757,13
117707,117759,15
117708,117761,14
117709,117762,12
117710,117762,13
117711,117763,13
117712,117763,12
117713,117764,12
117714,117764,14
117715,117765,14
117716,117765,11
117717,117766,13
117718,117767,13
117719,117771,11
117720,117771,12
117721,117772,13
117722,117774,12
117723,117777,14
117724,117777,13
117725,117778,15
117726,117778,12
117727,117780,15
117728,117782,15
117729,117783,13
117730,117783,12
117731,117784,13
117732,117785,14
117733,117785,11
117734,117787,14
117735,117787,12
117736,117788,11
117737,117788,14
117738,117790,15
117739,117790,15
117740,117791,11
117741,117791,11
117742,117792,12
117743,117792,14
117744,117794,11
117745,117795,15
117746,117795,11
117747,117798,14
117748,117799,11
117749,117799,13
117750,117800,15
117751,117801,12
117752,117802,12
117753,117802,11
117754,117805,12
117755,117805,14
117756,117808,13
117757,117808,13
117758,117809,12
117759,117809,12
117760,117810,14
117761,117810,14
117762,117811,13
117763,117811,14
117764,117812,13
117765,117814,14
117766,117814,13
117767,117815,11
117768,117819,14
117769,117819,14
117770,117820,15
117771,117820,13
117772,117821,15
117773,117821,14
117774,117822,15
117775,117822,14
117776,117824,12
117777,117824,14
117778,117825,14
117779,117825,15
117780,117826,11
117781,117826,11
117782,117828,15
117783,117828,15
117784,117829,13
117785,117829,15
117786,117830,14
117787,117831,11
117788,117831,14
117789,117832,11
117790,117832,15
117791,117833,12
117792,117834,14
117793,117834,15
117794,117837,14
117795,117837,11
117796,117838,14
117797,117838,15
117798,117839,11
117799,117840,12
117800,117841,13
117801,117841,14
117802,117843,14
117803,117843,15
117804,117845,14
117805,117845,11
117806,117847,15
117807,117848,13
117808,117850,12
117809,117850,11
117810,117852,15
117811,117853,14
117812,117853,15
117813,117854,12
117814,117859,12
117815,117859,13
117816,117860,14
117817,117861,15
117818,117861,15
117819,117862,11
117820,117863,12
117821,117863,13
117822,117864,11
117823,117865,11
117824,117865,14
117825,117866,14
117826,117866,15
117827,117868,12
117828,117869,11
117829,117869,14
117830,117871,13
117831,117872,15
117832,117872,11
117833,117873,12
117834,117874,15
117835,117874,13
117836,117876,15
117837,117877,15
117838,117881,14
117839,117881,13
117840,117882,15
117841,117882,13
117842,117883,15
117843,117883,14
117844,117884,14
117845,117884,15
117846,117885,15
117847,117888,13
117848,117890,13
117849,117891,14
117850,117891,14
117851,117893,14
117852,117897,13
117853,117897,14
117854,117898,13
117855,117898,13
117856,117899,12
117857,117899,12
117858,117903,14
117859,117904,12
117860,117904,13
117861,117905,12
117862,117905,15
117863,117910,13
117864,117910,14
117865,117911,14
117866,117913,14
117867,117913,14
117868,117914,15
117869,117915,14
117870,117915,15
117871,117916,14
117872,117916,13
117873,117918,13
117874,117919,11
117875,117920,11
117876,117922,11
117877,117922,15
117878,117923,13
117879,117923,11
117880,117924,13
117881,117924,15
117882,117926,11
117883,117926,14
117884,117927,14
117885,117927,12
117886,117928,14
117887,117928,12
117888,117934,11
117889,117935,12
117890,117935,13
117891,117936,15
117892,117939,11
117893,117939,12
117894,117940,15
117895,117942,13
117896,117943,14
117897,117943,11
117898,117944,11
117899,117945,15
117900,117948,12
117901,117949,14
117902,117949,12
117903,117950,12
117904,117951,14
117905,117951,12
117906,117952,15
117907,117952,14
117908,117953,13
117909,117953,15
117910,117954,13
117911,117954,14
117912,117955,15
117913,117955,13
117914,117956,11
117915,117956,14
117916,117957,13
117917,117958,11
117918,117959,15
117919,117959,14
117920,117960,11
117921,117960,14
117922,117962,11
117923,117962,14
117924,117965,11
117925,117965,15
117926,117967,15
117927,117969,12
117928,117969,14
117929,117970,13
117930,117970,15
117931,117972,11
117932,117973,12
117933,117973,14
117934,117975,12
117935,117975,14
117936,117976,14
117937,117977,13
117938,117979,15
117939,117979,15
117940,117982,11
117941,117984,15
117942,117984,12
117943,117987,12
117944,117989,15
117945,117990,12
117946,117990,13
117947,117992,12
117948,117993,12
117949,117993,12
117950,117994,12
117951,117995,12
117952,117996,12
117953,117996,14
117954,117997,14
117955,117997,14
117956,117998,15
117957,117998,15
117958,118000,13
117959,118002,13
117960,118002,11
117961,118004,12
117962,118004,13
117963,118007,15
117964,118008,13
117965,118008,12
117966,118011,13
117967,118013,15
117968,118019,15
117969,118021,12
117970,118021,14
117971,118022,11
117972,118023,15
117973,118025,14
117974,118027,14
117975,118028,15
117976,118029,12
117977,118029,12
117978,118030,14
117979,118030,12
117980,118031,15
117981,118032,12
117982,118033,14
117983,118034,13
117984,118036,11
117985,118037,11
117986,118037,15
117987,118038,15
117988,118039,11
117989,118040,11
117990,118042,14
117991,118043,12
117992,118046,13
117993,118046,14
117994,118048,14
117995,118048,14
117996,118049,13
117997,118049,13
117998,118050,14
117999,118051,12
118000,118051,14
118001,118053,13
118002,118053,11
118003,118054,15
118004,118054,13
118005,118055,14
118006,118055,12
118007,118056,15
118008,118056,11
118009,118057,13
118010,118059,15
118011,118060,12
118012,118061,14
118013,118062,13
118014,118062,15
118015,118063,14
118016,118063,15
118017,118064,12
118018,118064,11
118019,118065,15
118020,118065,15
118021,118066,14
118022,118069,12
118023,118073,12
118024,118074,12
118025,118075,12
118026,118075,15
118027,118077,12
118028,118080,11
118029,118082,14
118030,118082,12
118031,118085,12
118032,118085,13
118033,118086,13
118034,118086,13
118035,118087,13
118036,118089,15
118037,118089,14
118038,118090,15
118039,118090,13
118040,118093,13
118041,118093,13
118042,118094,14
118043,118095,11
118044,118096,13
118045,118097,12
118046,118098,12
118047,118100,12
118048,118102,14
118049,118102,12
118050,118103,11
118051,118104,11
118052,118105,13
118053,118106,12
118054,118106,11
118055,118107,13
118056,118108,14
118057,118108,14
118058,118109,15
118059,118110,11
118060,118115,13
118061,118117,15
118062,118120,13
118063,118121,15
118064,118121,11
118065,118122,13
118066,118123,15
118067,118123,14
118068,118124,15
118069,118124,12
118070,118125,12
118071,118125,11
118072,118126,15
118073,118126,15
118074,118127,11
118075,118128,15
118076,118128,14
118077,118129,14
118078,118132,14
118079,118133,13
118080,118133,14
118081,118134,13
118082,118137,12
118083,118138,14
118084,118139,13
118085,118140,12
118086,118140,11
118087,118141,15
118088,118141,15
118089,118143,12
118090,118143,13
118091,118144,13
118092,118144,11
118093,118146,11
118094,118149,11
118095,118150,14
118096,118150,14
118097,118151,11
118098,118152,13
118099,118153,12
118100,118154,11
118101,118154,12
118102,118157,11
118103,118159,14
118104,118160,14
118105,118160,14
118106,118161,12
118107,118162,12
118108,118162,15
118109,118163,11
118110,118163,12
118111,118167,15
118112,118168,14
118113,118171,14
118114,118172,11
118115,118173,12
118116,118173,15
118117,118174,11
118118,118178,12
118119,118178,11
118120,118179,14
118121,118179,14
118122,118180,15
118123,118180,11
118124,118181,11
118125,118182,14
118126,118182,15
118127,118185,13
118128,118185,13
118129,118186,15
118130,118186,13
118131,118187,15
118132,118188,13
118133,118189,15
118134,118189,13
118135,118191,11
118136,118192,13
118137,118192,11
118138,118193,12
118139,118196,13
118140,118197,11
118141,118198,14
118142,118199,13
118143,118200,11
118144,118200,11
118145,118202,12
118146,118206,12
118147,118206,14
118148,118207,15
118149,118207,15
118150,118209,14
118151,118209,13
118152,118211,13
118153,118212,14
118154,118214,14
118155,118214,15
118156,118215,15
118157,118218,12
118158,118218,11
118159,118219,11
118160,118219,13
118161,118221,15
118162,118221,15
118163,118222,15
118164,118222,15
118165,118223,15
118166,118223,12
118167,118224,13
118168,118225,13
118169,118226,13
118170,118227,14
118171,118227,14
118172,118228,15
118173,118228,12
118174,118229,15
118175,118230,14
118176,118230,12
118177,118231,13
118178,118232,12
118179,118232,13
118180,118235,12
118181,118235,11
118182,118238,15
118183,118241,14
118184,118241,15
118185,118242,15
118186,118243,15
118187,118244,14
118188,118245,15
118189,118247,15
118190,118249,14
118191,118251,15
118192,118254,11
118193,118255,12
118194,118255,12
118195,118256,15
118196,118257,11
118197,118257,13
118198,118258,13
118199,118259,13
118200,118260,11
118201,118262,13
118202,118262,13
118203,118264,14
118204,118267,11
118205,118267,15
118206,118269,13
118207,118270,12
118208,118270,14
118209,118271,15
118210,118272,11
118211,118273,11
118212,118273,14
118213,118274,13
118214,118275,13
118215,118276,12
118216,118277,14
118217,118277,15
118218,118278,13
118219,118279,12
118220,118279,11
118221,118281,13
118222,118281,12
118223,118282,14
118224,118283,13
118225,118284,12
118226,118284,13
118227,118285,13
118228,118286,11
118229,118287,12
118230,118289,14
118231,118289,15
118232,118290,15
118233,118291,15
118234,118291,12
118235,118293,11
118236,118293,11
118237,118294,11
118238,118294,11
118239,118298,12
118240,118299,12
118241,118300,12
118242,118301,14
118243,118301,12
118244,118305,12
118245,118305,12
118246,118306,14
118247,118308,12
118248,118308,13
118249,118311,13
118250,118312,11
118251,118312,15
118252,118314,12
118253,118314,14
118254,118315,11
118255,118315,11
118256,118316,11
118257,118316,14
118258,118317,12
118259,118317,15
118260,118318,12
118261,118318,11
118262,118319,14
118263,118319,13
118264,118320,15
118265,118321,14
118266,118321,11
118267,118322,14
118268,118322,15
118269,118323,13
118270,118323,15
118271,118324,11
118272,118325,13
118273,118326,11
118274,118326,11
118275,118327,12
118276,118330,11
118277,118330,15
118278,118331,11
118279,118332,11
118280,118332,13
118281,118335,14
118282,118335,12
118283,118338,11
118284,118338,14
118285,118341,15
118286,118342,11
118287,118343,13
118288,118344,13
118289,118344,11
118290,118346,11
118291,118346,13
118292,118347,14
118293,118347,14
118294,118348,13
118295,118349,12
118296,118349,14
118297,118350,12
118298,118350,15
118299,118351,12
118300,118351,15
118301,118352,12
118302,118355,12
118303,118356,13
118304,118356,14
118305,118357,15
118306,118358,13
118307,118359,11
118308,118361,12
118309,118362,13
118310,118364,13
118311,118364,15
118312,118365,15
118313,118365,14
118314,118366,12
118315,118366,15
118316,118369,11
118317,118370,13
118318,118371,15
118319,118371,11
118320,118372,11
118321,118374,11
118322,118374,12
118323,118375,11
118324,118376,14
118325,118378,13
118326,118381,12
118327,118381,15
118328,118382,13
118329,118382,14
118330,118383,11
118331,118385,11
118332,118385,15
118333,118386,14
118334,118388,13
118335,118388,14
118336,118389,13
118337,118390,12
118338,118390,15
118339,118391,12
118340,118391,12
118341,118392,13
118342,118392,11
118343,118394,13
118344,118396,13
118345,118396,14
118346,118399,13
118347,118399,13
118348,118400,14
118349,118400,15
118350,118403,12
118351,118405,14
118352,118406,14
118353,118406,14
118354,118407,15
118355,118407,13
118356,118410,12
118357,118411,13
118358,118412,12
118359,118414,14
118360,118415,14
118361,118416,11
118362,118417,13
118363,118418,14
118364,118422,13
118365,118422,11
118366,118423,14
118367,118425,12
118368,118425,12
118369,118427,13
118370,118427,13
118371,118428,13
118372,118428,11
118373,118429,12
118374,118430,15
118375,118433,11
118376,118434,15
118377,118435,14
118378,118437,11
118379,118437,11
118380,118438,11
118381,118439,13
118382,118440,12
118383,118441,13
118384,118441,12
118385,118442,15
118386,118442,11
118387,118444,13
118388,118445,13
118389,118445,15
118390,118446,13
118391,118446,14
118392,118447,15
118393,118449,14
118394,118450,12
118395,118450,15
118396,118451,13
118397,118452,15
118398,118453,12
118399,118453,11
118400,118454,11
118401,118454,12
118402,118455,13
118403,118456,15
118404,118457,11
118405,118457,14
118406,118459,11
118407,118459,13
118408,118460,13
118409,118460,14
118410,118461,13
118411,118462,12
118412,118465,12
118413,118465,11
118414,118466,14
118415,118466,14
118416,118470,13
118417,118471,11
118418,118474,13
118419,118475,15
118420,118475,12
118421,118476,13
118422,118477,12
118423,118477,13
118424,118478,14
118425,118480,12
118426,118480,11
118427,118482,14
118428,118483,11
118429,118483,12
118430,118484,12
118431,118484,15
118432,118486,15
118433,118488,14
118434,118488,12
118435,118489,12
118436,118491,14
118437,118492,12
118438,118492,11
118439,118493,13
118440,118493,15
118441,118494,13
118442,118494,14
118443,118497,12
118444,118497,13
118445,118498,13
118446,118498,11
118447,118499,13
118448,118499,14
118449,118500,11
118450,118501,11
118451,118501,14
118452,118503,12
118453,118505,15
118454,118505,15
118455,118507,15
118456,118507,11
118457,118508,13
118458,118509,15
118459,118509,12
118460,118510,14
118461,118510,14
118462,118511,12
118463,118511,13
118464,118513,14
118465,118515,15
118466,118515,15
118467,118516,14
118468,118518,12
118469,118519,13
118470,118520,15
118471,118520,12
118472,118521,14
118473,118523,15
118474,118523,14
118475,118525,13
118476,118526,12
118477,118528,12
118478,118529,11
118479,118529,15
118480,118530,13
118481,118532,13
118482,118532,13
118483,118533,13
118484,118535,15
118485,118535,12
118486,118536,13
118487,118537,14
118488,118537,15
118489,118539,13
118490,118539,12
118491,118540,11
118492,118540,14
118493,118541,14
118494,118541,14
118495,118542,15
118496,118544,14
118497,118546,13
118498,118546,15
118499,118548,11
118500,118548,12
118501,118550,13
118502,118551,12
118503,118551,11
118504,118552,12
118505,118553,13
118506,118553,13
118507,118554,11
118508,118556,15
118509,118558,13
118510,118560,14
118511,118560,13
118512,118561,11
118513,118562,15
118514,118564,12
118515,118564,13
118516,118566,14
118517,118566,11
118518,118567,13
118519,118567,13
118520,118568,12
118521,118569,15
118522,118569,15
118523,118572,12
118524,118572,15
118525,118574,14
118526,118575,13
118527,118575,11
118528,118576,14
118529,118576,11
118530,118577,15
118531,118577,13
118532,118581,15
118533,118581,13
118534,118582,11
118535,118585,15
118536,118586,14
118537,118586,14
118538,118587,13
118539,118587,14
118540,118588,11
118541,118588,15
118542,118589,14
118543,118589,14
118544,118590,12
118545,118591,14
118546,118591,15
118547,118593,12
118548,118595,14
118549,118599,12
118550,118600,12
118551,118601,15
118552,118603,12
118553,118603,12
118554,118607,11
118555,118608,11
118556,118608,15
118557,118609,12
118558,118611,14
118559,118612,12
118560,118612,14
118561,118613,11
118562,118614,13
118563,118614,11
118564,118618,11
118565,118620,13
118566,118622,14
118567,118623,15
118568,118624,11
118569,118624,11
118570,118625,13
118571,118626,14
118572,118627,15
118573,118629,14
118574,118629,11
118575,118631,15
118576,118631,12
118577,118632,15
118578,118635,12
118579,118635,14
118580,118636,14
118581,118636,15
118582,118640,14
118583,118640,15
118584,118641,13
118585,118641,14
118586,118642,14
118587,118643,14
118588,118643,11
118589,118644,13
118590,118644,13
118591,118645,11
118592,118647,14
118593,118647,15
118594,118648,12
118595,118649,11
118596,118650,13
118597,118654,11
118598,118658,15
118599,118658,15
118600,118660,14
118601,118662,11
118602,118662,11
118603,118664,15
118604,118665,15
118605,118667,12
118606,118668,12
118607,118670,12
118608,118670,12
118609,118671,14
118610,118672,15
118611,118674,14
118612,118674,14
118613,118675,14
118614,118675,14
118615,118677,13
118616,118678,11
118617,118680,14
118618,118680,13
118619,118682,13
118620,118682,12
118621,118683,15
118622,118683,11
118623,118685,13
118624,118685,14
118625,118686,11
118626,118689,13
118627,118690,12
118628,118691,15
118629,118691,12
118630,118692,15
118631,118692,13
118632,118695,14
118633,118695,15
118634,118696,12
118635,118697,13
118636,118697,13
118637,118698,12
118638,118698,11
118639,118699,13
118640,118700,13
118641,118700,12
118642,118702,13
118643,118702,14
118644,118703,11
118645,118703,12
118646,118705,12
118647,118705,13
118648,118706,14
118649,118706,15
118650,118708,14
118651,118709,13
118652,118710,15
118653,118710,12
118654,118711,13
118655,118711,13
118656,118712,13
118657,118712,12
118658,118715,14
118659,118716,12
118660,118718,11
118661,118718,14
118662,118719,15
118663,118719,11
118664,118721,13
118665,118722,12
118666,118722,12
118667,118723,12
118668,118723,11
118669,118725,13
118670,118725,14
118671,118728,11
118672,118728,15
118673,118729,12
118674,118729,11
118675,118731,13
118676,118732,13
118677,118732,15
118678,118733,12
118679,118735,13
118680,118736,14
118681,118736,13
118682,118739,13
118683,118739,15
118684,118740,14
118685,118745,11
118686,118746,15
118687,118747,12
118688,118747,11
118689,118749,11
118690,118751,13
118691,118753,11
118692,118760,15
118693,118760,15
118694,118762,11
118695,118762,13
118696,118763,14
118697,118764,11
118698,118765,12
118699,118765,14
118700,118766,12
118701,118767,12
118702,118767,13
118703,118768,11
118704,118768,13
118705,118769,15
118706,118770,11
118707,118772,14
118708,118775,15
118709,118775,14
118710,118776,13
118711,118777,11
118712,118778,11
118713,118779,12
118714,118780,12
118715,118780,15
118716,118781,11
118717,118781,14
118718,118782,15
118719,118784,11
118720,118784,13
118721,118786,14
118722,118787,14
118723,118790,15
118724,118791,15
118725,118791,11
118726,118792,13
118727,118793,14
118728,118794,15
118729,118794,11
118730,118797,14
118731,118797,11
118732,118800,12
118733,118801,14
118734,118803,11
118735,118805,15
118736,118805,13
118737,118807,15
118738,118807,12
118739,118808,14
118740,118808,12
118741,118809,12
118742,118809,15
118743,118810,12
118744,118811,15
118745,118811,12
118746,118813,14
118747,118815,11
118748,118816,11
118749,118816,11
118750,118817,11
118751,118817,15
118752,118819,13
118753,118820,12
118754,118820,11
118755,118821,11
118756,118821,11
118757,118823,12
118758,118823,14
118759,118824,11
118760,118824,11
118761,118825,13
118762,118826,13
118763,118827,11
118764,118827,14
118765,118828,14
118766,118828,14
118767,118829,13
118768,118829,11
118769,118830,11
118770,118830,15
118771,118831,15
118772,118831,12
118773,118832,15
118774,118832,12
118775,118833,14
118776,118835,11
118777,118835,15
118778,118837,12
118779,118837,13
118780,118838,12
118781,118839,12
118782,118839,13
118783,118840,13
118784,118840,15
118785,118842,13
118786,118842,12
118787,118845,11
118788,118846,13
118789,118846,12
118790,118847,13
118791,118847,14
118792,118848,11
118793,118848,12
118794,118849,15
118795,118849,13
118796,118850,11
118797,118850,12
118798,118851,13
118799,118851,15
118800,118852,13
118801,118852,15
118802,118853,12
118803,118861,13
118804,118863,13
118805,118863,11
118806,118865,11
118807,118867,14
118808,118868,14
118809,118869,14
118810,118870,12
118811,118871,13
118812,118871,12
118813,118872,15
118814,118874,12
118815,118874,12
118816,118875,14
118817,118876,14
118818,118878,15
118819,118880,13
118820,118881,12
118821,118881,13
118822,118885,11
118823,118885,15
118824,118886,12
118825,118888,11
118826,118889,12
118827,118889,13
118828,118890,15
118829,118891,11
118830,118892,12
118831,118892,13
118832,118894,14
118833,118894,14
118834,118895,14
118835,118896,12
118836,118896,14
118837,118897,14
118838,118897,12
118839,118898,14
118840,118899,11
118841,118899,11
118842,118900,12
118843,118900,15
118844,118902,11
118845,118902,13
118846,118903,11
118847,118903,12
118848,118904,13
118849,118905,12
118850,118906,11
118851,118907,13
118852,118908,13
118853,118909,13
118854,118909,13
118855,118911,14
118856,118912,14
118857,118913,13
118858,118913,15
118859,118915,13
118860,118916,12
118861,118916,15
118862,118919,12
118863,118919,12
118864,118922,12
118865,118922,11
118866,118923,13
118867,118923,14
118868,118924,13
118869,118925,13
118870,118926,12
118871,118926,15
118872,118927,14
118873,118927,14
118874,118928,11
118875,118930,15
118876,118930,11
118877,118933,13
118878,118933,12
118879,118936,14
118880,118936,13
118881,118938,15
118882,118939,12
118883,118939,12
118884,118943,14
118885,118944,12
118886,118945,11
118887,118946,14
118888,118946,15
118889,118947,12
118890,118947,12
118891,118948,12
118892,118952,11
118893,118952,12
118894,118953,15
118895,118953,11
118896,118954,11
118897,118954,15
118898,118955,12
118899,118956,15
118900,118956,11
118901,118957,11
118902,118957,14
118903,118958,14
118904,118959,15
118905,118960,15
118906,118961,11
118907,118962,14
118908,118962,13
118909,118964,12
118910,118964,12
118911,118965,15
118912,118967,11
118913,118967,11
118914,118970,13
118915,118971,11
118916,118972,12
118917,118972,13
118918,118974,11
118919,118975,11
118920,118976,15
118921,118976,11
118922,118977,13
118923,118977,12
118924,118978,14
118925,118979,12
118926,118979,11
118927,118982,14
118928,118984,15
118929,118984,14
118930,118985,15
118931,118985,13
118932,118986,14
118933,118986,12
118934,118987,11
118935,118988,12
118936,118988,15
118937,118990,15
118938,118991,15
118939,118991,12
118940,118992,12
118941,118993,14
118942,118993,15
118943,118994,14
118944,118995,14
118945,118995,12
118946,118996,13
118947,118997,15
118948,118998,11
118949,118998,14
118950,119000,13
118951,119000,15
118952,119001,14
118953,119001,15
118954,119002,12
118955,119003,11
118956,119003,11
118957,119006,14
118958,119006,13
118959,119007,13
118960,119008,11
118961,119009,13
118962,119009,12
118963,119011,12
118964,119011,14
118965,119012,15
118966,119013,15
118967,119013,12
118968,119014,14
118969,119015,11
118970,119015,15
118971,119016,14
118972,119017,12
118973,119017,15
118974,119019,13
118975,119019,12
118976,119020,12
118977,119020,13
118978,119021,13
118979,119021,12
118980,119022,11
118981,119023,13
118982,119025,15
118983,119025,12
118984,119026,11
118985,119029,15
118986,119030,13
118987,119030,13
118988,119031,13
118989,119031,15
118990,119032,13
118991,119032,13
118992,119033,13
118993,119033,15
118994,119034,13
118995,119034,11
118996,119035,11
118997,119035,13
118998,119037,12
118999,119037,12
119000,119038,14
119001,119038,13
119002,119041,14
119003,119043,14
119004,119043,13
119005,119044,13
119006,119045,11
119007,119046,11
119008,119046,15
119009,119047,12
119010,119047,13
119011,119049,14
119012,119049,13
119013,119051,13
119014,119052,11
119015,119053,12
119016,119053,15
119017,119055,11
119018,119056,12
119019,119057,14
119020,119058,15
119021,119058,14
119022,119059,14
119023,119059,11
119024,119060,13
119025,119062,12
119026,119062,12
119027,119063,11
119028,119064,14
119029,119065,12
119030,119065,15
119031,119066,15
119032,119067,13
119033,119067,11
119034,119070,11
119035,119070,12
119036,119071,14
119037,119071,15
119038,119073,13
119039,119074,14
119040,119074,13
119041,119077,11
119042,119079,12
119043,119079,14
119044,119080,15
119045,119080,13
119046,119081,15
119047,119082,12
119048,119082,14
119049,119083,14
119050,119083,14
119051,119084,12
119052,119086,12
119053,119086,14
119054,119089,13
119055,119094,14
119056,119095,12
119057,119096,12
119058,119097,15
119059,119098,15
119060,119098,13
119061,119100,14
119062,119100,15
119063,119101,14
119064,119102,13
119065,119102,12
119066,119106,13
119067,119107,12
119068,119108,13
119069,119109,11
119070,119109,11
119071,119110,15
119072,119110,12
119073,119111,13
119074,119114,15
119075,119115,11
119076,119118,15
119077,119118,12
119078,119119,14
119079,119120,15
119080,119120,13
119081,119121,12
119082,119121,11
119083,119122,13
119084,119122,15
119085,119124,12
119086,119124,11
119087,119125,11
119088,119127,14
119089,119128,12
119090,119129,14
119091,119129,15
119092,119130,12
119093,119130,12
119094,119132,12
119095,119132,13
119096,119134,15
119097,119134,14
119098,119135,15
119099,119135,14
119100,119136,14
119101,119137,15
119102,119137,14
119103,119139,12
119104,119140,14
119105,119140,13
119106,119141,15
119107,119142,12
119108,119146,11
119109,119147,14
119110,119147,14
119111,119151,15
119112,119152,14
119113,119153,15
119114,119153,13
119115,119155,12
119116,119155,11
119117,119156,12
119118,119156,11
119119,119158,13
119120,119158,14
119121,119159,13
119122,119160,15
119123,119161,12
119124,119161,12
119125,119162,11
119126,119164,13
119127,119164,14
119128,119166,14
119129,119166,11
119130,119168,14
119131,119168,11
119132,119169,13
119133,119169,15
119134,119170,15
119135,119171,12
119136,119173,13
119137,119173,15
119138,119174,13
119139,119174,12
119140,119175,12
119141,119175,15
119142,119176,13
119143,119176,13
119144,119177,11
119145,119178,12
119146,119180,14
119147,119181,11
119148,119181,13
119149,119182,13
119150,119182,12
119151,119183,13
119152,119183,13
119153,119184,12
119154,119184,13
119155,119187,15
119156,119188,11
119157,119190,13
119158,119191,15
119159,119194,12
119160,119194,14
119161,119195,15
119162,119195,12
119163,119196,12
119164,119198,13
119165,119199,13
119166,119200,15
119167,119200,13
119168,119202,11
119169,119202,15
119170,119203,12
119171,119203,12
119172,119204,14
119173,119204,12
119174,119206,15
119175,119206,14
119176,119207,12
119177,119208,14
119178,119208,12
119179,119209,15
119180,119209,15
119181,119210,11
119182,119212,15
119183,119212,11
119184,119213,13
119185,119214,15
119186,119214,11
119187,119217,14
119188,119218,12
119189,119219,15
119190,119220,11
119191,119220,12
119192,119221,11
119193,119221,12
119194,119222,13
119195,119223,14
119196,119223,13
119197,119224,13
119198,119224,15
119199,119225,15
119200,119226,13
119201,119226,13
119202,119227,12
119203,119231,14
119204,119231,13
119205,119232,13
119206,119232,12
119207,119233,12
119208,119234,14
119209,119234,14
119210,119235,12
119211,119235,13
119212,119236,14
119213,119236,15
119214,119237,12
119215,119238,12
119216,119239,13
119217,119239,11
119218,119240,15
119219,119241,15
119220,119241,12
119221,119242,11
119222,119242,13
119223,119243,13
119224,119244,13
119225,119245,15
119226,119245,12
119227,119246,14
119228,119247,11
119229,119247,15
119230,119248,13
119231,119248,13
119232,119250,14
119233,119251,13
119234,119251,12
119235,119252,12
119236,119252,15
119237,119254,15
119238,119255,13
119239,119257,12
119240,119259,11
119241,119260,13
119242,119260,12
119243,119261,12
119244,119264,14
119245,119265,13
119246,119265,12
119247,119267,12
119248,119268,11
119249,119268,11
119250,119269,15
119251,119269,15
119252,119270,11
119253,119271,12
119254,119271,12
119255,119273,11
119256,119274,11
119257,119275,13
119258,119275,13
119259,119276,12
119260,119276,15
119261,119277,13
119262,119279,13
119263,119279,13
119264,119280,12
119265,119281,14
119266,119283,13
119267,119283,14
119268,119284,13
119269,119284,12
119270,119286,15
119271,119289,12
119272,119290,14
119273,119291,15
119274,119291,15
119275,119292,14
119276,119292,15
119277,119296,12
119278,119296,13
119279,119298,11
119280,119301,13
119281,119303,11
119282,119303,11
119283,119304,14
119284,119305,15
119285,119305,15
119286,119306,15
119287,119306,15
119288,119308,15
119289,119308,11
119290,119309,13
119291,119309,13
119292,119310,11
119293,119310,11
119294,119311,13
119295,119312,15
119296,119312,15
119297,119314,14
119298,119314,13
119299,119315,14
119300,119316,11
119301,119316,15
119302,119317,11
119303,119317,14
119304,119320,11
119305,119320,11
119306,119321,13
119307,119321,12
119308,119322,12
119309,119322,11
119310,119323,14
119311,119324,15
119312,119329,15
119313,119329,13
119314,119331,12
119315,119332,14
119316,119336,15
119317,119337,13
119318,119337,11
119319,119338,14
119320,119338,11
119321,119339,11
119322,119340,12
119323,119343,15
119324,119344,14
119325,119344,13
119326,119345,11
119327,119346,13
119328,119346,14
119329,119347,11
119330,119349,15
119331,119349,14
119332,119350,15
119333,119350,14
119334,119351,15
119335,119351,12
119336,119352,14
119337,119353,15
119338,119353,13
119339,119354,14
119340,119355,14
119341,119355,12
119342,119356,14
119343,119357,15
119344,119359,15
119345,119360,11
119346,119360,15
119347,119363,11
119348,119364,12
119349,119365,11
119350,119365,11
119351,119366,14
119352,119366,12
119353,119369,12
119354,119370,15
119355,119371,12
119356,119372,14
119357,119372,13
119358,119374,12
119359,119374,13
119360,119375,12
119361,119375,11
119362,119376,15
119363,119376,12
119364,119377,13
119365,119377,15
119366,119378,15
119367,119379,12
119368,119379,14
119369,119380,15
119370,119381,11
119371,119381,15
119372,119383,14
119373,119384,15
119374,119384,13
119375,119386,15
119376,119386,14
119377,119387,13
119378,119387,11
119379,119388,12
119380,119388,14
119381,119389,13
119382,119390,12
119383,119390,13
119384,119391,12
119385,119391,14
119386,119392,11
119387,119392,12
119388,119393,13
119389,119393,13
119390,119394,12
119391,119398,12
119392,119399,15
119393,119400,15
119394,119400,12
119395,119402,12
119396,119402,15
119397,119403,11
119398,119403,15
119399,119404,11
119400,119405,11
119401,119405,15
119402,119407,12
119403,119407,15
119404,119410,11
119405,119410,12
119406,119411,15
119407,119414,15
119408,119414,15
119409,119415,15
119410,119415,11
119411,119416,15
119412,119416,12
119413,119417,13
119414,119417,15
119415,119419,12
119416,119420,11
119417,119420,12
119418,119421,15
119419,119421,14
119420,119423,14
119421,119424,15
119422,119426,11
119423,119427,13
119424,119427,14
119425,119428,14
119426,119429,15
119427,119429,11
119428,119430,14
119429,119430,11
119430,119431,14
119431,119434,11
119432,119435,11
119433,119435,13
119434,119436,12
119435,119436,15
119436,119437,13
119437,119441,13
119438,119441,15
119439,119442,11
119440,119444,11
119441,119444,12
119442,119445,14
119443,119446,14
119444,119447,14
119445,119450,14
119446,119452,15
119447,119454,12
119448,119454,15
119449,119455,14
119450,119455,12
119451,119456,11
119452,119457,11
119453,119461,12
119454,119463,15
119455,119463,12
119456,119464,13
119457,119465,12
119458,119465,14
119459,119466,12
119460,119466,15
119461,119469,12
119462,119469,14
119463,119474,12
119464,119475,15
119465,119475,11
119466,119476,12
119467,119476,12
119468,119478,13
119469,119478,15
119470,119479,11
119471,119480,12
119472,119481,15
119473,119482,11
119474,119482,15
119475,119483,13
119476,119484,15
119477,119484,11
119478,119485,12
119479,119486,11
119480,119486,11
119481,119487,13
119482,119488,11
119483,119488,11
119484,119489,13
119485,119489,13
119486,119490,12
119487,119491,12
119488,119492,12
119489,119492,15
119490,119494,14
119491,119495,15
119492,119495,11
119493,119497,13
119494,119497,13
119495,119498,15
119496,119498,15
119497,119500,11
119498,119501,13
119499,119502,12
119500,119502,12
119501,119503,12
119502,119504,15
119503,119504,11
119504,119505,14
119505,119508,15
119506,119508,15
119507,119509,12
119508,119511,11
119509,119512,13
119510,119513,13
119511,119515,13
119512,119515,11
119513,119518,11
119514,119519,15
119515,119519,14
119516,119520,15
119517,119521,13
119518,119522,13
119519,119524,12
119520,119526,11
119521,119528,14
119522,119528,15
119523,119529,11
119524,119530,12
119525,119531,14
119526,119531,12
119527,119532,11
119528,119534,11
119529,119534,13
119530,119537,13
119531,119537,15
119532,119538,13
119533,119538,14
119534,119539,15
119535,119540,12
119536,119542,13
119537,119542,14
119538,119544,14
119539,119545,11
119540,119547,14
119541,119548,13
119542,119548,11
119543,119550,12
119544,119550,11
119545,119551,12
119546,119551,12
119547,119552,13
119548,119553,12
119549,119558,12
119550,119558,12
119551,119559,12
119552,119559,13
119553,119562,12
119554,119562,15
119555,119563,15
119556,119564,14
119557,119565,11
119558,119567,11
119559,119570,11
119560,119570,12
119561,119572,11
119562,119572,15
119563,119575,12
119564,119575,14
119565,119576,11
119566,119577,12
119567,119577,11
119568,119579,13
119569,119579,15
119570,119581,14
119571,119581,13
119572,119582,11
119573,119582,12
119574,119584,12
119575,119586,14
119576,119587,14
119577,119587,14
119578,119590,14
119579,119593,12
119580,119593,11
119581,119595,14
119582,119595,12
119583,119597,15
119584,119597,13
119585,119600,11
119586,119600,15
119587,119601,15
119588,119601,12
119589,119602,11
119590,119602,12
119591,119604,12
119592,119605,11
119593,119605,14
119594,119606,11
119595,119607,12
119596,119607,14
119597,119608,14
119598,119609,11
119599,119610,13
119600,119611,14
119601,119616,11
119602,119618,14
119603,119619,15
119604,119621,14
119605,119622,15
119606,119623,12
119607,119624,15
119608,119624,13
119609,119626,14
119610,119626,14
119611,119627,14
119612,119627,15
119613,119628,11
119614,119630,14
119615,119631,15
119616,119632,13
119617,119632,11
119618,119634,12
119619,119635,12
119620,119636,12
119621,119636,11
119622,119637,13
119623,119638,14
119624,119640,11
119625,119641,12
119626,119643,13
119627,119646,14
119628,119647,14
119629,119650,11
119630,119652,11
119631,119652,15
119632,119653,15
119633,119653,11
119634,119656,13
119635,119656,11
119636,119658,13
119637,119658,12
119638,119659,14
119639,119661,14
119640,119661,12
119641,119666,11
119642,119668,12
119643,119668,13
119644,119670,13
119645,119670,11
119646,119671,14
119647,119671,14
119648,119674,12
119649,119678,11
119650,119678,12
119651,119681,11
119652,119681,14
119653,119682,11
119654,119682,15
119655,119683,12
119656,119685,12
119657,119685,13
119658,119687,13
119659,119694,11
119660,119695,13
119661,119695,11
119662,119697,15
119663,119698,12
119664,119698,12
119665,119699,11
119666,119700,14
119667,119701,13
119668,119706,11
119669,119706,14
119670,119707,11
119671,119708,14
119672,119710,13
119673,119710,12
119674,119711,11
119675,119711,12
119676,119712,11
119677,119712,15
119678,119713,13
119679,119716,14
119680,119718,12
119681,119719,13
119682,119720,15
119683,119720,15
119684,119721,13
119685,119721,13
119686,119722,15
119687,119722,15
119688,119723,11
119689,119724,13
119690,119724,11
119691,119725,14
119692,119726,11
119693,119726,12
119694,119727,13
119695,119729,15
119696,119729,12
119697,119730,14
119698,119730,15
119699,119731,11
119700,119734,12
119701,119734,13
119702,119735,13
119703,119735,11
119704,119736,11
119705,119736,15
119706,119737,12
119707,119737,12
119708,119739,14
119709,119739,13
119710,119740,15
119711,119741,12
119712,119741,14
119713,119742,11
119714,119743,12
119715,119743,15
119716,119744,13
119717,119744,14
119718,119747,13
119719,119749,12
119720,119749,11
119721,119751,15
119722,119752,14
119723,119753,14
119724,119753,11
119725,119755,13
119726,119756,13
119727,119756,11
119728,119757,14
119729,119757,11
119730,119758,15
119731,119758,13
119732,119759,14
119733,119760,13
119734,119761,12
119735,119761,15
119736,119762,12
119737,119763,12
119738,119764,11
119739,119766,12
119740,119766,14
119741,119767,13
119742,119767,15
119743,119769,12
119744,119770,12
119745,119770,15
119746,119771,15
119747,119772,14
119748,119773,13
119749,119773,15
119750,119774,12
119751,119774,15
119752,119776,14
119753,119776,14
119754,119777,11
119755,119778,15
119756,119778,12
119757,119779,12
119758,119780,14
119759,119780,11
119760,119781,12
119761,119782,11
119762,119783,13
119763,119784,13
119764,119784,15
119765,119785,11
119766,119785,13
119767,119788,14
119768,119788,11
119769,119790,11
119770,119792,15
119771,119792,11
119772,119793,13
119773,119793,14
119774,119794,11
119775,119794,11
119776,119796,15
119777,119798,11
119778,119798,15
119779,119799,13
119780,119802,13
119781,119803,12
119782,119804,15
119783,119804,15
119784,119806,11
119785,119806,15
119786,119807,11
119787,119808,14
119788,119808,14
119789,119809,12
119790,119810,13
119791,119811,13
119792,119812,13
119793,119812,15
119794,119814,13
119795,119816,14
119796,119818,12
119797,119818,15
119798,119819,12
119799,119819,13
119800,119821,14
119801,119821,13
119802,119822,15
119803,119823,11
119804,119823,11
119805,119827,13
119806,119829,12
119807,119831,12
119808,119831,14
119809,119833,15
119810,119837,12
119811,119838,12
119812,119840,15
119813,119840,12
119814,119842,11
119815,119843,13
119816,119843,13
119817,119844,12
119818,119844,15
119819,119847,14
119820,119847,12
119821,119848,15
119822,119848,14
119823,119853,11
119824,119854,15
119825,119854,15
119826,119855,15
119827,119855,13
119828,119856,14
119829,119858,11
119830,119861,14
119831,119861,11
119832,119863,15
119833,119863,14
119834,119864,14
119835,119864,15
119836,119865,14
119837,119865,14
119838,119866,15
119839,119869,11
119840,119870,14
119841,119870,15
119842,119871,15
119843,119872,15
119844,119872,12
119845,119873,11
119846,119874,11
119847,119874,11
119848,119875,14
119849,119876,13
119850,119877,13
119851,119877,14
119852,119878,15
119853,119878,12
119854,119879,11
119855,119879,15
119856,119880,13
119857,119880,11
119858,119883,13
119859,119884,12
119860,119884,15
119861,119885,13
119862,119886,14
119863,119886,12
119864,119887,12
119865,119890,14
119866,119891,14
119867,119892,14
119868,119893,12
119869,119894,14
119870,119896,13
119871,119896,13
119872,119897,13
119873,119899,11
119874,119900,11
119875,119900,11
119876,119903,11
119877,119904,15
119878,119904,14
119879,119905,14
119880,119905,15
119881,119906,11
119882,119906,14
119883,119907,13
119884,119908,12
119885,119908,12
119886,119909,12
119887,119909,11
119888,119911,15
119889,119911,12
119890,119912,11
119891,119913,11
119892,119913,11
119893,119914,11
119894,119916,14
119895,119918,15
119896,119919,13
119897,119920,14
119898,119920,12
119899,119921,12
119900,119921,13
119901,119922,11
119902,119922,14
119903,119923,12
119904,119925,15
119905,119925,14
119906,119927,13
119907,119927,13
119908,119930,12
119909,119931,13
119910,119932,13
119911,119933,13
119912,119933,11
119913,119938,15
119914,119938,11
119915,119941,14
119916,119944,13
119917,119945,13
119918,119945,15
119919,119947,15
119920,119947,14
119921,119948,15
119922,119948,15
119923,119949,12
119924,119950,12
119925,119951,12
119926,119951,15
119927,119954,15
119928,119954,11
119929,119955,12
119930,119955,12
119931,119957,13
119932,119957,11
119933,119958,13
119934,119958,13
119935,119959,14
119936,119961,15
119937,119962,11
119938,119967,15
119939,119967,11
119940,119968,11
119941,119968,12
119942,119969,13
119943,119969,14
119944,119970,15
119945,119970,11
119946,119971,13
119947,119971,11
119948,119972,13
119949,119973,12
119950,119973,11
119951,119974,14
119952,119974,12
119953,119976,11
119954,119977,12
119955,119978,14
119956,119978,14
119957,119979,15
119958,119980,14
119959,119982,11
119960,119983,12
119961,119983,13
119962,119984,13
119963,119986,11
119964,119986,15
119965,119987,13
119966,119987,15
119967,119988,11
119968,119988,13
119969,119989,13
119970,119990,12
119971,119991,13
119972,119991,11
119973,119992,15
119974,119994,12
119975,119995,11
119976,119996,15
119977,119997,13
119978,119998,13
119979,119998,12
119980,120000,14
119981,120000,14
119982,120003,15
119983,120003,12
119984,120005,12
119985,120006,12
119986,120007,11
119987,120008,15
119988,120008,13
119989,120011,13
119990,120011,15
119991,120012,11
119992,120013,15
119993,120014,12
119994,120014,15
119995,120017,13
119996,120019,12
119997,120020,14
119998,120020,11
119999,120021,15
120000,120021,13
120001,120022,11
120002,120023,15
120003,120023,11
120004,120024,15
120005,120026,12
120006,120026,15
120007,120027,15
120008,120029,15
120009,120030,13
120010,120030,11
120011,120031,12
120012,120032,14
120013,120034,15
120014,120034,15
120015,120035,14
120016,120035,15
120017,120036,14
120018,120039,15
120019,120040,15
120020,120042,13
120021,120042,11
120022,120043,12
120023,120044,15
120024,120047,15
120025,120048,13
120026,120049,12
120027,120049,12
120028,120050,13
120029,120050,11
120030,120051,14
120031,120051,11
120032,120052,12
120033,120053,13
120034,120054,12
120035,120056,14
120036,120058,11
120037,120059,15
120038,120059,11
120039,120060,12
120040,120060,13
120041,120062,14
120042,120063,12
120043,120063,14
120044,120064,15
120045,120065,13
120046,120067,13
120047,120069,12
120048,120069,13
120049,120072,14
120050,120072,11
120051,120073,12
120052,120073,12
120053,120074,12
120054,120074,11
120055,120076,15
120056,120076,11
120057,120077,12
120058,120077,15
120059,120078,14
120060,120079,14
120061,120080,15
120062,120081,14
120063,120081,15
120064,120082,12
120065,120084,15
120066,120084,13
120067,120088,12
120068,120088,12
120069,120089,12
120070,120089,13
120071,120091,13
120072,120091,14
120073,120093,14
120074,120093,15
120075,120094,12
120076,120094,13
120077,120095,13
120078,120099,13
120079,120099,13
120080,120104,11
120081,120104,15
120082,120105,13
120083,120106,15
120084,120107,13
120085,120110,14
120086,120111,11
120087,120111,14
120088,120113,14
120089,120114,14
120090,120115,15
120091,120115,11
120092,120116,11
120093,120118,14
120094,120119,11
120095,120119,13
120096,120121,13
120097,120122,14
120098,120124,12
120099,120124,13
120100,120125,15
120101,120126,14
120102,120127,13
120103,120130,12
120104,120131,14
120105,120131,11
120106,120132,12
120107,120132,12
120108,120134,11
120109,120134,13
120110,120136,13
120111,120136,15
120112,120137,14
120113,120137,12
120114,120138,13
120115,120138,13
120116,120140,13
120117,120142,12
120118,120143,15
120119,120146,13
120120,120146,15
120121,120149,12
120122,120149,13
120123,120151,14
120124,120152,13
120125,120153,11
120126,120153,15
120127,120154,13
120128,120154,14
120129,120157,11
120130,120157,12
120131,120160,11
120132,120160,15
120133,120163,13
120134,120163,12
120135,120165,13
120136,120165,12
120137,120166,13
120138,120166,14
120139,120167,12
120140,120167,13
120141,120168,12
120142,120168,14
120143,120169,12
120144,120170,11
120145,120171,15
120146,120171,12
120147,120173,12
120148,120173,12
120149,120174,13
120150,120177,13
120151,120177,12
120152,120179,13
120153,120179,13
120154,120182,11
120155,120182,13
120156,120183,12
120157,120184,13
120158,120185,11
120159,120187,13
120160,120187,12
120161,120188,13
120162,120188,12
120163,120190,12
120164,120192,13
120165,120192,11
120166,120193,15
120167,120194,15
120168,120197,15
120169,120197,11
120170,120198,13
120171,120198,12
120172,120199,13
120173,120201,14
120174,120202,14
120175,120202,15
120176,120203,15
120177,120203,12
120178,120205,12
120179,120207,11
120180,120207,11
120181,120209,13
120182,120211,11
120183,120213,14
120184,120215,14
120185,120218,11
120186,120221,12
120187,120221,12
120188,120222,13
120189,120225,15
120190,120225,12
120191,120228,14
120192,120229,14
120193,120229,13
120194,120232,12
120195,120233,14
120196,120233,13
120197,120234,15
120198,120234,14
120199,120237,12
120200,120237,11
120201,120238,11
120202,120238,12
120203,120239,12
120204,120239,12
120205,120240,15
120206,120241,11
120207,120242,12
120208,120242,12
120209,120243,12
120210,120243,15
120211,120244,11
120212,120244,13
120213,120245,13
120214,120246,14
120215,120246,11
120216,120247,14
120217,120247,14
120218,120248,12
120219,120249,15
120220,120249,12
120221,120250,14
120222,120250,12
120223,120251,11
120224,120252,13
120225,120252,11
120226,120253,11
120227,120254,11
120228,120254,12
120229,120255,14
120230,120256,13
120231,120256,15
120232,120259,12
120233,120260,14
120234,120260,11
120235,120261,12
120236,120262,15
120237,120263,13
120238,120263,11
120239,120266,11
120240,120266,15
120241,120267,15
120242,120267,13
120243,120268,12
120244,120269,14
120245,120271,13
120246,120272,11
120247,120272,11
120248,120273,13
120249,120275,15
120250,120278,11
120251,120278,12
120252,120280,15
120253,120281,14
120254,120283,13
120255,120283,14
120256,120284,14
120257,120286,13
120258,120286,13
120259,120287,12
120260,120288,14
120261,120288,12
120262,120289,15
120263,120290,11
120264,120291,12
120265,120292,13
120266,120293,13
120267,120295,13
120268,120295,13
120269,120296,12
120270,120296,11
120271,120298,12
120272,120298,12
120273,120301,11
120274,120302,13
120275,120302,12
120276,120304,13
120277,120305,12
120278,120305,12
120279,120306,15
120280,120306,12
120281,120310,13
120282,120311,14
120283,120311,13
120284,120313,14
120285,120313,14
120286,120314,14
120287,120314,12
120288,120315,14
120289,120315,15
120290,120316,14
120291,120317,12
120292,120318,12
120293,120318,13
120294,120319,14
120295,120319,13
120296,120320,14
120297,120322,11
120298,120324,14
120299,120324,13
120300,120325,13
120301,120326,12
120302,120326,14
120303,120327,15
120304,120329,12
120305,120330,11
120306,120330,13
120307,120331,13
120308,120331,13
120309,120333,11
120310,120333,14
120311,120335,12
120312,120336,14
120313,120336,14
120314,120338,12
120315,120340,12
120316,120340,12
120317,120342,12
120318,120343,14
120319,120344,11
120320,120345,15
120321,120345,13
120322,120346,12
120323,120346,11
120324,120347,14
120325,120347,11
120326,120348,12
120327,120349,11
120328,120350,15
120329,120350,14
120330,120351,13
120331,120351,15
120332,120354,15
120333,120354,15
120334,120358,12
120335,120358,11
120336,120359,14
120337,120359,11
120338,120360,11
120339,120360,13
120340,120361,11
120341,120363,11
120342,120364,12
120343,120364,13
120344,120365,12
120345,120365,12
120346,120366,15
120347,120366,13
120348,120367,12
120349,120369,12
120350,120369,14
120351,120371,12
120352,120372,12
120353,120372,13
120354,120373,12
120355,120373,14
120356,120375,11
120357,120377,11
120358,120379,12
120359,120379,14
120360,120380,11
120361,120381,14
120362,120387,13
120363,120387,11
120364,120388,13
120365,120388,15
120366,120389,11
120367,120390,11
120368,120391,12
120369,120391,15
120370,120393,14
120371,120393,13
120372,120395,12
120373,120395,15
120374,120397,11
120375,120397,14
120376,120398,12
120377,120398,12
120378,120399,11
120379,120399,13
120380,120402,15
120381,120403,11
120382,120405,15
120383,120405,14
120384,120406,15
120385,120412,14
120386,120415,12
120387,120415,11
120388,120416,15
120389,120416,15
120390,120418,13
120391,120418,11
120392,120420,12
120393,120420,13
120394,120421,13
120395,120421,11
120396,120422,14
120397,120422,15
120398,120423,14
120399,120423,12
120400,120424,15
120401,120425,13
120402,120427,12
120403,120427,15
120404,120429,12
120405,120429,14
120406,120431,12
120407,120432,13
120408,120432,12
120409,120433,14
120410,120435,11
120411,120436,15
120412,120438,14
120413,120440,11
120414,120440,15
120415,120442,11
120416,120443,13
120417,120443,14
120418,120444,14
120419,120444,15
120420,120445,14
120421,120445,13
120422,120446,15
120423,120447,13
120424,120448,13
120425,120449,13
120426,120449,11
120427,120451,14
120428,120451,13
120429,120452,13
120430,120453,12
120431,120453,15
120432,120454,11
120433,120456,13
120434,120456,13
120435,120458,14
120436,120459,13
120437,120459,14
120438,120460,12
120439,120460,12
120440,120461,14
120441,120462,15
120442,120464,15
120443,120464,15
120444,120465,15
120445,120466,14
120446,120466,11
120447,120467,13
120448,120467,15
120449,120468,15
120450,120470,15
120451,120470,13
120452,120471,11
120453,120471,14
120454,120472,11
120455,120472,13
120456,120474,15
120457,120474,11
120458,120475,15
120459,120478,11
120460,120479,13
120461,120479,11
120462,120480,15
120463,120481,14
120464,120481,15
120465,120483,14
120466,120484,15
120467,120485,15
120468,120487,13
120469,120488,13
120470,120489,13
120471,120489,11
120472,120490,14
120473,120491,11
120474,120491,15
120475,120492,12
120476,120494,12
120477,120495,12
120478,120496,12
120479,120496,11
120480,120497,15
120481,120497,11
120482,120498,11
120483,120498,12
120484,120500,12
120485,120500,12
120486,120501,14
120487,120502,15
120488,120502,13
120489,120503,15
120490,120503,12
120491,120505,14
120492,120506,11
120493,120506,14
120494,120507,14
120495,120508,14
120496,120512,11
120497,120512,12
120498,120513,13
120499,120513,14
120500,120515,15
120501,120515,11
120502,120516,14
120503,120517,11
120504,120519,12
120505,120519,13
120506,120521,13
120507,120521,15
120508,120525,15
120509,120526,15
120510,120529,14
120511,120529,15
120512,120530,15
120513,120530,15
120514,120531,15
120515,120531,12
120516,120532,11
120517,120532,12
120518,120533,15
120519,120534,15
120520,120534,12
120521,120535,15
120522,120535,11
120523,120536,11
120524,120536,14
120525,120538,12
120526,120538,15
120527,120542,14
120528,120543,15
120529,120543,12
120530,120544,11
120531,120545,15
120532,120545,12
120533,120546,13
120534,120550,12
120535,120552,12
120536,120552,14
120537,120553,11
120538,120553,15
120539,120555,15
120540,120557,12
120541,120557,12
120542,120561,14
120543,120562,15
120544,120562,12
120545,120563,15
120546,120564,13
120547,120565,11
120548,120566,12
120549,120567,14
120550,120568,15
120551,120568,12
120552,120569,13
120553,120570,11
120554,120570,12
120555,120571,15
120556,120571,15
120557,120572,11
120558,120573,14
120559,120573,15
120560,120575,11
120561,120575,11
120562,120576,15
120563,120576,14
120564,120577,15
120565,120577,12
120566,120578,13
120567,120578,14
120568,120579,15
120569,120580,14
120570,120580,12
120571,120581,12
120572,120582,12
120573,120582,13
120574,120583,15
120575,120585,13
120576,120585,11
120577,120586,13
120578,120588,15
120579,120588,14
120580,120589,13
120581,120592,14
120582,120593,15
120583,120594,13
120584,120594,11
120585,120596,14
120586,120598,13
120587,120598,13
120588,120602,14
120589,120602,12
120590,120603,11
120591,120603,11
120592,120607,11
120593,120609,12
120594,120609,11
120595,120610,11
120596,120611,14
120597,120611,12
120598,120612,14
120599,120612,13
120600,120613,14
120601,120613,12
120602,120614,14
120603,120614,12
120604,120616,11
120605,120616,12
120606,120617,14
120607,120619,11
120608,120619,12
120609,120620,13
120610,120622,12
120611,120623,15
120612,120624,15
120613,120628,13
120614,120628,14
120615,120629,14
120616,120630,14
120617,120631,15
120618,120632,15
120619,120636,11
120620,120636,14
120621,120637,11
120622,120639,15
120623,120640,14
120624,120640,14
120625,120642,13
120626,120642,11
120627,120643,13
120628,120644,13
120629,120647,14
120630,120648,14
120631,120649,12
120632,120651,14
120633,120651,12
120634,120653,13
120635,120653,12
120636,120655,15
120637,120655,11
120638,120657,13
120639,120658,14
120640,120658,12
120641,120659,11
120642,120659,15
120643,120660,15
120644,120660,11
120645,120662,13
120646,120664,12
120647,120666,13
120648,120667,11
120649,120667,11
120650,120668,14
120651,120669,12
120652,120669,12
120653,120670,11
120654,120671,12
120655,120671,12
120656,120673,15
120657,120676,11
120658,120676,12
120659,120677,15
120660,120679,15
120661,120679,13
120662,120680,13
120663,120680,12
120664,120683,14
120665,120684,15
120666,120685,12
120667,120685,13
120668,120687,11
120669,120687,14
120670,120688,15
120671,120688,13
120672,120691,14
120673,120692,14
120674,120692,15
120675,120694,12
120676,120694,14
120677,120695,11
120678,120695,14
120679,120699,13
120680,120699,13
120681,120700,14
120682,120701,14
120683,120703,11
120684,120703,14
120685,120704,14
120686,120704,12
120687,120705,14
120688,120706,13
120689,120708,14
120690,120708,15
120691,120709,12
120692,120712,15
120693,120715,11
120694,120716,11
120695,120716,13
120696,120717,13
120697,120717,13
120698,120718,12
120699,120718,11
120700,120719,13
120701,120720,11
120702,120720,11
120703,120721,12
120704,120722,13
120705,120723,15
120706,120723,13
120707,120724,13
120708,120724,11
120709,120725,14
120710,120726,15
120711,120726,11
120712,120727,11
120713,120728,15
120714,120729,12
120715,120729,11
120716,120730,15
120717,120730,12
120718,120731,12
120719,120732,12
120720,120732,11
120721,120733,11
120722,120733,13
120723,120735,11
120724,120736,11
120725,120736,11
120726,120737,12
120727,120738,12
120728,120738,13
120729,120739,14
120730,120740,12
120731,120742,15
120732,120742,15
120733,120743,15
120734,120743,14
120735,120744,13
120736,120747,15
120737,120747,11
120738,120749,15
120739,120749,13
120740,120751,15
120741,120752,14
120742,120753,14
120743,120753,12
120744,120756,12
120745,120756,11
120746,120757,13
120747,120757,15
120748,120759,15
120749,120759,11
120750,120761,13
120751,120761,15
120752,120762,11
120753,120762,13
120754,120764,15
120755,120767,14
120756,120767,13
120757,120768,13
120758,120769,15
120759,120770,11
120760,120770,11
120761,120771,14
120762,120771,13
120763,120773,15
120764,120773,12
120765,120774,14
120766,120775,15
120767,120775,13
120768,120777,14
120769,120777,13
120770,120779,11
120771,120779,15
120772,120781,15
120773,120782,15
120774,120782,14
120775,120783,14
120776,120784,15
120777,120784,14
120778,120786,14
120779,120786,12
120780,120788,12
120781,120788,14
120782,120789,12
120783,120790,12
120784,120790,13
120785,120793,15
120786,120794,15
120787,120795,13
120788,120795,15
120789,120798,11
120790,120798,14
120791,120799,14
120792,120799,15
120793,120800,12
120794,120801,13
120795,120801,12
120796,120803,15
120797,120803,11
120798,120804,12
120799,120804,15
120800,120806,13
120801,120806,11
120802,120807,15
120803,120808,11
120804,120808,14
120805,120809,14
120806,120809,11
120807,120810,11
120808,120810,13
120809,120812,15
120810,120812,15
120811,120813,13
120812,120814,13
120813,120815,11
120814,120815,12
120815,120816,11
120816,120816,14
120817,120818,12
120818,120818,15
120819,120820,15
120820,120821,11
120821,120821,12
120822,120822,15
120823,120822,12
120824,120823,11
120825,120828,14
120826,120829,13
120827,120829,14
120828,120830,13
120829,120831,14
120830,120831,15
120831,120833,11
120832,120834,14
120833,120834,14
120834,120836,13
120835,120836,14
120836,120838,14
120837,120838,12
120838,120839,11
120839,120840,12
120840,120841,14
120841,120841,14
120842,120842,13
120843,120842,15
120844,120844,11
120845,120845,15
120846,120846,13
120847,120846,12
120848,120848,12
120849,120849,11
120850,120851,12
120851,120852,13
120852,120853,13
120853,120853,14
120854,120855,14
120855,120855,14
120856,120856,15
120857,120856,13
120858,120857,14
120859,120858,11
120860,120858,12
120861,120859,13
120862,120860,13
120863,120860,13
120864,120862,14
120865,120862,14
120866,120863,11
120867,120863,13
120868,120864,11
120869,120867,15
120870,120867,13
120871,120868,12
120872,120868,11
120873,120869,12
120874,120869,12
120875,120870,11
120876,120875,11
120877,120875,15
120878,120876,15
120879,120876,12
120880,120877,11
120881,120877,12
120882,120878,12
120883,120879,11
120884,120880,15
120885,120880,11
120886,120881,12
120887,120881,12
120888,120882,14
120889,120883,14
120890,120883,15
120891,120884,11
120892,120885,15
120893,120885,13
120894,120886,14
120895,120887,13
120896,120888,12
120897,120888,15
120898,120889,13
120899,120889,12
120900,120890,14
120901,120890,11
120902,120891,15
120903,120891,14
120904,120892,11
120905,120892,11
120906,120893,14
120907,120895,12
120908,120896,12
120909,120896,14
120910,120897,15
120911,120898,13
120912,120899,15
120913,120900,13
120914,120900,11
120915,120901,15
120916,120902,12
120917,120902,15
120918,120903,15
120919,120903,15
120920,120904,13
120921,120904,13
120922,120905,11
120923,120908,15
120924,120909,12
120925,120910,13
120926,120910,12
120927,120912,12
120928,120912,11
120929,120913,13
120930,120916,15
120931,120917,15
120932,120917,14
120933,120918,13
120934,120918,15
120935,120921,12
120936,120921,13
120937,120923,14
120938,120924,11
120939,120924,15
120940,120926,13
120941,120928,11
120942,120928,11
120943,120929,12
120944,120929,12
120945,120930,12
120946,120930,13
120947,120931,13
120948,120932,13
120949,120933,13
120950,120933,13
120951,120934,13
120952,120934,15
120953,120935,13
120954,120936,14
120955,120938,15
120956,120938,15
120957,120940,12
120958,120941,14
120959,120943,14
120960,120944,11
120961,120945,11
120962,120945,13
120963,120946,14
120964,120949,12
120965,120950,11
120966,120950,12
120967,120953,11
120968,120954,15
120969,120955,15
120970,120957,11
120971,120958,12
120972,120958,14
120973,120959,11
120974,120959,13
120975,120961,15
120976,120961,15
120977,120962,15
120978,120962,11
120979,120963,11
120980,120963,14
120981,120964,15
120982,120964,14
120983,120965,12
120984,120965,14
120985,120966,12
120986,120967,13
120987,120967,15
120988,120968,13
120989,120969,15
120990,120974,15
120991,120975,13
120992,120975,12
120993,120979,11
120994,120979,12
120995,120980,13
120996,120980,12
120997,120981,12
120998,120982,12
120999,120982,15
121000,120985,14
121001,120986,14
121002,120986,13
121003,120988,12
121004,120988,11
121005,120989,15
121006,120990,14
121007,120990,15
121008,120991,15
121009,120991,12
121010,120992,15
121011,120997,11
121012,120998,11
121013,120998,15
121014,120999,12
121015,121002,14
121016,121002,13
121017,121003,15
121018,121004,15
121019,121005,14
121020,121006,14
121021,121007,15
121022,121007,13
121023,121009,12
121024,121009,12
121025,121011,14
121026,121011,12
121027,121012,14
121028,121012,11
121029,121013,14
121030,121013,15
121031,121014,14
121032,121014,13
121033,121015,15
121034,121016,13
121035,121016,14
121036,121017,12
121037,121018,15
121038,121018,13
121039,121019,14
121040,121020,15
121041,121020,11
121042,121021,15
121043,121022,14
121044,121023,14
121045,121025,12
121046,121026,15
121047,121026,14
121048,121027,15
121049,121027,15
121050,121028,13
121051,121028,14
121052,121036,13
121053,121037,13
121054,121038,15
121055,121038,11
121056,121040,15
121057,121041,14
121058,121043,14
121059,121044,12
121060,121046,12
121061,121046,13
121062,121048,14
121063,121048,14
121064,121050,11
121065,121051,11
121066,121051,11
121067,121052,11
121068,121053,12
121069,121053,13
121070,121054,13
121071,121054,13
121072,121055,11
121073,121055,14
121074,121056,13
121075,121056,12
121076,121057,15
121077,121057,12
121078,121059,14
121079,121059,13
121080,121060,11
121081,121061,12
121082,121062,12
121083,121062,11
121084,121063,12
121085,121063,13
121086,121064,13
121087,121068,12
121088,121068,14
121089,121069,14
121090,121069,14
121091,121072,13
121092,121073,14
121093,121076,14
121094,121076,11
121095,121079,14
121096,121080,11
121097,121080,13
121098,121081,14
121099,121081,15
121100,121082,11
121101,121083,11
121102,121083,12
121103,121084,13
121104,121084,13
121105,121085,12
121106,121085,15
121107,121086,14
121108,121087,11
121109,121087,11
121110,121088,13
121111,121090,15
121112,121091,11
121113,121092,11
121114,121093,14
121115,121093,13
121116,121095,14
121117,121096,15
121118,121099,13
121119,121101,14
121120,121101,13
121121,121102,15
121122,121103,12
121123,121103,11
121124,121104,13
121125,121104,12
121126,121105,13
121127,121105,11
121128,121106,14
121129,121107,13
121130,121109,15
121131,121111,15
121132,121112,11
121133,121114,13
121134,121114,11
121135,121115,12
121136,121115,14
121137,121118,14
121138,121119,13
121139,121120,15
121140,121121,13
121141,121121,15
121142,121122,13
121143,121123,14
121144,121124,11
121145,121124,11
121146,121128,15
121147,121128,12
121148,121129,12
121149,121129,13
121150,121130,15
121151,121131,13
121152,121131,15
121153,121133,12
121154,121133,14
121155,121136,12
121156,121136,15
121157,121137,14
121158,121137,11
121159,121138,11
121160,121139,14
121161,121140,15
121162,121141,12
121163,121141,15
121164,121142,14
121165,121143,11
121166,121144,14
121167,121144,13
121168,121146,14
121169,121147,14
121170,121148,12
121171,121148,11
121172,121152,12
121173,121153,15
121174,121154,14
121175,121156,14
121176,121156,11
121177,121157,13
121178,121158,11
121179,121158,13
121180,121161,14
121181,121162,14
121182,121162,15
121183,121164,15
121184,121166,13
121185,121166,12
121186,121169,15
121187,121169,15
121188,121170,13
121189,121172,15
121190,121173,13
121191,121173,15
121192,121174,11
121193,121175,14
121194,121178,13
121195,121178,11
121196,121179,15
121197,121179,11
121198,121182,13
121199,121182,15
121200,121184,12
121201,121184,11
121202,121185,15
121203,121186,11
121204,121186,11
121205,121189,13
121206,121189,12
121207,121190,13
121208,121191,13
121209,121191,12
121210,121192,12
121211,121193,14
121212,121196,13
121213,121197,13
121214,121199,13
121215,121199,14
121216,121200,13
121217,121200,12
121218,121202,12
121219,121204,13
121220,121204,14
121221,121205,12
121222,121206,12
121223,121206,13
121224,121207,14
121225,121210,14
121226,121211,11
121227,121213,13
121228,121213,14
121229,121214,14
121230,121214,14
121231,121215,14
121232,121216,11
121233,121217,13
121234,121217,14
121235,121218,12
121236,121219,14
121237,121219,13
121238,121220,12
121239,121221,11
121240,121221,11
121241,121223,14
121242,121226,14
121243,121227,15
121244,121228,13
121245,121229,11
121246,121229,14
121247,121230,14
121248,121230,14
121249,121231,14
121250,121234,14
121251,121235,14
121252,121238,11
121253,121238,11
121254,121240,14
121255,121241,13
121256,121241,11
121257,121242,15
121258,121242,15
121259,121243,15
121260,121243,13
121261,121245,15
121262,121246,11
121263,121246,13
121264,121247,14
121265,121248,13
121266,121249,12
121267,121249,11
121268,121250,11
121269,121250,11
121270,121251,15
121271,121252,14
121272,121252,15
121273,121253,12
121274,121253,14
121275,121255,15
121276,121257,12
121277,121258,15
121278,121259,11
121279,121260,14
121280,121260,12
121281,121261,11
121282,121261,14
121283,121262,12
121284,121262,12
121285,121265,15
121286,121266,12
121287,121266,14
121288,121267,13
121289,121270,11
121290,121270,12
121291,121272,15
121292,121272,12
121293,121275,14
121294,121275,15
121295,121277,13
121296,121278,14
121297,121279,14
121298,121280,14
121299,121281,12
121300,121283,14
121301,121284,12
121302,121284,12
121303,121286,15
121304,121287,14
121305,121287,13
121306,121289,15
121307,121290,13
121308,121291,12
121309,121292,13
121310,121294,14
121311,121295,15
121312,121296,12
121313,121296,12
121314,121297,12
121315,121298,15
121316,121298,14
121317,121300,15
121318,121300,13
121319,121301,14
121320,121301,12
121321,121304,12
121322,121306,13
121323,121307,13
121324,121308,11
121325,121309,13
121326,121311,12
121327,121312,12
121328,121312,11
121329,121313,11
121330,121317,12
121331,121319,12
121332,121320,13
121333,121320,12
121334,121322,15
121335,121323,14
121336,121324,15
121337,121324,15
121338,121325,11
121339,121325,14
121340,121326,11
121341,121327,13
121342,121328,11
121343,121329,11
121344,121330,13
121345,121331,15
121346,121331,15
121347,121332,11
121348,121333,12
121349,121334,11
121350,121334,12
121351,121337,14
121352,121338,11
121353,121339,14
121354,121341,12
121355,121341,12
121356,121342,12
121357,121342,13
121358,121344,15
121359,121345,13
121360,121347,13
121361,121347,15
121362,121348,14
121363,121348,14
121364,121349,15
121365,121350,14
121366,121350,11
121367,121352,15
121368,121352,14
121369,121353,13
121370,121354,13
121371,121354,14
121372,121355,14
121373,121356,12
121374,121356,14
121375,121357,11
121376,121357,11
121377,121358,13
121378,121359,15
121379,121360,12
121380,121361,15
121381,121362,13
121382,121366,12
121383,121369,15
121384,121370,11
121385,121371,14
121386,121371,12
121387,121372,12
121388,121373,13
121389,121373,15
121390,121375,13
121391,121379,15
121392,121380,12
121393,121381,11
121394,121383,15
121395,121383,15
121396,121384,12
121397,121386,12
121398,121387,12
121399,121387,15
121400,121389,13
121401,121391,12
121402,121391,13
121403,121392,15
121404,121393,13
121405,121395,13
121406,121395,15
121407,121396,14
121408,121396,11
121409,121397,14
121410,121397,14
121411,121399,11
121412,121399,15
121413,121400,13
121414,121400,11
121415,121402,12
121416,121402,11
121417,121404,14
121418,121404,12
121419,121406,15
121420,121406,15
121421,121410,14
121422,121412,12
121423,121413,11
121424,121414,13
121425,121415,13
121426,121416,11
121427,121417,11
121428,121417,12
121429,121418,11
121430,121418,13
121431,121419,11
121432,121423,15
121433,121423,11
121434,121424,11
121435,121424,15
121436,121425,13
121437,121426,12
121438,121428,14
121439,121428,14
121440,121430,13
121441,121430,15
121442,121432,13
121443,121435,14
121444,121435,12
121445,121438,11
121446,121438,15
121447,121439,13
121448,121440,15
121449,121441,12
121450,121443,11
121451,121447,11
121452,121447,14
121453,121448,15
121454,121452,11
121455,121453,15
121456,121453,13
121457,121454,13
121458,121455,13
121459,121459,15
121460,121459,12
121461,121460,13
121462,121461,11
121463,121463,15
121464,121465,11
121465,121466,12
121466,121466,14
121467,121467,14
121468,121467,12
121469,121468,12
121470,121469,12
121471,121469,13
121472,121473,11
121473,121474,14
121474,121475,11
121475,121475,14
121476,121476,15
121477,121477,13
121478,121480,11
121479,121480,12
121480,121481,15
121481,121482,11
121482,121483,11
121483,121483,12
121484,121485,11
121485,121485,12
121486,121486,14
121487,121488,15
121488,121489,14
121489,121490,13
121490,121493,12
121491,121494,14
121492,121494,12
121493,121495,13
121494,121495,13
121495,121496,12
121496,121497,14
121497,121499,14
121498,121499,15
121499,121500,11
121500,121501,13
121501,121502,11
121502,121503,11
121503,121503,15
121504,121504,15
121505,121506,11
121506,121506,12
121507,121507,14
121508,121508,14
121509,121508,14
121510,121509,15
121511,121509,12
121512,121512,14
121513,121512,15
121514,121513,14
121515,121514,14
121516,121514,12
121517,121515,13
121518,121515,11
121519,121516,12
121520,121516,14
121521,121518,14
121522,121518,12
121523,121519,13
121524,121519,11
121525,121520,15
121526,121520,12
121527,121521,14
121528,121521,14
121529,121522,11
121530,121522,13
121531,121523,11
121532,121524,12
121533,121527,15
121534,121527,13
121535,121529,15
121536,121530,13
121537,121531,15
121538,121532,12
121539,121532,13
121540,121533,15
121541,121534,12
121542,121536,14
121543,121536,15
121544,121537,14
121545,121539,15
121546,121540,12
121547,121540,12
121548,121541,14
121549,121541,14
121550,121542,15
121551,121542,15
121552,121544,13
121553,121545,14
121554,121545,13
121555,121546,13
121556,121546,13
121557,121547,15
121558,121547,11
121559,121548,15
121560,121549,12
121561,121550,13
121562,121552,13
121563,121552,15
121564,121553,14
121565,121553,12
121566,121556,12
121567,121556,12
121568,121557,13
121569,121557,12
121570,121558,12
121571,121558,12
121572,121559,13
121573,121559,11
121574,121560,14
121575,121561,13
121576,121561,15
121577,121562,14
121578,121565,11
121579,121565,15
121580,121567,11
121581,121568,14
121582,121569,11
121583,121570,14
121584,121570,11
121585,121572,15
121586,121573,15
121587,121573,12
121588,121574,11
121589,121575,13
121590,121575,11
121591,121576,14
121592,121578,15
121593,121579,11
121594,121581,14
121595,121582,15
121596,121584,15
121597,121584,11
121598,121585,12
121599,121586,13
121600,121586,13
121601,121587,12
121602,121588,11
121603,121589,15
121604,121590,14
121605,121591,14
121606,121591,13
121607,121594,12
121608,121594,12
121609,121595,15
121610,121596,11
121611,121597,11
121612,121597,11
121613,121598,15
121614,121598,15
121615,121599,13
121616,121599,14
121617,121600,12
121618,121601,12
121619,121601,15
121620,121602,13
121621,121604,13
121622,121604,15
121623,121605,14
121624,121605,13
121625,121606,14
121626,121607,12
121627,121608,12
121628,121608,15
121629,121609,12
121630,121609,11
121631,121610,15
121632,121612,11
121633,121612,12
121634,121613,13
121635,121613,12
121636,121614,12
121637,121614,13
121638,121615,12
121639,121615,12
121640,121617,15
121641,121617,12
121642,121618,13
121643,121620,11
121644,121622,15
121645,121622,11
121646,121625,15
121647,121625,13
121648,121626,13
121649,121628,13
121650,121628,14
121651,121629,11
121652,121629,14
121653,121632,15
121654,121632,13
121655,121633,13
121656,121634,14
121657,121634,11
121658,121636,11
121659,121636,11
121660,121640,15
121661,121641,11
121662,121642,11
121663,121644,14
121664,121647,14
121665,121648,15
121666,121649,11
121667,121650,15
121668,121651,11
121669,121651,12
121670,121653,15
121671,121654,13
121672,121655,12
121673,121655,12
121674,121657,12
121675,121657,11
121676,121658,15
121677,121659,14
121678,121660,14
121679,121661,14
121680,121661,14
121681,121662,11
121682,121663,14
121683,121664,12
121684,121665,13
121685,121665,11
121686,121666,12
121687,121666,13
121688,121670,15
121689,121670,13
121690,121671,14
121691,121672,14
121692,121674,12
121693,121674,11
121694,121675,15
121695,121676,11
121696,121676,12
121697,121677,11
121698,121679,11
121699,121679,14
121700,121680,15
121701,121680,15
121702,121681,13
121703,121683,14
121704,121688,15
121705,121689,15
121706,121690,11
121707,121691,14
121708,121691,12
121709,121694,11
121710,121694,11
121711,121695,11
121712,121696,11
121713,121696,13
121714,121697,13
121715,121701,12
121716,121701,15
121717,121702,14
121718,121702,13
121719,121703,13
121720,121704,11
121721,121706,11
121722,121706,14
121723,121707,15
121724,121708,14
121725,121708,14
121726,121709,14
121727,121711,12
121728,121711,15
121729,121712,13
121730,121712,14
121731,121713,12
121732,121713,14
121733,121714,15
121734,121715,15
121735,121718,14
121736,121719,13
121737,121719,15
121738,121720,15
121739,121722,14
121740,121722,11
121741,121725,12
121742,121726,14
121743,121726,11
121744,121727,14
121745,121728,12
121746,121728,13
121747,121729,14
121748,121729,13
121749,121730,13
121750,121731,11
121751,121731,12
121752,121732,11
121753,121732,11
121754,121734,13
121755,121734,13
121756,121736,13
121757,121738,15
121758,121739,11
121759,121740,15
121760,121741,14
121761,121743,13
121762,121743,15
121763,121746,14
121764,121746,14
121765,121747,15
121766,121748,15
121767,121749,12
121768,121753,11
121769,121755,12
121770,121755,15
121771,121758,11
121772,121759,11
121773,121759,13
121774,121760,14
121775,121760,15
121776,121761,12
121777,121762,12
121778,121762,14
121779,121763,12
121780,121764,13
121781,121766,13
121782,121767,15
121783,121771,11
121784,121771,13
121785,121772,13
121786,121772,11
121787,121775,11
121788,121778,11
121789,121778,15
121790,121780,11
121791,121781,11
121792,121781,11
121793,121783,15
121794,121783,13
121795,121785,12
121796,121785,15
121797,121786,13
121798,121788,15
121799,121788,14
121800,121789,14
121801,121789,14
121802,121790,15
121803,121791,14
121804,121791,15
121805,121792,14
121806,121792,14
121807,121793,14
121808,121795,14
121809,121795,12
121810,121800,11
121811,121801,11
121812,121802,12
121813,121802,12
121814,121803,13
121815,121803,11
121816,121805,15
121817,121806,15
121818,121806,13
121819,121808,14
121820,121810,11
121821,121810,14
121822,121811,14
121823,121812,13
121824,121813,13
121825,121814,11
121826,121816,15
121827,121816,15
121828,121817,14
121829,121821,15
121830,121822,13
121831,121822,13
121832,121823,14
121833,121824,11
121834,121824,13
121835,121825,11
121836,121826,14
121837,121826,11
121838,121827,13
121839,121827,15
121840,121828,14
121841,121829,11
121842,121831,12
121843,121831,13
121844,121832,14
121845,121833,15
121846,121833,14
121847,121835,11
121848,121835,14
121849,121836,13
121850,121836,15
121851,121837,13
121852,121838,15
121853,121838,12
121854,121839,11
121855,121839,14
121856,121840,11
121857,121840,15
121858,121841,12
121859,121843,13
121860,121845,13
121861,121845,13
121862,121848,13
121863,121850,11
121864,121850,12
121865,121851,14
121866,121851,15
121867,121852,13
121868,121853,15
121869,121853,11
121870,121855,15
121871,121861,15
121872,121861,15
121873,121862,15
121874,121862,14
121875,121863,11
121876,121865,13
121877,121865,12
121878,121868,11
121879,121868,15
121880,121869,14
121881,121869,12
121882,121870,15
121883,121872,11
121884,121873,13
121885,121874,14
121886,121875,15
121887,121877,15
121888,121878,15
121889,121880,11
121890,121881,15
121891,121881,12
121892,121882,15
121893,121882,14
121894,121883,13
121895,121885,14
121896,121886,11
121897,121886,14
121898,121887,15
121899,121888,11
121900,121888,13
121901,121889,14
121902,121889,12
121903,121890,14
121904,121891,15
121905,121893,13
121906,121894,14
121907,121895,13
121908,121896,14
121909,121897,14
121910,121897,14
121911,121898,14
121912,121898,12
121913,121899,12
121914,121901,15
121915,121901,11
121916,121902,12
121917,121904,14
121918,121906,12
121919,121907,13
121920,121908,12
121921,121909,14
121922,121909,12
121923,121910,14
121924,121912,11
121925,121912,14
121926,121913,14
121927,121913,11
121928,121914,13
121929,121914,12
121930,121917,14
121931,121918,11
121932,121919,15
121933,121921,15
121934,121921,12
121935,121922,13
121936,121922,15
121937,121923,13
121938,121923,11
121939,121924,15
121940,121924,13
121941,121925,15
121942,121925,11
121943,121926,13
121944,121927,12
121945,121927,14
121946,121929,11
121947,121929,11
121948,121930,15
121949,121930,15
121950,121931,13
121951,121931,14
121952,121932,15
121953,121932,13
121954,121933,11
121955,121936,14
121956,121937,13
121957,121939,13
121958,121940,13
121959,121940,11
121960,121941,13
121961,121941,15
121962,121945,11
121963,121945,12
121964,121952,12
121965,121952,11
121966,121953,13
121967,121954,11
121968,121956,13
121969,121959,12
121970,121960,11
121971,121962,12
121972,121962,14
121973,121964,11
121974,121965,15
121975,121965,15
121976,121967,12
121977,121968,11
121978,121968,15
121979,121969,14
121980,121970,13
121981,121971,14
121982,121972,12
121983,121972,13
121984,121975,14
121985,121977,11
121986,121978,15
121987,121978,15
121988,121980,14
121989,121981,12
121990,121981,13
121991,121982,12
121992,121982,13
121993,121984,12
121994,121984,15
121995,121985,11
121996,121985,15
121997,121987,11
121998,121987,13
121999,121988,12
122000,121988,15
122001,121991,13
122002,121992,15
122003,121992,11
122004,121994,12
122005,121995,12
122006,121995,13
122007,121996,12
122008,121997,14
122009,121998,14
122010,122000,15
122011,122004,14
122012,122005,11
122013,122006,12
122014,122010,13
122015,122011,13
122016,122011,14
122017,122012,11
122018,122012,14
122019,122014,15
122020,122014,14
122021,122015,12
122022,122015,11
122023,122017,13
122024,122019,11
122025,122019,12
122026,122020,15
122027,122020,12
122028,122021,12
122029,122021,13
122030,122022,11
122031,122022,14
122032,122024,14
122033,122025,12
122034,122026,15
122035,122026,13
122036,122027,12
122037,122029,13
122038,122029,12
122039,122030,14
122040,122030,14
122041,122031,14
122042,122031,15
122043,122032,15
122044,122032,14
122045,122033,11
122046,122033,12
122047,122036,13
122048,122037,14
122049,122038,14
122050,122038,15
122051,122039,13
122052,122041,12
122053,122041,12
122054,122042,12
122055,122045,13
122056,122045,14
122057,122046,11
122058,122048,13
122059,122048,15
122060,122049,11
122061,122049,12
122062,122050,13
122063,122050,15
122064,122051,11
122065,122051,15
122066,122052,13
122067,122053,15
122068,122053,13
122069,122054,11
122070,122054,14
122071,122055,11
122072,122055,11
122073,122056,15
122074,122057,14
122075,122057,11
122076,122058,15
122077,122059,12
122078,122061,11
122079,122061,13
122080,122064,13
122081,122064,15
122082,122065,13
122083,122065,13
122084,122067,12
122085,122070,11
122086,122075,13
122087,122075,12
122088,122077,15
122089,122078,13
122090,122078,13
122091,122079,11
122092,122080,11
122093,122080,13
122094,122082,13
122095,122083,13
122096,122084,13
122097,122085,14
122098,122087,13
122099,122087,14
122100,122089,13
122101,122094,15
122102,122094,11
122103,122095,11
122104,122095,11
122105,122098,14
122106,122098,13
122107,122100,13
122108,122100,12
122109,122102,13
122110,122102,14
122111,122106,13
122112,122106,14
122113,122108,12
122114,122109,14
122115,122109,14
122116,122110,11
122117,122110,14
122118,122113,11
122119,122114,14
122120,122114,11
122121,122115,15
122122,122116,14
122123,122117,13
122124,122118,14
122125,122118,11
122126,122119,11
122127,122119,12
122128,122121,11
122129,122121,14
122130,122122,14
122131,122122,13
122132,122123,12
122133,122123,11
122134,122127,11
122135,122128,12
122136,122129,13
122137,122129,14
122138,122130,15
122139,122132,14
122140,122133,14
122141,122133,12
122142,122134,14
122143,122135,13
122144,122135,15
122145,122136,15
122146,122137,12
122147,122137,12
122148,122139,15
122149,122140,11
122150,122140,15
122151,122142,15
122152,122142,13
122153,122143,12
122154,122143,12
122155,122145,11
122156,122146,13
122157,122147,11
122158,122148,11
122159,122149,13
122160,122151,11
122161,122153,15
122162,122156,13
122163,122156,15
122164,122157,13
122165,122157,11
122166,122158,14
122167,122158,11
122168,122160,14
122169,122160,11
122170,122162,11
122171,122162,14
122172,122164,12
122173,122164,11
122174,122168,12
122175,122169,11
122176,122169,14
122177,122170,15
122178,122171,12
122179,122172,12
122180,122178,15
122181,122181,14
122182,122182,13
122183,122183,12
122184,122184,14
122185,122185,13
122186,122186,15
122187,122186,13
122188,122187,15
122189,122189,13
122190,122189,13
122191,122190,13
122192,122190,15
122193,122191,12
122194,122193,15
122195,122193,11
122196,122194,15
122197,122194,12
122198,122196,14
122199,122199,13
122200,122201,12
122201,122201,14
122202,122203,13
122203,122203,11
122204,122205,14
122205,122205,11
122206,122206,13
122207,122206,14
122208,122207,14
122209,122208,13
122210,122208,11
122211,122209,12
122212,122211,14
122213,122211,12
122214,122212,11
122215,122212,11
122216,122213,14
122217,122214,11
122218,122214,15
122219,122216,11
122220,122216,15
122221,122218,14
122222,122218,11
122223,122219,15
122224,122220,13
122225,122222,14
122226,122222,12
122227,122223,13
122228,122226,13
122229,122226,15
122230,122227,11
122231,122228,14
122232,122230,14
122233,122232,11
122234,122232,14
122235,122234,11
122236,122235,14
122237,122235,14
122238,122237,13
122239,122237,12
122240,122238,11
122241,122238,14
122242,122239,15
122243,122240,15
122244,122240,13
122245,122242,14
122246,122244,14
122247,122244,12
122248,122245,12
122249,122245,11
122250,122247,14
122251,122247,14
122252,122249,14
122253,122250,15
122254,122251,13
122255,122251,13
122256,122252,11
122257,122254,13
122258,122256,15
122259,122257,12
122260,122257,12
122261,122258,15
122262,122260,15
122263,122260,15
122264,122261,14
122265,122262,11
122266,122262,13
122267,122264,15
122268,122264,15
122269,122266,14
122270,122268,15
122271,122269,11
122272,122269,15
122273,122270,12
122274,122270,13
122275,122271,15
122276,122271,14
122277,122273,14
122278,122273,14
122279,122274,11
122280,122275,13
122281,122275,14
122282,122277,14
122283,122278,13
122284,122279,11
122285,122281,14
122286,122281,12
122287,122283,12
122288,122283,13
122289,122284,15
122290,122286,13
122291,122289,11
122292,122291,11
122293,122291,14
122294,122292,14
122295,122293,11
122296,122293,14
122297,122294,13
122298,122294,14
122299,122295,15
122300,122296,13
122301,122298,15
122302,122299,13
122303,122300,14
122304,122301,12
122305,122301,13
122306,122302,11
122307,122302,12
122308,122304,11
122309,122304,13
122310,122305,14
122311,122307,15
122312,122307,11
122313,122308,12
122314,122311,15
122315,122312,15
122316,122312,15
122317,122315,12
122318,122316,14
122319,122317,13
122320,122320,11
122321,122320,12
122322,122321,11
122323,122321,13
122324,122322,14
122325,122323,11
122326,122323,11
122327,122324,11
122328,122325,11
122329,122326,14
122330,122327,15
122331,122327,11
122332,122328,14
122333,122328,13
122334,122329,15
122335,122331,15
122336,122332,14
122337,122332,14
122338,122333,15
122339,122333,15
122340,122334,13
122341,122335,11
122342,122336,15
122343,122336,14
122344,122337,13
122345,122338,12
122346,122338,13
122347,122339,13
122348,122339,11
122349,122340,11
122350,122341,11
122351,122343,14
122352,122344,13
122353,122345,15
122354,122346,11
122355,122347,13
122356,122347,12
122357,122351,15
122358,122353,15
122359,122354,15
122360,122354,13
122361,122357,15
122362,122360,11
122363,122360,15
122364,122361,13
122365,122362,14
122366,122362,11
122367,122363,15
122368,122364,11
122369,122365,13
122370,122366,15
122371,122367,15
122372,122368,11
122373,122368,11
122374,122369,11
122375,122369,12
122376,122370,15
122377,122370,12
122378,122371,14
122379,122374,14
122380,122374,11
122381,122375,12
122382,122375,15
122383,122376,14
122384,122377,15
122385,122378,14
122386,122378,15
122387,122379,11
122388,122380,11
122389,122380,11
122390,122381,15
122391,122382,13
122392,122383,13
122393,122385,12
122394,122385,14
122395,122386,13
122396,122387,13
122397,122387,14
122398,122389,11
122399,122390,15
122400,122390,12
122401,122393,13
122402,122394,15
122403,122394,12
122404,122396,12
122405,122397,14
122406,122400,12
122407,122400,12
122408,122401,14
122409,122402,14
122410,122402,13
122411,122403,12
122412,122403,13
122413,122404,12
122414,122404,12
122415,122405,15
122416,122406,13
122417,122406,12
122418,122407,12
122419,122408,14
122420,122410,11
122421,122410,14
122422,122411,14
122423,122412,14
122424,122415,12
122425,122416,11
122426,122416,13
122427,122417,12
122428,122417,14
122429,122418,15
122430,122420,13
122431,122420,11
122432,122422,12
122433,122426,15
122434,122426,11
122435,122427,13
122436,122427,13
122437,122428,14
122438,122430,11
122439,122430,14
122440,122431,12
122441,122431,13
122442,122432,12
122443,122433,13
122444,122433,12
122445,122436,13
122446,122438,12
122447,122438,12
122448,122439,13
122449,122441,13
122450,122441,11
122451,122442,11
122452,122442,12
122453,122443,13
122454,122443,15
122455,122444,12
122456,122444,13
122457,122445,15
122458,122446,12
122459,122447,15
122460,122448,14
122461,122448,11
122462,122449,14
122463,122449,11
122464,122450,15
122465,122451,12
122466,122451,12
122467,122452,13
122468,122453,14
122469,122454,15
122470,122458,15
122471,122458,12
122472,122459,12
122473,122460,14
122474,122461,15
122475,122462,11
122476,122463,15
122477,122464,14
122478,122466,15
122479,122466,11
122480,122467,13
122481,122468,12
122482,122468,11
122483,122469,13
122484,122469,15
122485,122471,14
122486,122471,15
122487,122472,14
122488,122474,13
122489,122476,12
122490,122477,12
122491,122477,13
122492,122478,13
122493,122479,15
122494,122479,11
122495,122480,13
122496,122482,11
122497,122483,12
122498,122484,12
122499,122485,12
122500,122485,13
122501,122486,15
122502,122486,11
122503,122487,13
122504,122489,13
122505,122490,11
122506,122490,11
122507,122493,11
122508,122494,12
122509,122494,14
122510,122495,15
122511,122496,11
122512,122496,13
122513,122497,11
122514,122497,15
122515,122498,11
122516,122498,11
122517,122500,12
122518,122501,15
122519,122502,11
122520,122502,13
122521,122503,13
122522,122503,11
122523,122506,13
122524,122507,12
122525,122509,15
122526,122510,11
122527,122510,14
122528,122511,11
122529,122514,15
122530,122517,12
122531,122518,14
122532,122518,15
122533,122519,15
122534,122519,12
122535,122520,12
122536,122520,13
122537,122521,12
122538,122522,13
122539,122527,15
122540,122527,12
122541,122528,15
122542,122529,15
122543,122530,12
122544,122530,15
122545,122531,13
122546,122532,12
122547,122533,15
122548,122534,14
122549,122535,13
122550,122535,12
122551,122536,14
122552,122536,13
122553,122537,15
122554,122539,12
122555,122540,14
122556,122543,15
122557,122543,11
122558,122544,14
122559,122546,14
122560,122546,12
122561,122547,11
122562,122550,12
122563,122550,13
122564,122551,15
122565,122553,14
122566,122554,12
122567,122554,11
122568,122555,13
122569,122555,12
122570,122557,15
122571,122558,15
122572,122559,12
122573,122560,12
122574,122560,11
122575,122562,13
122576,122562,11
122577,122563,14
122578,122564,15
122579,122564,12
122580,122566,13
122581,122566,13
122582,122567,15
122583,122567,15
122584,122568,15
122585,122568,12
122586,122569,11
122587,122570,13
122588,122571,13
122589,122571,14
122590,122573,13
122591,122574,15
122592,122574,11
122593,122577,12
122594,122578,11
122595,122579,11
122596,122579,14
122597,122580,13
122598,122580,14
122599,122582,12
122600,122582,14
122601,122583,12
122602,122583,13
122603,122584,14
122604,122586,14
122605,122586,14
122606,122587,13
122607,122587,11
122608,122588,11
122609,122590,15
122610,122590,15
122611,122592,14
122612,122593,13
122613,122593,11
122614,122594,13
122615,122595,15
122616,122595,12
122617,122596,12
122618,122597,12
122619,122598,12
122620,122599,13
122621,122600,11
122622,122600,12
122623,122601,11
122624,122602,14
122625,122602,15
122626,122604,11
122627,122604,14
122628,122605,11
122629,122606,14
122630,122606,12
122631,122608,14
122632,122609,15
122633,122609,12
122634,122610,13
122635,122610,13
122636,122612,13
122637,122613,14
122638,122614,15
122639,122614,13
122640,122617,14
122641,122617,15
122642,122618,11
122643,122618,15
122644,122619,11
122645,122619,15
122646,122621,11
122647,122622,13
122648,122622,12
122649,122623,14
122650,122623,13
122651,122624,12
122652,122624,11
122653,122625,12
122654,122625,14
122655,122626,14
122656,122627,13
122657,122627,13
122658,122628,15
122659,122629,13
122660,122630,12
122661,122632,14
122662,122633,12
122663,122634,13
122664,122635,12
122665,122635,15
122666,122636,11
122667,122639,11
122668,122639,11
122669,122640,12
122670,122642,12
122671,122643,15
122672,122643,14
122673,122644,15
122674,122649,11
122675,122656,13
122676,122658,12
122677,122659,15
122678,122659,12
122679,122660,12
122680,122661,12
122681,122662,11
122682,122663,11
122683,122664,13
122684,122664,11
122685,122665,12
122686,122665,14
122687,122666,11
122688,122667,13
122689,122667,15
122690,122668,11
122691,122668,12
122692,122669,14
122693,122670,13
122694,122670,13
122695,122671,14
122696,122673,15
122697,122675,11
122698,122676,13
122699,122677,11
122700,122679,12
122701,122679,12
122702,122682,11
122703,122682,14
122704,122683,11
122705,122683,11
122706,122684,15
122707,122684,12
122708,122687,12
122709,122687,12
122710,122688,11
122711,122689,15
122712,122690,11
122713,122691,12
122714,122691,12
122715,122692,11
122716,122692,11
122717,122693,14
122718,122694,13
122719,122694,12
122720,122697,15
122721,122698,12
122722,122700,14
122723,122701,12
122724,122702,12
122725,122702,15
122726,122703,12
122727,122703,13
122728,122705,13
122729,122705,12
122730,122707,15
122731,122707,15
122732,122709,14
122733,122710,11
122734,122710,15
122735,122711,12
122736,122711,14
122737,122713,13
122738,122714,13
122739,122715,15
122740,122715,15
122741,122716,14
122742,122716,11
122743,122717,12
122744,122718,15
122745,122718,14
122746,122719,13
122747,122719,13
122748,122724,13
122749,122726,15
122750,122726,14
122751,122728,13
122752,122728,15
122753,122732,11
122754,122735,12
122755,122736,13
122756,122738,14
122757,122740,12
122758,122742,13
122759,122742,11
122760,122743,11
122761,122746,13
122762,122751,14
122763,122752,12
122764,122752,11
122765,122754,11
122766,122754,14
122767,122755,11
122768,122755,12
122769,122757,13
122770,122757,13
122771,122758,13
122772,122758,15
122773,122759,13
122774,122759,11
122775,122762,12
122776,122762,12
122777,122763,11
122778,122765,14
122779,122765,13
122780,122767,15
122781,122767,11
122782,122768,11
122783,122769,15
122784,122769,15
122785,122770,15
122786,122771,12
122787,122771,11
122788,122772,11
122789,122773,15
122790,122773,13
122791,122774,15
122792,122774,15
122793,122775,15
122794,122775,12
122795,122778,14
122796,122778,12
122797,122780,13
122798,122782,14
122799,122782,12
122800,122784,11
122801,122785,11
122802,122787,11
122803,122788,14
122804,122789,15
122805,122789,12
122806,122790,12
122807,122790,11
122808,122793,15
122809,122793,14
122810,122794,11
122811,122794,12
122812,122797,14
122813,122800,11
122814,122801,14
122815,122803,12
122816,122807,11
122817,122808,13
122818,122808,15
122819,122809,12
122820,122810,15
122821,122811,11
122822,122813,15
122823,122813,12
122824,122814,11
122825,122816,11
122826,122817,12
122827,122822,15
122828,122826,11
122829,122827,12
122830,122828,13
122831,122828,14
122832,122831,13
122833,122833,11
122834,122833,12
122835,122834,12
122836,122834,14
122837,122835,14
122838,122835,15
122839,122838,15
122840,122839,11
122841,122840,12
122842,122840,12
122843,122841,15
122844,122841,12
122845,122846,12
122846,122847,12
122847,122847,15
122848,122848,12
122849,122848,11
122850,122849,12
122851,122850,14
122852,122851,11
122853,122851,11
122854,122852,11
122855,122852,14
122856,122853,14
122857,122855,11
122858,122856,13
122859,122857,13
122860,122861,12
122861,122861,12
122862,122862,14
122863,122863,13
122864,122864,14
122865,122864,14
122866,122865,14
122867,122866,12
122868,122867,14
122869,122867,12
122870,122868,12
122871,122868,12
122872,122869,15
122873,122870,11
122874,122870,11
122875,122872,11
122876,122872,14
122877,122873,13
122878,122875,15
122879,122876,12
122880,122876,15
122881,122877,11
122882,122877,14
122883,122878,13
122884,122878,13
122885,122880,11
122886,122881,14
122887,122882,13
122888,122882,14
122889,122883,14
122890,122883,13
122891,122884,12
122892,122884,13
122893,122885,11
122894,122886,12
122895,122887,15
122896,122887,15
122897,122889,12
122898,122893,15
122899,122894,13
122900,122894,11
122901,122895,15
122902,122896,12
122903,122896,15
122904,122897,12
122905,122897,11
122906,122899,15
122907,122899,15
122908,122900,15
122909,122900,14
122910,122902,11
122911,122902,13
122912,122906,13
122913,122906,13
122914,122908,12
122915,122908,11
122916,122909,12
122917,122909,15
122918,122911,13
122919,122911,14
122920,122913,11
122921,122914,13
122922,122915,14
122923,122916,12
122924,122916,13
122925,122917,12
122926,122918,14
122927,122920,13
122928,122921,12
122929,122921,15
122930,122922,13
122931,122922,12
122932,122923,14
122933,122925,14
122934,122926,12
122935,122926,15
122936,122927,14
122937,122927,14
122938,122930,11
122939,122930,11
122940,122931,15
122941,122932,13
122942,122932,13
122943,122934,13
122944,122934,14
122945,122936,13
122946,122936,13
122947,122937,13
122948,122938,14
122949,122938,13
122950,122939,14
122951,122939,12
122952,122940,13
122953,122941,13
122954,122942,14
122955,122943,11
122956,122943,12
122957,122944,11
122958,122944,15
122959,122946,13
122960,122947,12
122961,122949,13
122962,122950,11
122963,122950,12
122964,122952,14
122965,122952,15
122966,122953,12
122967,122953,12
122968,122954,15
122969,122955,13
122970,122957,14
122971,122957,14
122972,122958,11
122973,122959,11
122974,122960,11
122975,122961,11
122976,122962,13
122977,122964,14
122978,122965,14
122979,122966,13
122980,122967,13
122981,122968,13
122982,122968,12
122983,122969,15
122984,122971,14
122985,122972,12
122986,122972,15
122987,122974,15
122988,122974,11
122989,122975,14
122990,122975,12
122991,122976,13
122992,122978,11
122993,122979,13
122994,122980,12
122995,122981,12
122996,122981,12
122997,122983,11
122998,122987,11
122999,122987,13
123000,122989,11
123001,122989,12
123002,122990,14
123003,122991,15
123004,122991,13
123005,122994,12
123006,122994,15
123007,122995,15
123008,122996,11
123009,122996,11
123010,122997,11
123011,122997,11
123012,122998,13
123013,122998,13
123014,123000,15
123015,123000,12
123016,123001,12
123017,123004,11
123018,123004,13
123019,123005,15
123020,123005,13
123021,123006,15
123022,123006,15
123023,123007,15
123024,123007,12
123025,123009,14
123026,123010,14
123027,123013,12
123028,123013,14
123029,123014,14
123030,123014,11
123031,123015,15
123032,123015,12
123033,123016,12
123034,123017,14
123035,123017,14
123036,123018,11
123037,123019,13
123038,123019,14
123039,123020,13
123040,123020,12
123041,123021,12
123042,123021,14
123043,123022,15
123044,123022,11
123045,123023,11
123046,123026,13
123047,123026,13
123048,123027,15
123049,123027,12
123050,123028,15
123051,123028,12
123052,123029,15
123053,123029,11
123054,123030,12
123055,123030,14
123056,123033,14
123057,123033,11
123058,123034,13
123059,123035,13
123060,123035,13
123061,123036,15
123062,123036,13
123063,123037,12
123064,123037,13
123065,123038,15
123066,123038,12
123067,123040,11
123068,123042,11
123069,123043,15
123070,123043,15
123071,123045,12
123072,123045,11
123073,123048,11
123074,123050,15
123075,123050,13
123076,123053,11
123077,123053,12
123078,123056,14
123079,123057,15
123080,123059,13
123081,123060,15
123082,123060,13
123083,123063,12
123084,123064,13
123085,123065,14
123086,123068,12
123087,123071,14
123088,123071,14
123089,123072,15
123090,123072,12
123091,123073,11
123092,123073,13
123093,123077,11
123094,123080,13
123095,123081,15
123096,123083,12
123097,123083,13
123098,123084,11
123099,123084,15
123100,123086,15
123101,123086,11
123102,123087,14
123103,123087,11
123104,123089,13
123105,123092,11
123106,123097,14
123107,123097,11
123108,123098,15
123109,123099,15
123110,123100,15
123111,123100,12
123112,123101,13
123113,123101,14
123114,123102,11
123115,123102,12
123116,123103,14
123117,123104,15
123118,123105,14
123119,123105,12
123120,123106,13
123121,123106,14
123122,123107,14
123123,123108,12
123124,123108,15
123125,123109,12
123126,123109,12
123127,123110,13
123128,123111,14
123129,123112,11
123130,123114,15
123131,123114,14
123132,123115,13
123133,123115,12
123134,123116,12
123135,123116,14
123136,123118,14
123137,123118,12
123138,123119,15
123139,123119,11
123140,123120,15
123141,123121,15
123142,123122,15
123143,123124,13
123144,123124,15
123145,123126,15
123146,123127,12
123147,123127,11
123148,123129,11
123149,123129,14
123150,123130,15
123151,123131,15
123152,123131,14
123153,123133,11
123154,123133,15
123155,123134,12
123156,123138,14
123157,123138,15
123158,123139,15
123159,123139,12
123160,123140,13
123161,123141,15
123162,123141,12
123163,123142,13
123164,123143,13
123165,123143,13
123166,123146,13
123167,123147,14
123168,123147,13
123169,123148,11
123170,123148,15
123171,123150,13
123172,123150,14
123173,123152,11
123174,123153,13
123175,123154,13
123176,123155,13
123177,123155,12
123178,123158,15
123179,123158,14
123180,123159,14
123181,123160,13
123182,123161,13
123183,123162,14
123184,123162,15
123185,123163,12
123186,123163,14
123187,123164,12
123188,123165,14
123189,123167,11
123190,123168,13
123191,123168,13
123192,123169,13
123193,123170,12
123194,123172,12
123195,123172,14
123196,123174,13
123197,123174,15
123198,123175,11
123199,123175,11
123200,123177,11
123201,123177,14
123202,123178,12
123203,123182,13
123204,123182,13
123205,123184,13
123206,123186,14
123207,123187,11
123208,123190,11
123209,123193,13
123210,123193,15
123211,123194,14
123212,123194,14
123213,123196,11
123214,123199,15
123215,123199,12
123216,123201,12
123217,123201,11
123218,123202,14
123219,123205,12
123220,123205,11
123221,123206,12
123222,123207,14
123223,123207,15
123224,123208,13
123225,123208,11
123226,123209,15
123227,123210,13
123228,123212,14
123229,123213,15
123230,123214,14
123231,123214,13
123232,123215,11
123233,123215,11
123234,123217,12
123235,123217,14
123236,123218,11
123237,123219,13
123238,123219,12
123239,123221,15
123240,123223,13
123241,123223,13
123242,123224,11
123243,123224,13
123244,123225,15
123245,123225,13
123246,123226,12
123247,123226,14
123248,123227,13
123249,123228,15
123250,123228,15
123251,123232,13
123252,123234,13
123253,123234,15
123254,123236,11
123255,123240,11
123256,123240,13
123257,123241,13
123258,123242,13
123259,123243,14
123260,123244,13
123261,123244,13
123262,123245,15
123263,123245,15
123264,123246,11
123265,123246,12
123266,123247,12
123267,123247,13
123268,123248,13
123269,123249,13
123270,123250,12
123271,123250,14
123272,123251,15
123273,123251,13
123274,123252,12
123275,123253,14
123276,123253,12
123277,123254,13
123278,123254,13
123279,123255,15
123280,123255,15
123281,123256,13
123282,123256,11
123283,123258,12
123284,123259,11
123285,123259,15
123286,123261,15
123287,123261,13
123288,123263,11
123289,123263,11
123290,123264,13
123291,123264,15
123292,123265,14
123293,123265,14
123294,123268,15
123295,123268,11
123296,123270,13
123297,123270,11
123298,123271,14
123299,123272,14
123300,123272,15
123301,123273,15
123302,123274,15
123303,123274,14
123304,123276,13
123305,123277,14
123306,123278,13
123307,123280,13
123308,123281,11
123309,123282,12
123310,123282,12
123311,123285,15
123312,123285,13
123313,123287,12
123314,123288,15
123315,123288,12
123316,123290,15
123317,123291,15
123318,123293,15
123319,123294,11
123320,123294,11
123321,123295,12
123322,123296,11
123323,123296,14
123324,123297,12
123325,123298,15
123326,123300,14
123327,123302,12
123328,123302,11
123329,123306,14
123330,123306,14
123331,123307,14
123332,123307,14
123333,123308,14
123334,123308,12
123335,123309,15
123336,123309,12
123337,123311,15
123338,123311,14
123339,123312,14
123340,123312,13
123341,123314,13
123342,123314,11
123343,123317,11
123344,123318,14
123345,123320,11
123346,123323,13
123347,123324,12
123348,123324,15
123349,123325,13
123350,123325,13
123351,123326,13
123352,123326,15
123353,123330,15
123354,123330,15
123355,123331,12
123356,123331,15
123357,123332,15
123358,123332,14
123359,123333,12
123360,123333,15
123361,123335,12
123362,123336,13
123363,123336,13
123364,123337,15
123365,123338,14
123366,123338,13
123367,123340,13
123368,123341,11
123369,123343,15
123370,123343,15
123371,123344,14
123372,123347,14
123373,123347,15
123374,123348,15
123375,123349,12
123376,123349,12
123377,123351,15
123378,123353,14
123379,123353,15
123380,123354,13
123381,123355,14
123382,123355,14
123383,123358,12
123384,123359,15
123385,123360,11
123386,123361,11
123387,123362,14
123388,123364,12
123389,123364,12
123390,123366,13
123391,123367,12
123392,123367,13
123393,123370,11
123394,123371,15
123395,123373,13
123396,123376,13
123397,123377,14
123398,123377,14
123399,123379,13
123400,123379,11
123401,123383,15
123402,123384,12
123403,123384,12
123404,123385,11
123405,123385,14
123406,123386,14
123407,123386,14
123408,123387,12
123409,123387,14
123410,123389,12
123411,123390,15
123412,123391,15
123413,123391,11
123414,123392,11
123415,123392,15
123416,123394,14
123417,123395,12
123418,123395,15
123419,123396,11
123420,123397,11
123421,123398,11
123422,123398,15
123423,123400,14
123424,123401,12
123425,123402,14
123426,123406,13
123427,123406,13
123428,123407,11
123429,123410,12
123430,123414,15
123431,123414,15
123432,123416,12
123433,123417,13
123434,123418,13
123435,123418,15
123436,123419,15
123437,123420,15
123438,123420,15
123439,123421,15
123440,123421,14
123441,123422,13
123442,123423,13
123443,123424,14
123444,123427,14
123445,123428,12
123446,123429,11
123447,123429,15
123448,123430,12
123449,123430,14
123450,123431,15
123451,123432,11
123452,123432,13
123453,123433,11
123454,123433,11
123455,123434,14
123456,123434,13
123457,123436,15
123458,123437,14
123459,123438,15
123460,123438,11
123461,123440,15
123462,123441,11
123463,123443,15
123464,123446,12
123465,123447,15
123466,123452,12
123467,123453,13
123468,123455,11
123469,123456,13
123470,123457,14
123471,123457,14
123472,123460,13
123473,123461,11
123474,123461,15
123475,123462,11
123476,123463,11
123477,123463,12
123478,123464,11
123479,123466,13
123480,123466,15
123481,123467,11
123482,123467,15
123483,123470,11
123484,123471,12
123485,123471,13
123486,123472,14
123487,123473,11
123488,123474,11
123489,123475,13
123490,123480,15
123491,123482,11
123492,123482,12
123493,123484,14
123494,123484,11
123495,123485,13
123496,123486,13
123497,123487,14
123498,123488,11
123499,123489,15
123500,123491,13
123501,123493,12
123502,123495,15
123503,123496,12
123504,123497,13
123505,123497,15
123506,123501,12
123507,123501,12
123508,123502,13
123509,123503,11
123510,123505,12
123511,123505,11
123512,123506,11
123513,123507,13
123514,123507,11
123515,123508,11
123516,123508,12
123517,123511,11
123518,123512,12
123519,123513,13
123520,123515,12
123521,123515,15
123522,123516,13
123523,123516,12
123524,123517,11
123525,123517,11
123526,123518,15
123527,123519,13
123528,123520,14
123529,123520,13
123530,123522,11
123531,123524,15
123532,123525,14
123533,123525,15
123534,123529,13
123535,123529,15
123536,123531,14
123537,123531,13
123538,123532,14
123539,123533,15
123540,123533,13
123541,123535,13
123542,123536,11
123543,123537,15
123544,123537,14
123545,123538,14
123546,123539,14
123547,123542,15
123548,123543,15
123549,123544,12
123550,123544,14
123551,123545,12
123552,123545,14
123553,123546,12
123554,123547,15
123555,123547,11
123556,123550,14
123557,123550,13
123558,123552,12
123559,123553,12
123560,123553,14
123561,123554,14
123562,123554,14
123563,123557,12
123564,123558,13
123565,123558,12
123566,123559,13
123567,123559,15
123568,123560,11
123569,123560,13
123570,123563,13
123571,123564,11
123572,123564,15
123573,123565,11
123574,123566,13
123575,123566,12
123576,123568,11
123577,123568,11
123578,123569,14
123579,123569,11
123580,123570,14
123581,123573,11
123582,123573,14
123583,123576,15
123584,123576,12
123585,123578,14
123586,123579,15
123587,123579,11
123588,123580,13
123589,123583,12
123590,123583,14
123591,123584,14
123592,123584,12
123593,123585,13
123594,123585,13
123595,123587,14
123596,123587,11
123597,123591,14
123598,123591,13
123599,123592,13
123600,123592,12
123601,123593,11
123602,123594,13
123603,123595,15
123604,123596,13
123605,123596,11
123606,123597,15
123607,123597,13
123608,123598,13
123609,123598,14
123610,123600,15
123611,123600,11
123612,123601,12
123613,123601,11
123614,123602,15
123615,123602,14
123616,123603,14
123617,123604,13
123618,123604,15
123619,123606,15
123620,123606,13
123621,123607,15
123622,123609,15
123623,123611,12
123624,123612,14
123625,123614,13
123626,123615,11
123627,123616,13
123628,123617,11
123629,123618,15
123630,123618,15
123631,123620,12
123632,123621,11
123633,123622,11
123634,123622,13
123635,123623,11
123636,123623,12
123637,123624,11
123638,123624,15
123639,123625,12
123640,123626,13
123641,123627,13
123642,123627,13
123643,123628,12
123644,123630,15
123645,123632,12
123646,123632,14
123647,123634,14
123648,123636,15
123649,123636,15
123650,123637,14
123651,123637,14
123652,123639,14
123653,123643,11
123654,123643,15
123655,123646,15
123656,123647,15
123657,123648,12
123658,123648,14
123659,123652,11
123660,123653,13
123661,123655,12
123662,123655,14
123663,123656,12
123664,123656,13
123665,123657,11
123666,123658,14
123667,123659,13
123668,123659,14
123669,123661,15
123670,123664,13
123671,123664,13
123672,123666,12
123673,123666,15
123674,123667,12
123675,123670,13
123676,123671,14
123677,123671,15
123678,123672,12
123679,123674,13
123680,123675,12
123681,123675,15
123682,123676,11
123683,123676,15
123684,123677,14
123685,123678,15
123686,123678,15
123687,123679,15
123688,123679,11
123689,123680,15
123690,123682,13
123691,123683,14
123692,123683,12
123693,123684,13
123694,123684,14
123695,123686,11
123696,123686,14
123697,123689,13
123698,123689,14
123699,123691,14
123700,123692,14
123701,123692,13
123702,123694,14
123703,123695,11
123704,123696,15
123705,123697,15
123706,123697,14
123707,123698,15
123708,123698,13
123709,123701,12
123710,123704,11
123711,123705,14
123712,123706,12
123713,123707,11
123714,123707,12
123715,123708,11
123716,123710,14
123717,123710,12
123718,123711,12
123719,123711,14
123720,123713,15
123721,123714,12
123722,123714,11
123723,123716,11
123724,123716,11
123725,123717,13
123726,123718,12
123727,123718,15
123728,123721,11
123729,123722,11
123730,123723,13
123731,123723,14
123732,123725,14
123733,123725,15
123734,123726,11
123735,123727,12
123736,123727,12
123737,123728,14
123738,123729,11
123739,123730,14
123740,123730,14
123741,123731,13
123742,123732,13
123743,123732,11
123744,123733,15
123745,123736,15
123746,123737,13
123747,123739,11
123748,123742,14
123749,123742,14
123750,123743,12
123751,123743,13
123752,123746,15
123753,123747,15
123754,123747,14
123755,123749,11
123756,123749,14
123757,123751,11
123758,123751,11
123759,123752,11
123760,123752,12
123761,123753,13
123762,123754,11
123763,123754,11
123764,123755,12
123765,123757,11
123766,123757,11
123767,123758,11
123768,123758,12
123769,123759,12
123770,123763,12
123771,123765,15
123772,123766,14
123773,123769,12
123774,123769,15
123775,123770,12
123776,123771,15
123777,123772,12
123778,123776,13
123779,123778,15
123780,123780,14
123781,123780,13
123782,123781,13
123783,123781,11
123784,123782,12
123785,123782,13
123786,123783,15
123787,123783,15
123788,123784,12
123789,123786,13
123790,123786,11
123791,123787,14
123792,123788,14
123793,123788,14
123794,123789,14
123795,123790,14
123796,123790,13
123797,123791,12
123798,123792,13
123799,123792,12
123800,123793,14
123801,123793,13
123802,123794,12
123803,123797,12
123804,123798,13
123805,123799,12
123806,123799,11
123807,123800,11
123808,123803,12
123809,123803,14
123810,123804,13
123811,123805,13
123812,123806,14
123813,123806,12
123814,123807,14
123815,123808,11
123816,123808,15
123817,123809,13
123818,123810,13
123819,123810,14
123820,123813,13
123821,123813,14
123822,123816,11
123823,123816,14
123824,123817,15
123825,123819,12
123826,123821,12
123827,123821,15
123828,123822,13
123829,123822,14
123830,123827,13
123831,123828,14
123832,123828,11
123833,123829,15
123834,123829,13
123835,123830,13
123836,123832,11
123837,123832,11
123838,123833,14
123839,123834,15
123840,123834,13
123841,123837,15
123842,123839,13
123843,123840,15
123844,123842,15
123845,123844,15
123846,123844,14
123847,123845,13
123848,123845,12
123849,123846,11
123850,123846,13
123851,123847,11
123852,123848,13
123853,123849,12
123854,123849,14
123855,123850,12
123856,123850,11
123857,123851,12
123858,123851,13
123859,123852,13
123860,123852,13
123861,123853,12
123862,123853,15
123863,123854,14
123864,123854,11
123865,123855,12
123866,123855,11
123867,123856,15
123868,123857,14
123869,123858,15
123870,123858,12
123871,123859,15
123872,123860,14
123873,123861,15
123874,123862,14
123875,123862,14
123876,123863,13
123877,123864,15
123878,123864,15
123879,123866,12
123880,123866,14
123881,123867,15
123882,123868,14
123883,123869,14
123884,123870,15
123885,123871,11
123886,123873,11
123887,123874,12
123888,123874,11
123889,123875,12
123890,123876,13
123891,123876,15
123892,123877,15
123893,123878,14
123894,123879,14
123895,123879,12
123896,123880,11
123897,123881,14
123898,123881,11
123899,123887,14
123900,123888,12
123901,123889,11
123902,123891,13
123903,123891,14
123904,123892,15
123905,123892,14
123906,123894,12
123907,123895,15
123908,123896,13
123909,123896,12
123910,123898,14
123911,123901,12
123912,123902,11
123913,123903,11
123914,123904,11
123915,123904,15
123916,123906,13
123917,123906,15
123918,123908,13
123919,123909,14
123920,123910,11
123921,123911,15
123922,123911,15
123923,123912,13
123924,123912,11
123925,123914,11
123926,123914,13
123927,123916,14
123928,123917,11
123929,123917,12
123930,123918,14
123931,123919,15
123932,123920,14
123933,123920,14
123934,123921,12
123935,123921,13
123936,123922,11
123937,123922,15
123938,123923,15
123939,123925,12
123940,123925,15
123941,123926,15
123942,123926,15
123943,123927,12
123944,123928,11
123945,123928,14
123946,123929,14
123947,123929,11
123948,123930,11
123949,123931,12
123950,123931,11
123951,123932,13
123952,123932,14
123953,123934,13
123954,123934,12
123955,123936,13
123956,123937,11
123957,123937,12
123958,123939,13
123959,123940,14
123960,123940,14
123961,123941,15
123962,123943,15
123963,123944,11
123964,123945,13
123965,123948,13
123966,123950,12
123967,123950,15
123968,123951,14
123969,123951,15
123970,123954,12
123971,123954,15
123972,123955,13
123973,123956,13
123974,123956,14
123975,123957,12
123976,123959,13
123977,123959,12
123978,123960,14
123979,123960,11
123980,123961,11
123981,123961,15
123982,123962,15
123983,123964,15
123984,123965,12
123985,123966,14
123986,123967,12
123987,123968,14
123988,123968,11
123989,123972,15
123990,123973,12
123991,123973,13
123992,123974,13
123993,123974,14
123994,123976,14
123995,123977,13
123996,123978,14
123997,123979,15
123998,123979,13
123999,123981,12
124000,123983,12
124001,123983,15
124002,123984,13
124003,123984,13
124004,123988,12
124005,123988,13
124006,123989,14
124007,123990,13
124008,123990,15
124009,123991,12
124010,123992,15
124011,123993,12
124012,123994,14
124013,123994,14
124014,123997,13
124015,123997,12
124016,123998,12
124017,123999,12
124018,124000,12
124019,124002,15
124020,124004,15
124021,124007,12
124022,124008,13
124023,124010,12
124024,124012,11
124025,124012,11
124026,124013,11
124027,124014,12
124028,124015,12
124029,124015,13
124030,124017,14
124031,124019,13
124032,124019,15
124033,124022,11
124034,124022,13
124035,124023,15
124036,124023,14
124037,124024,15
124038,124026,14
124039,124028,12
124040,124029,14
124041,124029,11
124042,124030,12
124043,124031,11
124044,124031,13
124045,124033,15
124046,124034,11
124047,124034,12
124048,124036,12
124049,124036,12
124050,124038,14
124051,124039,12
124052,124041,15
124053,124043,12
124054,124045,14
124055,124045,12
124056,124046,13
124057,124046,13
124058,124047,12
124059,124048,14
124060,124048,15
124061,124052,14
124062,124053,14
124063,124056,14
124064,124058,11
124065,124059,11
124066,124060,12
124067,124060,13
124068,124061,15
124069,124061,13
124070,124062,13
124071,124063,15
124072,124063,11
124073,124065,15
124074,124065,12
124075,124066,15
124076,124066,11
124077,124067,13
124078,124067,15
124079,124068,12
124080,124069,13
124081,124070,12
124082,124070,14
124083,124073,12
124084,124075,11
124085,124079,11
124086,124080,15
124087,124080,13
124088,124081,11
124089,124086,15
124090,124086,11
124091,124088,12
124092,124089,15
124093,124089,12
124094,124092,11
124095,124092,11
124096,124093,14
124097,124094,11
124098,124095,12
124099,124095,11
124100,124096,14
124101,124097,11
124102,124098,14
124103,124099,14
124104,124099,12
124105,124100,14
124106,124100,15
124107,124102,11
124108,124102,14
124109,124106,14
124110,124108,12
124111,124109,15
124112,124110,15
124113,124110,15
124114,124113,11
124115,124113,12
124116,124114,12
124117,124114,11
124118,124115,14
124119,124117,14
124120,124117,13
124121,124119,15
124122,124120,11
124123,124120,13
124124,124124,15
124125,124125,12
124126,124125,11
124127,124126,14
124128,124126,11
124129,124127,15
124130,124129,14
124131,124131,13
124132,124132,14
124133,124134,14
124134,124134,11
124135,124135,14
124136,124136,14
124137,124136,14
124138,124138,14
124139,124139,13
124140,124140,12
124141,124140,15
124142,124141,11
124143,124141,15
124144,124142,15
124145,124145,12
124146,124145,11
124147,124146,13
124148,124147,15
124149,124147,14
124150,124148,15
124151,124149,12
124152,124151,11
124153,124152,15
124154,124152,15
124155,124154,15
124156,124154,14
124157,124156,11
124158,124158,12
124159,124159,13
124160,124159,11
124161,124162,15
124162,124162,15
124163,124163,13
124164,124165,15
124165,124167,13
124166,124168,13
124167,124169,14
124168,124169,12
124169,124170,15
124170,124171,13
124171,124172,12
124172,124173,14
124173,124173,15
124174,124175,12
124175,124175,14
124176,124177,11
124177,124177,15
124178,124178,13
124179,124181,12
124180,124181,15
124181,124182,13
124182,124184,12
124183,124185,13
124184,124186,11
124185,124186,15
124186,124188,12
124187,124188,11
124188,124190,12
124189,124190,12
124190,124192,11
124191,124192,14
124192,124193,13
124193,124194,13
124194,124194,11
124195,124195,11
124196,124196,11
124197,124196,15
124198,124200,12
124199,124200,15
124200,124204,14
124201,124204,12
124202,124205,11
124203,124206,14
124204,124207,11
124205,124209,15
124206,124210,15
124207,124210,12
124208,124211,13
124209,124211,14
124210,124212,13
124211,124212,12
124212,124213,13
124213,124214,15
124214,124215,14
124215,124216,11
124216,124216,13
124217,124217,13
124218,124217,15
124219,124218,14
124220,124220,13
124221,124220,13
124222,124222,14
124223,124222,14
124224,124224,11
124225,124224,14
124226,124225,14
124227,124225,12
124228,124226,15
124229,124227,11
124230,124227,14
124231,124228,14
124232,124229,15
124233,124230,13
124234,124230,11
124235,124232,13
124236,124232,15
124237,124233,14
124238,124234,15
124239,124236,12
124240,124236,12
124241,124238,11
124242,124238,11
124243,124239,15
124244,124239,14
124245,124241,13
124246,124242,11
124247,124242,12
124248,124243,12
124249,124243,15
124250,124246,12
124251,124247,13
124252,124247,13
124253,124248,15
124254,124248,13
124255,124251,12
124256,124251,13
124257,124252,14
124258,124252,11
124259,124254,12
124260,124254,13
124261,124255,14
124262,124256,11
124263,124257,12
124264,124260,15
124265,124260,14
124266,124261,12
124267,124263,14
124268,124263,12
124269,124264,11
124270,124264,11
124271,124265,14
124272,124266,15
124273,124266,13
124274,124267,15
124275,124267,15
124276,124268,12
124277,124269,15
124278,124269,11
124279,124270,14
124280,124270,11
124281,124272,11
124282,124272,15
124283,124273,13
124284,124273,12
124285,124274,11
124286,124275,13
124287,124275,11
124288,124277,15
124289,124277,14
124290,124278,14
124291,124278,12
124292,124279,12
124293,124280,15
124294,124281,11
124295,124281,12
124296,124282,15
124297,124283,14
124298,124283,15
124299,124284,15
124300,124284,13
124301,124285,11
124302,124287,12
124303,124288,13
124304,124288,12
124305,124289,12
124306,124290,12
124307,124291,11
124308,124292,12
124309,124294,13
124310,124294,12
124311,124295,15
124312,124295,15
124313,124296,14
124314,124297,11
124315,124297,12
124316,124298,12
124317,124298,13
124318,124299,13
124319,124300,14
124320,124300,15
124321,124302,11
124322,124304,13
124323,124304,11
124324,124305,15
124325,124305,12
124326,124306,14
124327,124306,15
124328,124308,15
124329,124309,11
124330,124309,12
124331,124311,13
124332,124312,13
124333,124313,14
124334,124313,11
124335,124315,14
124336,124315,11
124337,124317,13
124338,124317,14
124339,124319,12
124340,124319,15
124341,124321,15
124342,124322,15
124343,124322,13
124344,124323,14
124345,124324,12
124346,124325,14
124347,124327,14
124348,124327,11
124349,124328,11
124350,124329,13
124351,124329,11
124352,124330,11
124353,124330,15
124354,124332,11
124355,124335,12
124356,124335,13
124357,124337,13
124358,124338,15
124359,124338,11
124360,124339,12
124361,124340,11
124362,124340,14
124363,124341,13
124364,124341,14
124365,124342,11
124366,124342,12
124367,124344,11
124368,124344,11
124369,124345,11
124370,124345,13
124371,124348,14
124372,124348,12
124373,124352,12
124374,124353,13
124375,124353,15
124376,124354,11
124377,124355,14
124378,124355,12
124379,124356,12
124380,124357,13
124381,124357,11
124382,124358,15
124383,124359,15
124384,124360,11
124385,124360,14
124386,124361,15
124387,124362,12
124388,124362,13
124389,124363,14
124390,124363,13
124391,124364,15
124392,124364,13
124393,124365,13
124394,124365,11
124395,124366,14
124396,124367,15
124397,124370,15
124398,124372,14
124399,124372,14
124400,124374,14
124401,124374,12
124402,124376,14
124403,124377,12
124404,124377,11
124405,124378,15
124406,124379,13
124407,124379,13
124408,124380,13
124409,124380,13
124410,124382,14
124411,124383,13
124412,124384,15
124413,124384,13
124414,124385,11
124415,124386,14
124416,124386,11
124417,124387,14
124418,124388,12
124419,124388,15
124420,124389,12
124421,124389,13
124422,124392,15
124423,124393,15
124424,124393,13
124425,124395,11
124426,124396,13
124427,124396,13
124428,124397,12
124429,124398,13
124430,124400,12
124431,124400,13
124432,124401,13
124433,124401,14
124434,124403,11
124435,124404,12
124436,124404,13
124437,124405,15
124438,124406,13
124439,124407,14
124440,124408,14
124441,124408,12
124442,124409,13
124443,124409,14
124444,124411,13
124445,124411,15
124446,124413,14
124447,124415,11
124448,124415,15
124449,124417,12
124450,124418,11
124451,124418,12
124452,124420,12
124453,124422,15
124454,124422,12
124455,124423,14
124456,124423,14
124457,124424,15
124458,124424,12
124459,124425,13
124460,124427,14
124461,124427,11
124462,124428,12
124463,124429,15
124464,124433,11
124465,124433,15
124466,124437,12
124467,124439,15
124468,124439,13
124469,124441,14
124470,124443,15
124471,124443,15
124472,124444,15
124473,124447,12
124474,124449,14
124475,124449,11
124476,124450,11
124477,124450,11
124478,124452,12
124479,124453,14
124480,124454,14
124481,124454,13
124482,124455,11
124483,124455,14
124484,124456,15
124485,124458,12
124486,124459,11
124487,124459,14
124488,124460,13
124489,124460,12
124490,124461,15
124491,124461,15
124492,124462,12
124493,124462,14
124494,124463,14
124495,124463,13
124496,124464,14
124497,124464,11
124498,124466,14
124499,124466,14
124500,124467,11
124501,124468,14
124502,124469,11
124503,124472,12
124504,124472,12
124505,124473,13
124506,124474,11
124507,124474,15
124508,124477,13
124509,124478,11
124510,124478,13
124511,124479,12
124512,124481,12
124513,124482,14
124514,124483,13
124515,124485,12
124516,124485,11
124517,124488,12
124518,124488,12
124519,124489,12
124520,124489,12
124521,124490,11
124522,124490,15
124523,124491,12
124524,124492,13
124525,124493,13
124526,124494,13
124527,124494,15
124528,124496,11
124529,124497,14
124530,124498,13
124531,124499,11
124532,124500,12
124533,124502,15
124534,124502,11
124535,124503,11
124536,124503,13
124537,124504,14
124538,124504,11
124539,124506,13
124540,124508,15
124541,124509,14
124542,124509,12
124543,124511,11
124544,124512,11
124545,124512,11
124546,124513,12
124547,124513,14
124548,124515,15
124549,124519,15
124550,124521,11
124551,124522,15
124552,124522,11
124553,124523,11
124554,124523,15
124555,124524,13
124556,124524,11
124557,124526,13
124558,124526,15
124559,124527,15
124560,124527,14
124561,124529,12
124562,124529,14
124563,124530,13
124564,124531,15
124565,124532,13
124566,124532,11
124567,124533,13
124568,124534,11
124569,124534,13
124570,124535,13
124571,124536,13
124572,124539,12
124573,124539,11
124574,124540,13
124575,124541,13
124576,124541,12
124577,124542,11
124578,124542,11
124579,124544,12
124580,124545,12
124581,124548,13
124582,124548,11
124583,124552,14
124584,124552,13
124585,124553,15
124586,124554,14
124587,124554,14
124588,124555,14
124589,124555,11
124590,124557,11
124591,124559,12
124592,124559,12
124593,124561,11
124594,124561,11
124595,124562,14
124596,124562,13
124597,124563,11
124598,124564,14
124599,124564,15
124600,124566,14
124601,124567,12
124602,124570,12
124603,124572,11
124604,124573,12
124605,124574,13
124606,124575,14
124607,124575,14
124608,124576,13
124609,124577,11
124610,124577,14
124611,124579,11
124612,124582,12
124613,124582,13
124614,124583,15
124615,124583,15
124616,124584,12
124617,124584,15
124618,124585,14
124619,124585,14
124620,124587,13
124621,124588,13
124622,124588,15
124623,124589,13
124624,124589,12
124625,124590,14
124626,124591,11
124627,124591,15
124628,124592,15
124629,124592,15
124630,124593,14
124631,124593,14
124632,124596,13
124633,124597,14
124634,124598,12
124635,124599,13
124636,124601,11
124637,124601,13
124638,124602,11
124639,124603,14
124640,124603,11
124641,124604,15
124642,124606,14
124643,124606,13
124644,124607,11
124645,124607,14
124646,124608,14
124647,124608,14
124648,124610,12
124649,124610,15
124650,124611,12
124651,124614,12
124652,124614,12
124653,124616,15
124654,124617,14
124655,124617,14
124656,124618,15
124657,124619,11
124658,124623,13
124659,124624,14
124660,124624,11
124661,124627,12
124662,124627,14
124663,124630,11
124664,124631,12
124665,124631,12
124666,124632,11
124667,124633,12
124668,124634,12
124669,124635,11
124670,124636,13
124671,124636,12
124672,124637,11
124673,124637,15
124674,124638,11
124675,124639,11
124676,124640,11
124677,124640,11
124678,124641,15
124679,124642,15
124680,124643,12
124681,124643,14
124682,124644,14
124683,124646,14
124684,124646,13
124685,124648,15
124686,124648,15
124687,124649,14
124688,124649,12
124689,124650,15
124690,124650,12
124691,124651,14
124692,124651,15
124693,124652,13
124694,124652,14
124695,124653,14
124696,124653,12
124697,124654,12
124698,124654,11
124699,124658,12
124700,124661,14
124701,124662,13
124702,124664,11
124703,124664,13
124704,124665,15
124705,124665,11
124706,124666,15
124707,124666,12
124708,124668,14
124709,124668,14
124710,124669,15
124711,124670,12
124712,124670,13
124713,124671,14
124714,124671,15
124715,124673,12
124716,124673,12
124717,124675,13
124718,124675,12
124719,124677,13
124720,124679,12
124721,124679,12
124722,124681,13
124723,124682,15
124724,124682,11
124725,124683,12
124726,124683,13
124727,124684,11
124728,124685,14
124729,124685,14
124730,124686,14
124731,124687,13
124732,124688,12
124733,124689,14
124734,124689,15
124735,124690,13
124736,124690,14
124737,124691,12
124738,124692,13
124739,124693,13
124740,124696,15
124741,124698,15
124742,124699,14
124743,124700,14
124744,124701,12
124745,124701,11
124746,124703,12
124747,124703,13
124748,124704,12
124749,124704,13
124750,124705,14
124751,124706,13
124752,124706,13
124753,124707,14
124754,124709,13
124755,124709,12
124756,124710,13
124757,124710,15
124758,124711,11
124759,124711,11
124760,124714,13
124761,124714,15
124762,124717,12
124763,124718,11
124764,124719,12
124765,124719,15
124766,124720,14
124767,124720,13
124768,124721,13
124769,124721,12
124770,124723,12
124771,124725,15
124772,124725,12
124773,124726,13
124774,124727,12
124775,124727,14
124776,124729,11
124777,124730,11
124778,124730,11
124779,124731,11
124780,124731,15
124781,124732,11
124782,124732,12
124783,124736,13
124784,124736,14
124785,124737,11
124786,124739,12
124787,124741,11
124788,124741,13
124789,124742,14
124790,124742,11
124791,124743,14
124792,124743,12
124793,124744,11
124794,124744,13
124795,124745,12
124796,124745,13
124797,124748,15
124798,124749,13
124799,124749,14
124800,124751,11
124801,124758,11
124802,124758,12
124803,124759,15
124804,124760,14
124805,124760,13
124806,124761,12
124807,124762,15
124808,124765,15
124809,124765,15
124810,124766,13
124811,124767,11
124812,124768,14
124813,124768,11
124814,124770,13
124815,124772,13
124816,124773,15
124817,124775,15
124818,124776,11
124819,124778,12
124820,124779,14
124821,124779,13
124822,124780,12
124823,124781,12
124824,124781,11
124825,124782,12
124826,124785,13
124827,124786,13
124828,124787,14
124829,124788,11
124830,124788,15
124831,124789,13
124832,124789,15
124833,124790,14
124834,124790,15
124835,124791,12
124836,124792,11
124837,124794,11
124838,124795,13
124839,124795,13
124840,124796,15
124841,124797,11
124842,124797,11
124843,124798,11
124844,124799,14
124845,124799,12
124846,124801,13
124847,124801,13
124848,124803,15
124849,124803,11
124850,124804,12
124851,124805,12
124852,124806,12
124853,124806,15
124854,124807,13
124855,124807,11
124856,124810,13
124857,124811,11
124858,124812,12
124859,124812,12
124860,124813,15
124861,124813,12
124862,124816,13
124863,124821,14
124864,124821,12
124865,124822,12
124866,124824,11
124867,124824,12
124868,124825,15
124869,124826,13
124870,124826,14
124871,124827,12
124872,124827,15
124873,124829,11
124874,124829,14
124875,124830,11
124876,124830,14
124877,124831,14
124878,124832,15
124879,124833,14
124880,124833,14
124881,124834,11
124882,124835,11
124883,124835,11
124884,124836,12
124885,124838,12
124886,124838,13
124887,124840,11
124888,124840,14
124889,124841,11
124890,124842,11
124891,124842,15
124892,124843,14
124893,124844,15
124894,124844,13
124895,124845,12
124896,124845,11
124897,124847,14
124898,124848,13
124899,124848,11
124900,124849,13
124901,124851,14
124902,124851,14
124903,124852,11
124904,124853,15
124905,124856,14
124906,124857,15
124907,124857,14
124908,124858,11
124909,124858,11
124910,124860,12
124911,124861,13
124912,124861,12
124913,124862,15
124914,124863,13
124915,124864,11
124916,124864,12
124917,124865,13
124918,124866,12
124919,124866,13
124920,124868,11
124921,124869,13
124922,124869,12
124923,124871,15
124924,124872,13
124925,124875,14
124926,124876,12
124927,124878,13
124928,124880,15
124929,124880,13
124930,124881,12
124931,124882,15
124932,124882,14
124933,124884,12
124934,124885,15
124935,124885,11
124936,124887,11
124937,124887,14
124938,124890,11
124939,124891,14
124940,124891,13
124941,124894,15
124942,124894,15
124943,124895,11
124944,124895,11
124945,124898,14
124946,124899,13
124947,124899,14
124948,124902,13
124949,124902,11
124950,124903,13
124951,124903,13
124952,124904,15
124953,124904,11
124954,124905,11
124955,124905,12
124956,124906,14
124957,124907,14
124958,124908,15
124959,124910,13
124960,124911,13
124961,124911,12
124962,124912,14
124963,124912,11
124964,124913,13
124965,124915,12
124966,124917,13
124967,124918,11
124968,124919,14
124969,124919,11
124970,124923,13
124971,124924,14
124972,124924,13
124973,124926,13
124974,124926,13
124975,124931,15
124976,124932,11
124977,124932,12
124978,124933,13
124979,124935,15
124980,124935,12
124981,124937,15
124982,124938,14
124983,124938,13
124984,124941,15
124985,124942,15
124986,124943,13
124987,124944,15
124988,124945,11
124989,124945,15
124990,124946,12
124991,124946,14
124992,124948,13
124993,124948,13
124994,124949,14
124995,124950,15
124996,124951,12
124997,124952,12
124998,124952,15
124999,124953,12
125000,124955,13
125001,124959,13
125002,124959,12
125003,124962,11
125004,124962,13
125005,124963,15
125006,124964,13
125007,124964,12
125008,124965,13
125009,124966,11
125010,124967,14
125011,124971,13
125012,124972,11
125013,124973,13
125014,124974,14
125015,124978,13
125016,124978,12
125017,124979,15
125018,124980,13
125019,124980,11
125020,124981,12
125021,124981,13
125022,124982,12
125023,124982,13
125024,124983,14
125025,124983,15
125026,124985,14
125027,124986,13
125028,124986,11
125029,124987,14
125030,124987,15
125031,124988,11
125032,124988,11
125033,124989,11
125034,124990,15
125035,124991,11
125036,124992,15
125037,124995,14
125038,124997,12
125039,124997,13
125040,124998,14
125041,124998,14
125042,124999,11
125043,124999,11
125044,125000,11
125045,125000,12
125046,125001,12
125047,125004,15
125048,125004,11
125049,125007,14
125050,125007,14
125051,125009,11
125052,125009,15
125053,125010,13
125054,125010,12
125055,125011,14
125056,125012,13
125057,125012,12
125058,125013,11
125059,125014,11
125060,125014,13
125061,125015,14
125062,125015,15
125063,125016,12
125064,125017,12
125065,125018,11
125066,125018,14
125067,125020,12
125068,125023,14
125069,125024,14
125070,125025,11
125071,125026,12
125072,125026,14
125073,125028,15
125074,125031,15
125075,125031,11
125076,125033,12
125077,125033,15
125078,125034,11
125079,125036,13
125080,125038,12
125081,125039,13
125082,125039,15
125083,125041,11
125084,125041,11
125085,125045,14
125086,125047,14
125087,125047,15
125088,125048,13
125089,125048,14
125090,125049,12
125091,125050,11
125092,125050,12
125093,125052,15
125094,125053,12
125095,125054,15
125096,125056,13
125097,125056,12
125098,125059,12
125099,125059,14
125100,125060,12
125101,125062,11
125102,125062,13
125103,125063,12
125104,125063,12
125105,125066,12
125106,125066,11
125107,125067,11
125108,125070,15
125109,125070,13
125110,125072,13
125111,125072,14
125112,125073,11
125113,125074,13
125114,125074,12
125115,125076,13
125116,125079,13
125117,125081,15
125118,125083,12
125119,125085,14
125120,125086,11
125121,125086,12
125122,125088,11
125123,125089,15
125124,125089,12
125125,125090,13
125126,125091,14
125127,125091,13
125128,125092,14
125129,125092,13
125130,125093,11
125131,125095,13
125132,125096,15
125133,125096,14
125134,125097,11
125135,125099,11
125136,125099,11
125137,125101,11
125138,125101,14
125139,125103,11
125140,125103,11
125141,125104,15
125142,125104,14
125143,125106,15
125144,125108,14
125145,125108,13
125146,125110,12
125147,125112,15
125148,125113,12
125149,125113,12
125150,125114,14
125151,125115,14
125152,125115,12
125153,125121,15
125154,125122,11
125155,125123,14
125156,125124,12
125157,125124,15
125158,125125,13
125159,125125,13
125160,125127,15
125161,125127,14
125162,125128,12
125163,125128,12
125164,125130,11
125165,125130,13
125166,125131,12
125167,125132,15
125168,125133,15
125169,125133,11
125170,125134,14
125171,125135,11
125172,125136,14
125173,125136,13
125174,125139,13
125175,125139,15
125176,125140,14
125177,125140,13
125178,125141,14
125179,125141,11
125180,125142,15
125181,125143,15
125182,125143,11
125183,125144,14
125184,125144,13
125185,125145,14
125186,125145,14
125187,125146,13
125188,125146,12
125189,125148,13
125190,125149,15
125191,125149,14
125192,125150,13
125193,125150,11
125194,125151,14
125195,125153,14
125196,125155,15
125197,125155,11
125198,125161,13
125199,125161,13
125200,125162,13
125201,125164,13
125202,125164,15
125203,125165,11
125204,125165,11
125205,125166,12
125206,125167,13
125207,125167,12
125208,125168,13
125209,125168,15
125210,125169,15
125211,125170,14
125212,125171,15
125213,125172,13
125214,125172,12
125215,125173,12
125216,125173,11
125217,125174,13
125218,125175,13
125219,125175,12
125220,125176,11
125221,125176,12
125222,125177,14
125223,125178,13
125224,125178,12
125225,125179,12
125226,125179,12
125227,125180,14
125228,125181,14
125229,125181,14
125230,125183,15
125231,125183,11
125232,125186,15
125233,125189,13
125234,125189,13
125235,125190,12
125236,125191,14
125237,125192,13
125238,125193,13
125239,125193,13
125240,125194,15
125241,125194,13
125242,125197,14
125243,125197,11
125244,125200,14
125245,125201,13
125246,125201,13
125247,125202,15
125248,125202,14
125249,125204,15
125250,125205,12
125251,125205,11
125252,125206,14
125253,125208,14
125254,125209,11
125255,125209,11
125256,125210,13
125257,125210,15
125258,125211,12
125259,125211,12
125260,125212,14
125261,125212,11
125262,125213,13
125263,125213,15
125264,125214,14
125265,125218,13
125266,125220,14
125267,125220,11
125268,125221,13
125269,125222,12
125270,125222,12
125271,125224,13
125272,125224,12
125273,125225,12
125274,125226,15
125275,125227,13
125276,125227,15
125277,125228,15
125278,125228,13
125279,125229,12
125280,125230,13
125281,125230,13
125282,125231,13
125283,125231,14
125284,125234,12
125285,125235,14
125286,125236,12
125287,125236,14
125288,125237,11
125289,125237,12
125290,125238,15
125291,125238,13
125292,125239,12
125293,125240,14
125294,125240,11
125295,125241,12
125296,125241,13
125297,125242,13
125298,125243,14
125299,125244,14
125300,125244,11
125301,125245,14
125302,125246,14
125303,125247,15
125304,125247,15
125305,125249,13
125306,125249,11
125307,125252,14
125308,125252,11
125309,125253,13
125310,125254,15
125311,125256,14
125312,125257,13
125313,125259,12
125314,125259,13
125315,125260,12
125316,125260,15
125317,125261,12
125318,125261,13
125319,125262,13
125320,125262,15
125321,125265,11
125322,125265,13
125323,125268,12
125324,125268,15
125325,125270,14
125326,125271,15
125327,125271,11
125328,125273,15
125329,125273,14
125330,125274,12
125331,125275,15
125332,125275,11
125333,125276,15
125334,125277,15
125335,125278,13
125336,125278,13
125337,125279,11
125338,125280,15
125339,125280,11
125340,125281,13
125341,125282,12
125342,125285,11
125343,125288,11
125344,125289,15
125345,125289,15
125346,125290,15
125347,125290,12
125348,125291,12
125349,125292,13
125350,125294,15
125351,125295,11
125352,125295,12
125353,125297,11
125354,125297,12
125355,125298,13
125356,125298,13
125357,125299,15
125358,125302,11
125359,125302,12
125360,125306,13
125361,125306,14
125362,125307,15
125363,125308,13
125364,125309,14
125365,125313,12
125366,125315,12
125367,125316,14
125368,125316,15
125369,125317,13
125370,125317,15
125371,125320,14
125372,125321,11
125373,125321,15
125374,125323,15
125375,125326,11
125376,125326,15
125377,125327,14
125378,125328,15
125379,125330,12
125380,125330,12
125381,125331,13
125382,125332,13
125383,125334,14
125384,125334,12
125385,125336,13
125386,125336,12
125387,125337,14
125388,125337,13
125389,125339,14
125390,125340,15
125391,125340,13
125392,125341,13
125393,125341,14
125394,125345,13
125395,125349,12
125396,125350,14
125397,125351,11
125398,125352,11
125399,125352,12
125400,125353,11
125401,125353,11
125402,125354,14
125403,125354,12
125404,125357,15
125405,125359,15
125406,125360,13
125407,125360,12
125408,125361,15
125409,125362,13
125410,125363,14
125411,125364,15
125412,125364,13
125413,125366,14
125414,125367,14
125415,125367,14
125416,125369,11
125417,125370,13
125418,125370,15
125419,125371,13
125420,125371,13
125421,125372,12
125422,125372,12
125423,125373,13
125424,125373,12
125425,125374,11
125426,125376,12
125427,125376,15
125428,125379,12
125429,125379,11
125430,125380,11
125431,125381,14
125432,125381,11
125433,125382,15
125434,125383,15
125435,125383,13
125436,125384,11
125437,125384,11
125438,125385,14
125439,125385,12
125440,125387,13
125441,125388,11
125442,125390,14
125443,125390,13
125444,125391,13
125445,125393,14
125446,125394,12
125447,125394,15
125448,125395,12
125449,125395,15
125450,125396,13
125451,125397,15
125452,125398,12
125453,125400,14
125454,125402,11
125455,125404,13
125456,125404,12
125457,125405,14
125458,125406,14
125459,125408,13
125460,125408,15
125461,125409,15
125462,125409,14
125463,125410,13
125464,125410,11
125465,125412,11
125466,125412,12
125467,125413,11
125468,125414,15
125469,125417,14
125470,125419,11
125471,125419,12
125472,125420,11
125473,125420,11
125474,125421,12
125475,125423,14
125476,125423,11
125477,125424,11
125478,125426,15
125479,125426,15
125480,125427,15
125481,125427,11
125482,125428,14
125483,125428,13
125484,125430,14
125485,125431,14
125486,125431,13
125487,125432,14
125488,125432,14
125489,125433,15
125490,125433,13
125491,125434,12
125492,125435,14
125493,125436,14
125494,125436,15
125495,125437,13
125496,125440,12
125497,125441,15
125498,125442,13
125499,125443,13
125500,125444,15
125501,125444,15
125502,125447,13
125503,125447,14
125504,125448,11
125505,125448,12
125506,125451,12
125507,125453,11
125508,125453,15
125509,125454,14
125510,125454,14
125511,125455,11
125512,125457,11
125513,125457,14
125514,125459,14
125515,125459,14
125516,125460,14
125517,125461,14
125518,125461,12
125519,125462,15
125520,125462,11
125521,125463,11
125522,125463,15
125523,125465,12
125524,125466,13
125525,125467,15
125526,125469,12
125527,125469,13
125528,125470,15
125529,125470,11
125530,125471,12
125531,125473,11
125532,125475,13
125533,125475,15
125534,125476,15
125535,125476,15
125536,125478,12
125537,125478,11
125538,125479,15
125539,125479,14
125540,125481,15
125541,125481,13
125542,125483,12
125543,125484,13
125544,125486,12
125545,125486,12
125546,125487,14
125547,125487,14
125548,125488,14
125549,125491,11
125550,125493,12
125551,125493,12
125552,125494,12
125553,125494,15
125554,125495,14
125555,125497,11
125556,125497,13
125557,125498,12
125558,125499,13
125559,125500,11
125560,125501,12
125561,125502,13
125562,125502,13
125563,125503,14
125564,125503,14
125565,125505,13
125566,125507,11
125567,125507,12
125568,125508,11
125569,125510,15
125570,125512,14
125571,125512,11
125572,125513,12
125573,125514,11
125574,125516,11
125575,125516,14
125576,125517,15
125577,125517,15
125578,125518,15
125579,125518,13
125580,125520,12
125581,125521,12
125582,125521,11
125583,125522,15
125584,125522,12
125585,125524,15
125586,125524,13
125587,125525,14
125588,125526,11
125589,125526,14
125590,125527,12
125591,125528,12
125592,125530,12
125593,125530,12
125594,125532,11
125595,125534,13
125596,125534,13
125597,125535,13
125598,125536,14
125599,125536,14
125600,125537,14
125601,125537,14
125602,125538,11
125603,125542,15
125604,125546,11
125605,125546,11
125606,125547,14
125607,125547,11
125608,125548,15
125609,125550,15
125610,125550,13
125611,125552,15
125612,125552,13
125613,125553,15
125614,125553,11
125615,125554,11
125616,125555,12
125617,125555,12
125618,125556,11
125619,125556,11
125620,125557,12
125621,125557,12
125622,125558,13
125623,125558,12
125624,125559,14
125625,125560,12
125626,125561,13
125627,125563,11
125628,125564,12
125629,125566,13
125630,125567,11
125631,125570,14
125632,125571,15
125633,125572,14
125634,125573,12
125635,125574,14
125636,125574,13
125637,125575,14
125638,125575,13
125639,125576,11
125640,125577,14
125641,125579,11
125642,125579,12
125643,125581,15
125644,125582,14
125645,125585,14
125646,125588,12
125647,125589,14
125648,125590,15
125649,125591,15
125650,125593,15
125651,125594,14
125652,125595,15
125653,125595,11
125654,125598,13
125655,125599,14
125656,125600,12
125657,125602,13
125658,125602,14
125659,125606,15
125660,125609,13
125661,125609,12
125662,125611,14
125663,125611,15
125664,125612,15
125665,125612,11
125666,125613,13
125667,125613,11
125668,125615,12
125669,125615,14
125670,125616,11
125671,125617,14
125672,125617,12
125673,125618,12
125674,125618,11
125675,125619,11
125676,125619,15
125677,125620,14
125678,125620,12
125679,125621,12
125680,125621,13
125681,125622,13
125682,125622,13
125683,125623,15
125684,125623,15
125685,125627,15
125686,125628,12
125687,125628,15
125688,125629,15
125689,125630,13
125690,125630,12
125691,125631,11
125692,125632,11
125693,125633,15
125694,125633,13
125695,125635,13
125696,125638,12
125697,125638,12
125698,125640,13
125699,125640,13
125700,125641,12
125701,125641,12
125702,125643,13
125703,125643,13
125704,125644,12
125705,125644,14
125706,125648,12
125707,125650,11
125708,125651,14
125709,125651,12
125710,125652,13
125711,125653,13
125712,125653,15
125713,125654,13
125714,125654,13
125715,125657,15
125716,125657,12
125717,125658,14
125718,125658,14
125719,125659,15
125720,125659,11
125721,125664,13
125722,125664,13
125723,125665,13
125724,125665,12
125725,125666,11
125726,125667,13
125727,125670,11
125728,125670,15
125729,125671,12
125730,125672,13
125731,125672,14
125732,125674,14
125733,125677,12
125734,125679,12
125735,125680,12
125736,125680,11
125737,125682,12
125738,125682,11
125739,125683,11
125740,125684,12
125741,125684,15
125742,125685,12
125743,125685,12
125744,125686,14
125745,125686,12
125746,125688,13
125747,125689,14
125748,125690,14
125749,125690,11
125750,125691,11
125751,125691,15
125752,125692,12
125753,125694,15
125754,125694,13
125755,125696,12
125756,125696,13
125757,125699,13
125758,125700,14
125759,125700,15
125760,125702,13
125761,125702,11
125762,125703,12
125763,125704,11
125764,125704,15
125765,125705,11
125766,125705,11
125767,125706,15
125768,125706,12
125769,125707,15
125770,125708,12
125771,125709,15
125772,125709,13
125773,125710,13
125774,125710,11
125775,125711,11
125776,125711,14
125777,125712,12
125778,125712,14
125779,125713,14
125780,125713,11
125781,125714,13
125782,125716,14
125783,125717,11
125784,125718,15
125785,125720,12
125786,125721,13
125787,125721,13
125788,125723,12
125789,125723,14
125790,125724,12
125791,125725,13
125792,125727,11
125793,125727,13
125794,125728,14
125795,125728,12
125796,125729,14
125797,125729,13
125798,125731,13
125799,125732,11
125800,125732,15
125801,125734,14
125802,125734,12
125803,125735,14
125804,125735,11
125805,125736,11
125806,125737,12
125807,125740,15
125808,125740,14
125809,125741,15
125810,125741,14
125811,125744,12
125812,125746,15
125813,125746,13
125814,125747,14
125815,125747,14
125816,125748,11
125817,125748,15
125818,125749,12
125819,125750,15
125820,125750,13
125821,125751,11
125822,125752,12
125823,125755,13
125824,125756,14
125825,125756,11
125826,125757,15
125827,125759,14
125828,125759,11
125829,125760,11
125830,125761,11
125831,125764,13
125832,125765,15
125833,125765,15
125834,125766,14
125835,125766,13
125836,125769,13
125837,125769,14
125838,125772,14
125839,125772,11
125840,125773,11
125841,125773,14
125842,125774,13
125843,125775,15
125844,125775,11
125845,125776,14
125846,125777,14
125847,125780,14
125848,125782,12
125849,125782,12
125850,125783,15
125851,125783,11
125852,125784,13
125853,125785,12
125854,125785,14
125855,125794,11
125856,125797,15
125857,125797,14
125858,125799,14
125859,125802,15
125860,125803,11
125861,125803,11
125862,125804,13
125863,125804,14
125864,125805,14
125865,125805,15
125866,125806,11
125867,125807,13
125868,125809,14
125869,125815,13
125870,125815,15
125871,125816,15
125872,125817,11
125873,125819,12
125874,125820,13
125875,125820,13
125876,125821,13
125877,125821,15
125878,125822,14
125879,125823,14
125880,125824,14
125881,125824,15
125882,125826,11
125883,125827,14
125884,125828,12
125885,125829,11
125886,125830,13
125887,125830,12
125888,125832,13
125889,125833,13
125890,125834,13
125891,125835,11
125892,125837,14
125893,125837,12
125894,125838,12
125895,125840,11
125896,125841,12
125897,125841,11
125898,125842,15
125899,125842,13
125900,125844,13
125901,125846,15
125902,125848,15
125903,125848,15
125904,125849,15
125905,125850,12
125906,125850,11
125907,125851,14
125908,125852,13
125909,125852,11
125910,125857,15
125911,125857,13
125912,125858,11
125913,125859,13
125914,125860,11
125915,125860,11
125916,125861,11
125917,125863,11
125918,125863,15
125919,125864,14
125920,125864,12
125921,125867,12
125922,125867,13
125923,125868,14
125924,125869,14
125925,125869,15
125926,125871,11
125927,125873,12
125928,125874,14
125929,125874,14
125930,125878,14
125931,125878,13
125932,125880,11
125933,125880,11
125934,125883,14
125935,125884,15
125936,125884,13
125937,125885,13
125938,125885,14
125939,125888,13
125940,125890,13
125941,125892,11
125942,125892,14
125943,125893,14
125944,125893,13
125945,125895,14
125946,125895,15
125947,125896,14
125948,125897,13
125949,125898,11
125950,125898,13
125951,125899,13
125952,125900,15
125953,125900,14
125954,125901,15
125955,125901,12
125956,125902,14
125957,125902,15
125958,125904,13
125959,125905,12
125960,125905,13
125961,125908,15
125962,125909,13
125963,125909,15
125964,125910,13
125965,125910,14
125966,125911,14
125967,125911,12
125968,125912,14
125969,125913,12
125970,125913,13
125971,125917,14
125972,125920,12
125973,125920,12
125974,125921,12
125975,125922,12
125976,125923,15
125977,125929,14
125978,125929,14
125979,125931,14
125980,125931,11
125981,125933,12
125982,125934,11
125983,125934,12
125984,125936,14
125985,125939,11
125986,125939,15
125987,125940,13
125988,125940,13
125989,125941,15
125990,125944,12
125991,125946,13
125992,125946,15
125993,125947,14
125994,125947,15
125995,125948,14
125996,125949,14
125997,125953,12
125998,125954,13
125999,125956,15
126000,125956,11
126001,125959,13
126002,125959,14
126003,125963,12
126004,125963,15
126005,125964,15
126006,125966,12
126007,125967,12
126008,125967,14
126009,125968,12
126010,125969,15
126011,125969,12
126012,125970,12
126013,125970,12
126014,125974,12
126015,125977,13
126016,125977,12
126017,125978,12
126018,125978,11
126019,125979,13
126020,125979,14
126021,125980,12
126022,125980,12
126023,125982,13
126024,125983,14
126025,125984,11
126026,125984,12
126027,125985,11
126028,125986,15
126029,125987,15
126030,125987,13
126031,125988,11
126032,125989,11
126033,125991,12
126034,125991,14
126035,125992,11
126036,125995,12
126037,125995,13
126038,125996,14
126039,125996,13
126040,125997,15
126041,125997,14
126042,126000,11
126043,126000,15
126044,126001,13
126045,126001,11
126046,126002,15
126047,126002,13
126048,126003,12
126049,126004,12
126050,126005,13
126051,126006,13
126052,126006,15
126053,126012,13
126054,126013,11
126055,126014,15
126056,126015,15
126057,126015,12
126058,126016,11
126059,126018,11
126060,126019,13
126061,126020,11
126062,126020,14
126063,126022,15
126064,126023,11
126065,126026,14
126066,126027,11
126067,126027,12
126068,126028,14
126069,126028,15
126070,126029,14
126071,126030,14
126072,126031,13
126073,126031,13
126074,126032,15
126075,126033,11
126076,126036,14
126077,126036,14
126078,126038,11
126079,126039,13
126080,126040,11
126081,126040,12
126082,126041,11
126083,126041,14
126084,126044,12
126085,126044,14
126086,126046,15
126087,126048,14
126088,126049,14
126089,126049,14
126090,126050,13
126091,126051,13
126092,126051,11
126093,126052,15
126094,126052,13
126095,126053,13
126096,126053,14
126097,126054,13
126098,126055,13
126099,126055,13
126100,126058,14
126101,126059,12
126102,126061,12
126103,126061,11
126104,126063,12
126105,126064,14
126106,126066,12
126107,126066,13
126108,126067,13
126109,126067,13
126110,126070,14
126111,126071,12
126112,126071,12
126113,126072,12
126114,126072,11
126115,126075,15
126116,126075,13
126117,126076,11
126118,126077,13
126119,126078,12
126120,126078,15
126121,126079,11
126122,126081,14
126123,126081,14
126124,126082,12
126125,126082,14
126126,126083,13
126127,126084,15
126128,126086,11
126129,126087,14
126130,126087,15
126131,126088,12
126132,126090,11
126133,126091,14
126134,126092,15
126135,126092,15
126136,126093,13
126137,126093,11
126138,126095,15
126139,126095,13
126140,126096,11
126141,126099,13
126142,126100,12
126143,126100,15
126144,126102,13
126145,126102,12
126146,126103,15
126147,126104,11
126148,126105,12
126149,126105,13
126150,126107,11
126151,126107,12
126152,126109,13
126153,126109,13
126154,126110,11
126155,126110,14
126156,126112,11
126157,126113,13
126158,126113,12
126159,126114,12
126160,126115,14
126161,126115,11
126162,126116,14
126163,126116,14
126164,126117,14
126165,126118,14
126166,126119,11
126167,126119,14
126168,126120,15
126169,126121,15
126170,126121,15
126171,126122,11
126172,126124,13
126173,126124,13
126174,126125,14
126175,126127,11
126176,126127,14
126177,126129,13
126178,126130,12
126179,126131,13
126180,126133,13
126181,126136,15
126182,126136,14
126183,126140,14
126184,126142,11
126185,126142,15
126186,126143,14
126187,126143,14
126188,126145,11
126189,126147,12
126190,126148,14
126191,126148,14
126192,126151,12
126193,126152,13
126194,126155,11
126195,126156,14
126196,126158,14
126197,126158,11
126198,126159,14
126199,126160,11
126200,126160,13
126201,126161,13
126202,126164,14
126203,126164,15
126204,126165,13
126205,126165,11
126206,126166,13
126207,126168,11
126208,126169,12
126209,126169,14
126210,126172,12
126211,126174,11
126212,126175,15
126213,126175,13
126214,126176,11
126215,126176,14
126216,126177,12
126217,126178,14
126218,126178,14
126219,126179,12
126220,126179,12
126221,126183,13
126222,126184,12
126223,126184,14
126224,126186,12
126225,126186,13
126226,126188,15
126227,126188,13
126228,126190,11
126229,126191,15
126230,126191,14
126231,126192,12
126232,126195,13
126233,126200,13
126234,126200,15
126235,126201,11
126236,126201,11
126237,126203,12
126238,126203,12
126239,126204,11
126240,126205,11
126241,126205,12
126242,126206,14
126243,126208,12
126244,126210,11
126245,126210,15
126246,126214,12
126247,126214,12
126248,126216,15
126249,126216,15
126250,126218,15
126251,126218,15
126252,126220,12
126253,126221,13
126254,126222,13
126255,126223,11
126256,126223,11
126257,126224,14
126258,126224,12
126259,126225,14
126260,126227,12
126261,126230,12
126262,126231,15
126263,126231,13
126264,126232,11
126265,126232,11
126266,126234,15
126267,126234,15
126268,126235,13
126269,126236,11
126270,126236,13
126271,126237,12
126272,126238,14
126273,126238,12
126274,126239,11
126275,126239,13
126276,126240,15
126277,126241,12
126278,126241,15
126279,126243,13
126280,126244,12
126281,126244,11
126282,126247,14
126283,126248,15
126284,126249,15
126285,126250,14
126286,126250,11
126287,126251,13
126288,126251,12
126289,126252,14
126290,126253,12
126291,126257,12
126292,126257,14
126293,126258,14
126294,126259,12
126295,126259,13
126296,126260,13
126297,126260,11
126298,126263,11
126299,126263,15
126300,126264,14
126301,126265,11
126302,126265,15
126303,126267,14
126304,126267,13
126305,126268,13
126306,126269,15
126307,126270,11
126308,126272,13
126309,126272,12
126310,126273,12
126311,126273,11
126312,126274,13
126313,126275,14
126314,126276,13
126315,126276,12
126316,126277,11
126317,126278,14
126318,126281,15
126319,126283,14
126320,126283,11
126321,126284,11
126322,126287,13
126323,126287,11
126324,126290,13
126325,126290,13
126326,126293,12
126327,126293,14
126328,126298,12
126329,126300,13
126330,126301,15
126331,126301,11
126332,126304,12
126333,126304,13
126334,126306,14
126335,126308,13
126336,126308,12
126337,126310,11
126338,126310,13
126339,126311,15
126340,126311,11
126341,126312,11
126342,126313,11
126343,126313,13
126344,126315,15
126345,126315,15
126346,126316,11
126347,126316,15
126348,126319,11
126349,126320,12
126350,126320,15
126351,126321,15
126352,126323,15
126353,126324,12
126354,126324,11
126355,126325,13
126356,126326,13
126357,126330,11
126358,126330,12
126359,126331,12
126360,126332,15
126361,126332,14
126362,126333,12
126363,126334,13
126364,126334,11
126365,126335,14
126366,126336,15
126367,126336,11
126368,126337,14
126369,126337,12
126370,126338,13
126371,126339,15
126372,126339,13
126373,126340,15
126374,126340,12
126375,126342,11
126376,126342,11
126377,126343,13
126378,126343,12
126379,126344,11
126380,126346,15
126381,126347,11
126382,126347,12
126383,126348,12
126384,126348,15
126385,126349,13
126386,126351,12
126387,126352,15
126388,126352,13
126389,126353,13
126390,126354,15
126391,126355,15
126392,126356,12
126393,126357,15
126394,126357,11
126395,126358,14
126396,126359,12
126397,126360,14
126398,126362,15
126399,126363,14
126400,126367,14
126401,126367,11
126402,126368,12
126403,126368,14
126404,126369,14
126405,126370,12
126406,126370,14
126407,126372,15
126408,126372,14
126409,126374,13
126410,126375,14
126411,126375,12
126412,126376,13
126413,126376,15
126414,126377,15
126415,126378,13
126416,126382,13
126417,126382,14
126418,126383,15
126419,126385,14
126420,126386,15
126421,126386,13
126422,126388,14
126423,126389,14
126424,126391,12
126425,126392,13
126426,126393,14
126427,126394,15
126428,126394,14
126429,126395,14
126430,126396,15
126431,126397,14
126432,126397,15
126433,126398,14
126434,126398,14
126435,126401,15
126436,126401,15
126437,126402,12
126438,126402,13
126439,126403,14
126440,126403,12
126441,126404,12
126442,126404,11
126443,126406,11
126444,126407,12
126445,126407,12
126446,126408,14
126447,126410,12
126448,126410,13
126449,126411,13
126450,126411,15
126451,126413,13
126452,126413,11
126453,126415,13
126454,126415,15
126455,126416,13
126456,126416,13
126457,126418,15
126458,126419,14
126459,126419,14
126460,126420,13
126461,126420,15
126462,126424,15
126463,126424,11
126464,126425,11
126465,126426,14
126466,126428,14
126467,126429,14
126468,126429,12
126469,126430,13
126470,126430,12
126471,126432,11
126472,126432,13
126473,126433,12
126474,126433,14
126475,126434,11
126476,126435,12
126477,126435,12
126478,126438,12
126479,126439,12
126480,126440,11
126481,126441,11
126482,126441,14
126483,126442,13
126484,126443,15
126485,126444,12
126486,126444,14
126487,126445,13
126488,126445,15
126489,126446,13
126490,126446,13
126491,126448,15
126492,126448,12
126493,126449,11
126494,126450,13
126495,126450,15
126496,126451,14
126497,126453,15
126498,126454,11
126499,126455,12
126500,126455,13
126501,126457,14
126502,126458,13
126503,126459,12
126504,126460,15
126505,126462,15
126506,126462,11
126507,126464,14
126508,126464,13
126509,126465,12
126510,126465,15
126511,126467,15
126512,126467,13
126513,126468,11
126514,126469,14
126515,126470,13
126516,126470,13
126517,126471,14
126518,126471,15
126519,126472,13
126520,126472,11
126521,126475,12
126522,126475,15
126523,126476,11
126524,126476,12
126525,126477,14
126526,126477,14
126527,126478,14
126528,126478,15
126529,126479,14
126530,126481,13
126531,126481,15
126532,126482,12
126533,126483,12
126534,126484,14
126535,126484,13
126536,126485,13
126537,126485,11
126538,126486,15
126539,126489,13
126540,126492,15
126541,126493,13
126542,126493,11
126543,126494,15
126544,126497,12
126545,126497,15
126546,126498,14
126547,126503,13
126548,126503,14
126549,126504,14
126550,126504,15
126551,126505,14
126552,126508,15
126553,126509,14
126554,126513,14
126555,126516,11
126556,126516,11
126557,126517,11
126558,126518,11
126559,126524,13
126560,126527,14
126561,126528,13
126562,126528,12
126563,126529,15
126564,126529,15
126565,126530,13
126566,126534,12
126567,126535,15
126568,126535,13
126569,126536,11
126570,126536,11
126571,126537,12
126572,126538,13
126573,126538,12
126574,126539,15
126575,126541,12
126576,126543,11
126577,126543,12
126578,126544,13
126579,126545,13
126580,126545,14
126581,126550,14
126582,126551,15
126583,126551,13
126584,126552,15
126585,126552,11
126586,126553,13
126587,126553,13
126588,126554,14
126589,126554,15
126590,126555,11
126591,126555,11
126592,126556,11
126593,126556,15
126594,126557,12
126595,126558,11
126596,126559,13
126597,126562,13
126598,126562,11
126599,126563,11
126600,126564,13
126601,126565,14
126602,126566,11
126603,126566,13
126604,126567,12
126605,126569,11
126606,126571,14
126607,126571,13
126608,126573,12
126609,126573,15
126610,126574,12
126611,126574,13
126612,126575,12
126613,126577,12
126614,126578,15
126615,126579,14
126616,126579,14
126617,126581,15
126618,126582,14
126619,126582,12
126620,126583,13
126621,126584,12
126622,126584,13
126623,126586,12
126624,126587,13
126625,126589,15
126626,126589,14
126627,126590,13
126628,126591,13
126629,126591,14
126630,126592,11
126631,126592,14
126632,126593,11
126633,126593,12
126634,126597,12
126635,126597,12
126636,126598,11
126637,126599,14
126638,126600,12
126639,126602,13
126640,126602,14
126641,126603,12
126642,126604,15
126643,126607,11
126644,126609,13
126645,126609,14
126646,126610,12
126647,126612,12
126648,126614,13
126649,126617,15
126650,126618,13
126651,126618,12
126652,126619,14
126653,126619,13
126654,126620,13
126655,126621,13
126656,126621,15
126657,126623,15
126658,126623,14
126659,126624,12
126660,126624,14
126661,126625,14
126662,126627,13
126663,126628,13
126664,126629,12
126665,126630,15
126666,126630,15
126667,126631,11
126668,126633,13
126669,126633,14
126670,126634,11
126671,126636,12
126672,126636,14
126673,126637,15
126674,126637,12
126675,126638,11
126676,126639,14
126677,126639,15
126678,126642,12
126679,126644,12
126680,126644,11
126681,126645,15
126682,126646,15
126683,126646,15
126684,126647,12
126685,126647,14
126686,126649,15
126687,126651,15
126688,126651,15
126689,126653,14
126690,126654,12
126691,126655,12
126692,126655,13
126693,126657,15
126694,126657,11
126695,126658,12
126696,126660,11
126697,126661,12
126698,126663,12
126699,126664,15
126700,126664,13
126701,126665,11
126702,126665,14
126703,126667,13
126704,126667,11
126705,126668,12
126706,126668,11
126707,126670,13
126708,126671,14
126709,126671,12
126710,126672,14
126711,126672,14
126712,126673,11
126713,126674,15
126714,126674,11
126715,126676,13
126716,126677,14
126717,126678,13
126718,126678,11
126719,126679,11
126720,126680,11
126721,126685,14
126722,126685,15
126723,126686,11
126724,126686,11
126725,126689,14
126726,126689,12
126727,126690,13
126728,126690,14
126729,126692,14
126730,126693,11
126731,126693,13
126732,126695,14
126733,126695,15
126734,126696,14
126735,126696,14
126736,126698,14
126737,126700,14
126738,126700,14
126739,126701,11
126740,126702,15
126741,126704,12
126742,126704,11
126743,126705,15
126744,126705,12
126745,126706,15
126746,126707,14
126747,126707,15
126748,126709,15
126749,126710,13
126750,126710,11
126751,126711,13
126752,126711,14
126753,126712,13
126754,126712,13
126755,126713,13
126756,126714,15
126757,126714,14
126758,126715,13
126759,126715,12
126760,126716,12
126761,126716,12
126762,126718,11
126763,126719,14
126764,126719,12
126765,126721,11
126766,126721,11
126767,126722,15
126768,126722,15
126769,126723,14
126770,126725,12
126771,126728,11
126772,126729,14
126773,126729,11
126774,126731,12
126775,126734,13
126776,126735,15
126777,126737,11
126778,126737,15
126779,126739,13
126780,126739,14
126781,126740,12
126782,126743,14
126783,126745,12
126784,126748,13
126785,126748,13
126786,126750,15
126787,126750,12
126788,126751,12
126789,126751,12
126790,126752,11
126791,126752,13
126792,126753,13
126793,126754,12
126794,126755,15
126795,126756,15
126796,126757,15
126797,126759,11
126798,126760,11
126799,126760,11
126800,126761,14
126801,126762,13
126802,126764,15
126803,126765,12
126804,126765,11
126805,126768,14
126806,126768,15
126807,126769,13
126808,126769,14
126809,126771,11
126810,126772,11
126811,126772,15
126812,126774,15
126813,126775,13
126814,126775,15
126815,126778,15
126816,126778,11
126817,126780,12
126818,126782,13
126819,126782,15
126820,126783,12
126821,126786,13
126822,126787,11
126823,126788,11
126824,126790,13
126825,126790,13
126826,126791,13
126827,126794,15
126828,126796,12
126829,126797,15
126830,126797,11
126831,126798,13
126832,126799,14
126833,126800,11
126834,126800,11
126835,126802,13
126836,126805,14
126837,126806,11
126838,126809,13
126839,126811,14
126840,126811,11
126841,126812,11
126842,126812,15
126843,126814,14
126844,126816,13
126845,126817,15
126846,126817,15
126847,126818,14
126848,126819,13
126849,126819,15
126850,126821,14
126851,126823,13
126852,126823,15
126853,126824,14
126854,126824,13
126855,126825,12
126856,126825,14
126857,126830,15
126858,126830,14
126859,126831,13
126860,126832,12
126861,126834,15
126862,126834,11
126863,126835,14
126864,126835,15
126865,126836,14
126866,126836,11
126867,126838,12
126868,126839,12
126869,126840,15
126870,126842,13
126871,126842,14
126872,126843,11
126873,126845,12
126874,126845,14
126875,126847,12
126876,126847,13
126877,126849,13
126878,126850,13
126879,126852,14
126880,126852,12
126881,126854,12
126882,126855,13
126883,126855,14
126884,126856,13
126885,126856,11
126886,126857,11
126887,126857,11
126888,126860,12
126889,126860,15
126890,126861,11
126891,126862,11
126892,126862,12
126893,126863,14
126894,126863,11
126895,126864,11
126896,126865,11
126897,126866,11
126898,126868,12
126899,126868,12
126900,126869,14
126901,126870,11
126902,126870,14
126903,126871,13
126904,126871,15
126905,126872,15
126906,126873,13
126907,126873,13
126908,126874,14
126909,126874,11
126910,126876,14
126911,126876,14
126912,126878,14
126913,126878,14
126914,126879,15
126915,126880,11
126916,126880,15
126917,126882,13
126918,126882,15
126919,126884,15
126920,126887,14
126921,126888,13
126922,126889,12
126923,126889,15
126924,126891,14
126925,126892,12
126926,126893,15
126927,126893,15
126928,126894,11
126929,126895,11
126930,126895,11
126931,126896,14
126932,126897,13
126933,126897,11
126934,126898,14
126935,126899,11
126936,126899,15
126937,126900,14
126938,126900,11
126939,126901,12
126940,126901,13
126941,126903,12
126942,126904,15
126943,126905,15
126944,126905,14
126945,126908,11
126946,126908,12
126947,126910,13
126948,126911,12
126949,126911,13
126950,126912,14
126951,126915,12
126952,126915,14
126953,126916,13
126954,126918,13
126955,126918,11
126956,126919,12
126957,126919,12
126958,126923,13
126959,126924,11
126960,126926,11
126961,126926,12
126962,126928,12
126963,126930,11
126964,126932,13
126965,126934,11
126966,126936,14
126967,126936,14
126968,126939,13
126969,126939,12
126970,126940,11
126971,126941,13
126972,126942,12
126973,126942,15
126974,126944,11
126975,126944,14
126976,126947,13
126977,126951,15
126978,126951,12
126979,126952,11
126980,126953,13
126981,126954,13
126982,126955,15
126983,126958,13
126984,126958,12
126985,126959,12
126986,126959,11
126987,126961,12
126988,126961,15
126989,126964,11
126990,126964,12
126991,126965,14
126992,126965,12
126993,126966,13
126994,126966,14
126995,126967,15
126996,126968,13
126997,126968,14
126998,126969,11
126999,126971,11
127000,126973,11
127001,126973,15
127002,126974,15
127003,126977,14
127004,126978,15
127005,126978,15
127006,126981,11
127007,126981,11
127008,126983,12
127009,126985,11
127010,126985,13
127011,126986,15
127012,126987,15
127013,126988,12
127014,126989,12
127015,126991,11
127016,126991,12
127017,126992,15
127018,126992,14
127019,126994,11
127020,126997,15
127021,126997,13
127022,126998,15
127023,126999,13
127024,126999,13
127025,127001,11
127026,127001,12
127027,127002,11
127028,127004,11
127029,127006,11
127030,127006,11
127031,127007,15
127032,127007,11
127033,127008,13
127034,127008,11
127035,127009,13
127036,127010,13
127037,127011,12
127038,127011,12
127039,127012,11
127040,127012,13
127041,127013,11
127042,127014,11
127043,127014,14
127044,127016,11
127045,127016,11
127046,127018,14
127047,127018,14
127048,127019,12
127049,127021,13
127050,127022,11
127051,127022,13
127052,127024,13
127053,127025,15
127054,127026,13
127055,127026,15
127056,127027,11
127057,127029,11
127058,127029,11
127059,127031,12
127060,127034,11
127061,127034,14
127062,127035,15
127063,127037,12
127064,127037,14
127065,127039,12
127066,127039,13
127067,127040,11
127068,127041,12
127069,127041,13
127070,127043,11
127071,127046,14
127072,127046,11
127073,127047,11
127074,127049,11
127075,127052,12
127076,127052,15
127077,127057,15
127078,127057,14
127079,127058,15
127080,127059,15
127081,127059,11
127082,127061,14
127083,127062,13
127084,127063,13
127085,127063,14
127086,127064,12
127087,127065,14
127088,127065,13
127089,127066,14
127090,127066,15
127091,127069,11
127092,127069,13
127093,127070,11
127094,127071,12
127095,127072,13
127096,127072,13
127097,127073,12
127098,127075,12
127099,127076,14
127100,127077,15
127101,127077,12
127102,127078,12
127103,127079,15
127104,127079,11
127105,127080,12
127106,127080,14
127107,127081,12
127108,127082,15
127109,127082,14
127110,127083,13
127111,127083,15
127112,127085,13
127113,127086,12
127114,127087,15
127115,127087,15
127116,127088,14
127117,127088,15
127118,127091,11
127119,127091,14
127120,127092,14
127121,127092,11
127122,127093,12
127123,127094,14
127124,127094,11
127125,127095,13
127126,127099,14
127127,127100,12
127128,127101,15
127129,127101,14
127130,127102,14
127131,127103,15
127132,127104,13
127133,127104,14
127134,127105,15
127135,127106,13
127136,127108,15
127137,127109,14
127138,127109,12
127139,127110,12
127140,127111,14
127141,127112,15
127142,127113,11
127143,127116,14
127144,127116,13
127145,127117,12
127146,127119,11
127147,127120,14
127148,127120,15
127149,127124,15
127150,127124,15
127151,127125,14
127152,127125,13
127153,127126,15
127154,127126,12
127155,127127,11
127156,127128,11
127157,127130,14
127158,127131,12
127159,127131,14
127160,127135,11
127161,127135,15
127162,127136,14
127163,127137,13
127164,127138,13
127165,127139,13
127166,127140,12
127167,127140,13
127168,127142,13
127169,127142,14
127170,127145,14
127171,127145,13
127172,127146,14
127173,127146,14
127174,127147,15
127175,127148,13
127176,127149,11
127177,127149,12
127178,127150,15
127179,127151,15
127180,127153,15
127181,127153,14
127182,127155,13
127183,127155,14
127184,127156,11
127185,127156,13
127186,127157,11
127187,127158,15
127188,127159,12
127189,127162,15
127190,127163,13
127191,127164,15
127192,127167,14
127193,127167,11
127194,127168,11
127195,127169,14
127196,127170,13
127197,127171,13
127198,127171,12
127199,127172,14
127200,127172,15
127201,127173,11
127202,127173,11
127203,127174,13
127204,127175,13
127205,127176,11
127206,127177,15
127207,127178,12
127208,127179,12
127209,127180,14
127210,127181,15
127211,127182,13
127212,127182,15
127213,127183,14
127214,127184,13
127215,127184,13
127216,127185,15
127217,127186,12
127218,127187,11
127219,127187,15
127220,127188,15
127221,127188,13
127222,127189,11
127223,127189,13
127224,127191,11
127225,127191,14
127226,127192,12
127227,127192,14
127228,127194,11
127229,127194,12
127230,127195,11
127231,127195,13
127232,127196,15
127233,127196,12
127234,127201,11
127235,127203,12
127236,127205,15
127237,127206,15
127238,127209,15
127239,127210,15
127240,127210,12
127241,127211,15
127242,127213,14
127243,127213,13
127244,127214,11
127245,127214,12
127246,127215,12
127247,127216,14
127248,127216,13
127249,127218,12
127250,127218,15
127251,127219,11
127252,127219,13
127253,127220,11
127254,127220,14
127255,127222,13
127256,127224,13
127257,127224,13
127258,127225,15
127259,127225,12
127260,127226,13
127261,127227,14
127262,127227,12
127263,127228,12
127264,127228,11
127265,127229,12
127266,127229,15
127267,127231,12
127268,127232,11
127269,127233,15
127270,127234,15
127271,127234,14
127272,127235,13
127273,127236,11
127274,127236,11
127275,127239,11
127276,127240,13
127277,127241,11
127278,127243,15
127279,127246,15
127280,127248,14
127281,127249,13
127282,127249,11
127283,127250,14
127284,127250,13
127285,127252,11
127286,127252,12
127287,127254,12
127288,127254,11
127289,127256,14
127290,127256,13
127291,127257,13
127292,127259,11
127293,127259,15
127294,127261,15
127295,127263,11
127296,127266,13
127297,127267,15
127298,127269,13
127299,127269,14
127300,127271,13
127301,127271,11
127302,127272,11
127303,127274,13
127304,127275,14
127305,127276,13
127306,127276,11
127307,127277,15
127308,127277,15
127309,127278,11
127310,127278,12
127311,127280,15
127312,127280,12
127313,127281,15
127314,127282,15
127315,127284,12
127316,127285,11
127317,127286,12
127318,127287,12
127319,127288,15
127320,127289,13
127321,127289,13
127322,127290,15
127323,127291,15
127324,127292,13
127325,127292,15
127326,127293,15
127327,127293,13
127328,127294,12
127329,127295,14
127330,127296,15
127331,127296,12
127332,127297,14
127333,127297,12
127334,127298,13
127335,127298,11
127336,127300,14
127337,127300,12
127338,127303,14
127339,127304,12
127340,127304,13
127341,127308,12
127342,127308,12
127343,127313,12
127344,127314,12
127345,127315,14
127346,127316,14
127347,127317,14
127348,127321,11
127349,127324,14
127350,127324,15
127351,127325,15
127352,127325,14
127353,127328,14
127354,127329,12
127355,127329,13
127356,127330,13
127357,127330,15
127358,127331,14
127359,127331,12
127360,127332,12
127361,127333,11
127362,127334,12
127363,127334,15
127364,127335,11
127365,127336,11
127366,127338,15
127367,127339,15
127368,127339,15
127369,127341,13
127370,127341,14
127371,127342,12
127372,127342,14
127373,127343,14
127374,127343,14
127375,127344,12
127376,127344,15
127377,127346,14
127378,127348,11
127379,127350,13
127380,127351,12
127381,127351,15
127382,127353,14
127383,127353,15
127384,127354,13
127385,127355,12
127386,127355,13
127387,127357,15
127388,127360,12
127389,127361,14
127390,127361,14
127391,127362,13
127392,127363,15
127393,127363,13
127394,127364,15
127395,127364,12
127396,127365,12
127397,127367,11
127398,127367,14
127399,127368,12
127400,127370,12
127401,127370,12
127402,127371,14
127403,127371,15
127404,127372,14
127405,127373,14
127406,127373,11
127407,127374,12
127408,127376,14
127409,127378,11
127410,127378,11
127411,127379,14
127412,127379,15
127413,127380,11
127414,127380,12
127415,127382,13
127416,127383,11
127417,127385,14
127418,127385,14
127419,127386,14
127420,127386,11
127421,127387,12
127422,127388,11
127423,127388,12
127424,127390,14
127425,127390,12
127426,127391,15
127427,127391,11
127428,127393,14
127429,127393,14
127430,127394,13
127431,127395,14
127432,127395,12
127433,127396,15
127434,127397,11
127435,127397,11
127436,127401,11
127437,127401,12
127438,127403,13
127439,127403,11
127440,127404,15
127441,127404,15
127442,127406,14
127443,127406,15
127444,127407,15
127445,127408,15
127446,127409,12
127447,127410,11
127448,127410,13
127449,127411,14
127450,127411,15
127451,127413,14
127452,127414,12
127453,127414,15
127454,127415,11
127455,127416,12
127456,127418,11
127457,127418,12
127458,127419,13
127459,127419,12
127460,127420,13
127461,127421,11
127462,127422,11
127463,127425,11
127464,127426,14
127465,127426,13
127466,127428,13
127467,127428,11
127468,127433,14
127469,127434,15
127470,127436,11
127471,127436,13
127472,127438,13
127473,127439,11
127474,127440,11
127475,127441,11
127476,127442,11
127477,127443,15
127478,127445,11
127479,127446,15
127480,127446,12
127481,127447,15
127482,127450,14
127483,127450,13
127484,127451,11
127485,127451,14
127486,127453,14
127487,127453,12
127488,127454,12
127489,127454,13
127490,127456,11
127491,127456,12
127492,127458,15
127493,127458,14
127494,127459,14
127495,127459,15
127496,127462,13
127497,127463,11
127498,127465,15
127499,127465,12
127500,127467,12
127501,127468,12
127502,127468,13
127503,127469,12
127504,127469,12
127505,127471,13
127506,127471,14
127507,127472,12
127508,127472,11
127509,127473,14
127510,127473,12
127511,127475,11
127512,127475,14
127513,127477,12
127514,127484,15
127515,127484,11
127516,127485,11
127517,127488,15
127518,127491,15
127519,127492,12
127520,127492,13
127521,127493,13
127522,127495,15
127523,127497,14
127524,127497,12
127525,127498,14
127526,127498,14
127527,127499,11
127528,127499,15
127529,127500,14
127530,127500,14
127531,127501,15
127532,127501,14
127533,127502,11
127534,127502,12
127535,127503,14
127536,127504,14
127537,127504,14
127538,127506,14
127539,127506,12
127540,127507,12
127541,127507,14
127542,127509,13
127543,127510,15
127544,127512,11
127545,127515,14
127546,127516,12
127547,127518,11
127548,127519,13
127549,127519,15
127550,127520,15
127551,127520,15
127552,127521,14
127553,127523,12
127554,127524,15
127555,127525,11
127556,127525,13
127557,127526,13
127558,127526,15
127559,127527,15
127560,127527,11
127561,127530,14
127562,127530,14
127563,127531,12
127564,127532,15
127565,127535,12
127566,127535,14
127567,127536,13
127568,127537,11
127569,127538,13
127570,127538,12
127571,127539,13
127572,127539,14
127573,127541,11
127574,127541,11
127575,127542,14
127576,127543,13
127577,127544,12
127578,127545,11
127579,127546,14
127580,127546,12
127581,127549,12
127582,127549,12
127583,127550,14
127584,127550,13
127585,127551,15
127586,127552,15
127587,127553,15
127588,127553,12
127589,127554,11
127590,127554,11
127591,127556,14
127592,127557,14
127593,127558,13
127594,127558,12
127595,127559,11
127596,127559,14
127597,127560,12
127598,127560,15
127599,127561,11
127600,127561,15
127601,127562,11
127602,127565,13
127603,127565,14
127604,127566,12
127605,127566,15
127606,127569,14
127607,127571,15
127608,127572,11
127609,127573,13
127610,127574,11
127611,127574,14
127612,127575,15
127613,127578,13
127614,127578,14
127615,127579,14
127616,127579,13
127617,127583,11
127618,127584,14
127619,127584,12
127620,127586,15
127621,127586,14
127622,127587,11
127623,127587,13
127624,127588,15
127625,127588,14
127626,127589,12
127627,127593,12
127628,127593,11
127629,127594,11
127630,127594,12
127631,127595,14
127632,127596,11
127633,127596,15
127634,127597,15
127635,127599,14
127636,127600,12
127637,127600,11
127638,127601,11
127639,127602,14
127640,127602,15
127641,127604,13
127642,127605,15
127643,127605,12
127644,127606,11
127645,127606,11
127646,127608,12
127647,127614,12
127648,127614,15
127649,127615,12
127650,127616,13
127651,127616,12
127652,127620,11
127653,127621,13
127654,127622,13
127655,127622,12
127656,127626,14
127657,127626,15
127658,127627,14
127659,127628,15
127660,127630,12
127661,127632,15
127662,127632,13
127663,127633,15
127664,127633,14
127665,127634,15
127666,127634,12
127667,127636,11
127668,127636,13
127669,127637,14
127670,127639,13
127671,127639,11
127672,127640,14
127673,127641,13
127674,127644,12
127675,127645,13
127676,127646,12
127677,127646,13
127678,127647,15
127679,127647,14
127680,127650,13
127681,127650,13
127682,127651,11
127683,127654,14
127684,127655,13
127685,127655,11
127686,127656,13
127687,127657,11
127688,127658,15
127689,127658,14
127690,127659,13
127691,127661,15
127692,127661,13
127693,127662,11
127694,127663,12
127695,127663,14
127696,127664,14
127697,127664,15
127698,127665,11
127699,127665,11
127700,127667,15
127701,127667,13
127702,127668,15
127703,127669,15
127704,127672,12
127705,127672,15
127706,127674,13
127707,127674,13
127708,127675,14
127709,127675,15
127710,127676,13
127711,127677,11
127712,127678,15
127713,127679,12
127714,127680,11
127715,127681,12
127716,127684,14
127717,127685,15
127718,127685,15
127719,127689,12
127720,127689,14
127721,127691,12
127722,127692,12
127723,127693,15
127724,127695,15
127725,127695,13
127726,127696,13
127727,127696,15
127728,127698,12
127729,127698,12
127730,127699,14
127731,127700,11
127732,127700,13
127733,127701,11
127734,127702,11
127735,127703,15
127736,127704,15
127737,127704,11
127738,127706,13
127739,127707,11
127740,127707,15
127741,127711,12
127742,127711,15
127743,127714,11
127744,127714,14
127745,127715,14
127746,127715,14
127747,127716,13
127748,127716,14
127749,127717,13
127750,127717,12
127751,127720,12
127752,127721,11
127753,127721,14
127754,127722,14
127755,127723,12
127756,127724,13
127757,127726,13
127758,127727,14
127759,127728,14
127760,127728,12
127761,127731,11
127762,127731,14
127763,127732,12
127764,127732,12
127765,127734,14
127766,127735,15
127767,127735,13
127768,127736,15
127769,127738,11
127770,127738,12
127771,127739,11
127772,127741,15
127773,127741,14
127774,127742,14
127775,127742,12
127776,127743,13
127777,127743,15
127778,127744,12
127779,127744,11
127780,127745,13
127781,127747,13
127782,127747,14
127783,127751,12
127784,127754,11
127785,127754,15
127786,127755,14
127787,127756,12
127788,127757,15
127789,127759,12
127790,127761,12
127791,127761,12
127792,127763,12
127793,127763,11
127794,127764,14
127795,127764,12
127796,127765,12
127797,127765,11
127798,127766,14
127799,127767,12
127800,127767,15
127801,127769,12
127802,127770,12
127803,127770,15
127804,127771,13
127805,127776,13
127806,127778,15
127807,127782,15
127808,127784,12
127809,127784,11
127810,127785,14
127811,127787,13
127812,127787,13
127813,127789,14
127814,127789,14
127815,127792,12
127816,127792,13
127817,127793,13
127818,127793,15
127819,127795,15
127820,127795,14
127821,127796,12
127822,127797,12
127823,127797,12
127824,127799,14
127825,127799,15
127826,127800,11
127827,127802,15
127828,127802,11
127829,127804,15
127830,127804,14
127831,127805,12
127832,127807,11
127833,127807,13
127834,127808,14
127835,127809,15
127836,127811,13
127837,127811,12
127838,127812,14
127839,127813,12
127840,127815,11
127841,127815,12
127842,127816,12
127843,127817,12
127844,127817,15
127845,127818,11
127846,127818,14
127847,127819,12
127848,127820,12
127849,127820,15
127850,127821,15
127851,127822,11
127852,127822,12
127853,127824,14
127854,127824,14
127855,127825,12
127856,127825,13
127857,127826,13
127858,127827,14
127859,127827,13
127860,127828,12
127861,127829,14
127862,127829,13
127863,127830,11
127864,127831,15
127865,127832,13
127866,127832,12
127867,127837,13
127868,127839,11
127869,127839,14
127870,127840,15
127871,127840,14
127872,127841,11
127873,127842,15
127874,127842,11
127875,127843,12
127876,127845,12
127877,127846,13
127878,127846,14
127879,127850,12
127880,127851,15
127881,127853,15
127882,127853,11
127883,127854,11
127884,127855,12
127885,127855,13
127886,127857,14
127887,127857,14
127888,127858,11
127889,127858,13
127890,127860,14
127891,127860,11
127892,127861,11
127893,127861,13
127894,127863,14
127895,127864,15
127896,127866,11
127897,127867,12
127898,127867,11
127899,127869,12
127900,127872,13
127901,127874,13
127902,127875,15
127903,127880,13
127904,127880,15
127905,127881,11
127906,127881,12
127907,127882,15
127908,127884,14
127909,127884,14
127910,127886,14
127911,127887,12
127912,127887,13
127913,127888,11
127914,127888,14
127915,127891,12
127916,127891,13
127917,127893,11
127918,127894,15
127919,127897,12
127920,127898,12
127921,127900,15
127922,127901,11
127923,127902,11
127924,127903,15
127925,127904,13
127926,127904,12
127927,127906,13
127928,127907,12
127929,127908,14
127930,127908,12
127931,127909,14
127932,127911,14
127933,127911,15
127934,127912,14
127935,127914,14
127936,127915,12
127937,127916,12
127938,127916,15
127939,127917,13
127940,127918,15
127941,127919,12
127942,127919,15
127943,127920,14
127944,127923,14
127945,127925,13
127946,127926,12
127947,127926,12
127948,127928,14
127949,127929,12
127950,127930,13
127951,127930,11
127952,127931,13
127953,127932,13
127954,127932,13
127955,127933,13
127956,127934,13
127957,127934,13
127958,127935,14
127959,127936,12
127960,127939,12
127961,127939,15
127962,127940,11
127963,127941,12
127964,127941,12
127965,127942,13
127966,127943,13
127967,127943,12
127968,127944,13
127969,127945,11
127970,127945,15
127971,127946,12
127972,127946,12
127973,127948,14
127974,127949,12
127975,127949,15
127976,127950,13
127977,127950,14
127978,127951,13
127979,127953,14
127980,127954,14
127981,127954,12
127982,127955,15
127983,127955,11
127984,127956,14
127985,127956,11
127986,127957,14
127987,127957,15
127988,127959,11
127989,127959,15
127990,127960,12
127991,127961,11
127992,127962,13
127993,127963,15
127994,127964,13
127995,127967,12
127996,127967,11
127997,127968,11
127998,127969,15
127999,127969,11
128000,127970,12
128001,127972,11
128002,127977,15
128003,127978,13
128004,127978,14
128005,127979,11
128006,127980,11
128007,127981,14
128008,127981,15
128009,127982,15
128010,127983,15
128011,127984,12
128012,127984,15
128013,127985,13
128014,127985,14
128015,127986,13
128016,127988,11
128017,127989,14
128018,127989,11
128019,127990,12
128020,127992,12
128021,127993,13
128022,127994,11
128023,127994,12
128024,127996,11
128025,127997,14
128026,127997,13
128027,127998,12
128028,127998,14
128029,127999,15
128030,128002,11
128031,128003,11
128032,128004,14
128033,128006,14
128034,128006,12
128035,128009,14
128036,128010,12
128037,128010,12
128038,128012,11
128039,128012,11
128040,128013,12
128041,128015,13
128042,128016,14
128043,128018,14
128044,128018,11
128045,128021,15
128046,128022,11
128047,128022,12
128048,128023,14
128049,128024,12
128050,128025,15
128051,128025,14
128052,128026,12
128053,128026,13
128054,128027,11
128055,128027,14
128056,128030,15
128057,128032,14
128058,128034,14
128059,128036,11
128060,128037,15
128061,128038,14
128062,128038,14
128063,128040,11
128064,128040,11
128065,128041,15
128066,128041,14
128067,128042,14
128068,128042,11
128069,128047,11
128070,128049,12
128071,128049,13
128072,128050,13
128073,128050,11
128074,128051,11
128075,128052,15
128076,128053,12
128077,128053,14
128078,128054,14
128079,128055,12
128080,128056,12
128081,128056,13
128082,128057,12
128083,128058,14
128084,128058,12
128085,128059,13
128086,128059,13
128087,128060,12
128088,128060,11
128089,128061,11
128090,128062,13
128091,128063,11
128092,128065,15
128093,128065,13
128094,128067,13
128095,128068,14
128096,128068,12
128097,128070,11
128098,128071,12
128099,128074,15
128100,128077,15
128101,128078,14
128102,128078,13
128103,128079,12
128104,128081,11
128105,128083,12
128106,128083,11
128107,128084,13
128108,128089,11
128109,128090,12
128110,128091,12
128111,128091,11
128112,128092,14
128113,128092,11
128114,128093,15
128115,128093,12
128116,128094,15
128117,128095,11
128118,128095,14
128119,128096,11
128120,128097,11
128121,128097,13
128122,128098,11
128123,128099,11
128124,128099,13
128125,128100,14
128126,128100,13
128127,128102,14
128128,128102,15
128129,128103,14
128130,128104,13
128131,128104,14
128132,128105,11
128133,128106,11
128134,128112,15
128135,128112,14
128136,128113,13
128137,128115,15
128138,128116,11
128139,128116,15
128140,128117,15
128141,128117,12
128142,128118,11
128143,128118,15
128144,128119,15
128145,128119,13
128146,128120,12
128147,128121,13
128148,128121,14
128149,128122,13
128150,128124,13
128151,128124,13
128152,128125,11
128153,128125,15
128154,128126,14
128155,128128,11
128156,128128,13
128157,128129,11
128158,128133,14
128159,128133,11
128160,128136,13
128161,128137,13
128162,128138,11
128163,128138,14
128164,128139,15
128165,128139,14
128166,128140,11
128167,128140,13
128168,128141,15
128169,128142,12
128170,128142,13
128171,128144,13
128172,128146,14
128173,128148,12
128174,128149,12
128175,128149,14
128176,128150,11
128177,128151,11
128178,128151,13
128179,128152,14
128180,128154,13
128181,128155,15
128182,128155,13
128183,128156,13
128184,128158,15
128185,128159,11
128186,128159,12
128187,128160,11
128188,128160,15
128189,128162,13
128190,128163,12
128191,128165,14
128192,128167,15
128193,128167,14
128194,128168,12
128195,128168,13
128196,128169,15
128197,128170,14
128198,128170,15
128199,128172,13
128200,128172,14
128201,128175,13
128202,128175,13
128203,128176,12
128204,128177,11
128205,128178,14
128206,128180,11
128207,128180,11
128208,128182,13
128209,128182,13
128210,128183,13
128211,128184,14
128212,128184,13
128213,128186,13
128214,128186,11
128215,128187,15
128216,128187,11
128217,128188,11
128218,128188,14
128219,128190,13
128220,128191,14
128221,128191,11
128222,128192,12
128223,128193,11
128224,128193,14
128225,128195,15
128226,128196,13
128227,128196,12
128228,128197,11
128229,128197,12
128230,128199,11
128231,128201,13
128232,128201,11
128233,128202,14
128234,128202,13
128235,128203,15
128236,128204,13
128237,128205,15
128238,128206,15
128239,128207,12
128240,128207,12
128241,128208,14
128242,128208,15
128243,128209,15
128244,128210,12
128245,128210,11
128246,128211,14
128247,128212,15
128248,128213,15
128249,128213,11
128250,128214,13
128251,128214,12
128252,128215,11
128253,128215,11
128254,128217,15
128255,128217,14
128256,128219,13
128257,128220,14
128258,128220,14
128259,128221,15
128260,128223,13
128261,128223,13
128262,128225,11
128263,128227,11
128264,128227,15
128265,128228,11
128266,128233,14
128267,128233,13
128268,128236,15
128269,128236,15
128270,128237,14
128271,128237,14
128272,128239,15
128273,128239,12
128274,128241,12
128275,128241,13
128276,128243,11
128277,128243,14
128278,128245,13
128279,128249,12
128280,128250,14
128281,128258,14
128282,128258,11
128283,128259,15
128284,128260,12
128285,128260,13
128286,128262,14
128287,128262,14
128288,128264,15
128289,128266,11
128290,128266,13
128291,128267,15
128292,128269,12
128293,128269,15
128294,128270,11
128295,128271,11
128296,128272,12
128297,128274,15
128298,128274,11
128299,128277,11
128300,128277,13
128301,128278,15
128302,128280,11
128303,128281,11
128304,128281,12
128305,128282,13
128306,128284,11
128307,128284,14
128308,128285,12
128309,128285,14
128310,128286,11
128311,128287,13
128312,128288,14
128313,128289,14
128314,128289,14
128315,128290,11
128316,128291,13
128317,128291,13
128318,128292,11
128319,128292,11
128320,128294,11
128321,128295,12
128322,128295,12
128323,128297,15
128324,128298,11
128325,128299,12
128326,128299,13
128327,128300,12
128328,128300,14
128329,128301,13
128330,128301,13
128331,128302,11
128332,128302,12
128333,128304,11
128334,128306,15
128335,128306,12
128336,128307,15
128337,128307,13
128338,128308,11
128339,128309,14
128340,128309,12
128341,128311,11
128342,128312,13
128343,128313,15
128344,128315,14
128345,128315,13
128346,128317,11
128347,128319,11
128348,128319,13
128349,128320,15
128350,128321,15
128351,128321,13
128352,128323,12
128353,128323,13
128354,128324,12
128355,128326,14
128356,128328,13
128357,128328,14
128358,128330,14
128359,128331,12
128360,128331,14
128361,128332,11
128362,128334,11
128363,128335,13
128364,128335,11
128365,128336,12
128366,128336,14
128367,128338,14
128368,128339,11
128369,128339,13
128370,128341,14
128371,128341,11
128372,128342,11
128373,128343,15
128374,128344,13
128375,128345,15
128376,128346,15
128377,128347,13
128378,128347,11
128379,128348,12
128380,128349,13
128381,128350,11
128382,128351,11
128383,128351,13
128384,128353,11
128385,128356,12
128386,128357,12
128387,128357,13
128388,128359,14
128389,128361,15
128390,128361,14
128391,128362,15
128392,128362,13
128393,128366,15
128394,128367,13
128395,128369,13
128396,128372,13
128397,128372,14
128398,128373,11
128399,128373,11
128400,128374,15
128401,128374,15
128402,128375,15
128403,128378,13
128404,128379,14
128405,128379,15
128406,128381,11
128407,128382,15
128408,128383,13
128409,128383,15
128410,128386,12
128411,128387,14
128412,128387,15
128413,128388,15
128414,128392,11
128415,128392,13
128416,128393,11
128417,128394,12
128418,128394,11
128419,128395,12
128420,128396,12
128421,128397,14
128422,128397,12
128423,128399,11
128424,128400,13
128425,128401,13
128426,128402,12
128427,128402,11
128428,128403,12
128429,128404,14
128430,128405,13
128431,128406,14
128432,128407,15
128433,128408,12
128434,128408,14
128435,128409,13
128436,128410,15
128437,128411,12
128438,128412,15
128439,128413,14
128440,128415,11
128441,128415,14
128442,128416,11
128443,128417,12
128444,128418,11
128445,128418,11
128446,128419,13
128447,128420,12
128448,128420,11
128449,128421,14
128450,128421,15
128451,128422,13
128452,128422,15
128453,128425,11
128454,128426,14
128455,128427,14
128456,128430,15
128457,128430,14
128458,128432,13
128459,128432,13
128460,128433,15
128461,128433,14
128462,128435,13
128463,128435,12
128464,128436,14
128465,128436,11
128466,128437,12
128467,128437,11
128468,128438,15
128469,128438,14
128470,128441,15
128471,128441,14
128472,128442,13
128473,128442,14
128474,128444,15
128475,128444,13
128476,128445,13
128477,128445,14
128478,128446,13
128479,128447,11
128480,128448,14
128481,128451,12
128482,128451,13
128483,128452,15
128484,128453,13
128485,128454,15
128486,128456,15
128487,128457,15
128488,128457,13
128489,128458,11
128490,128458,12
128491,128460,14
128492,128461,11
128493,128461,13
128494,128462,14
128495,128464,12
128496,128464,13
128497,128465,15
128498,128466,15
128499,128466,15
128500,128470,11
128501,128470,14
128502,128471,11
128503,128472,11
128504,128472,15
128505,128473,15
128506,128473,11
128507,128474,11
128508,128474,12
128509,128475,14
128510,128475,12
128511,128477,13
128512,128477,15
128513,128478,15
128514,128480,11
128515,128480,11
128516,128481,14
128517,128481,12
128518,128482,11
128519,128482,12
128520,128483,13
128521,128484,13
128522,128486,12
128523,128486,15
128524,128488,14
128525,128492,14
128526,128492,11
128527,128493,11
128528,128496,15
128529,128498,12
128530,128500,13
128531,128500,14
128532,128502,15
128533,128503,12
128534,128503,12
128535,128504,15
128536,128509,11
128537,128510,11
128538,128511,11
128539,128511,14
128540,128513,15
128541,128513,11
128542,128515,11
128543,128516,13
128544,128516,12
128545,128518,12
128546,128519,12
128547,128519,12
128548,128521,12
128549,128521,13
128550,128522,13
128551,128524,15
128552,128524,14
128553,128525,13
128554,128526,15
128555,128527,13
128556,128527,13
128557,128528,13
128558,128528,15
128559,128529,11
128560,128529,11
128561,128532,11
128562,128532,13
128563,128534,12
128564,128535,15
128565,128535,14
128566,128537,12
128567,128537,13
128568,128539,12
128569,128539,13
128570,128540,15
128571,128542,13
128572,128543,11
128573,128543,12
128574,128544,12
128575,128544,12
128576,128546,12
128577,128547,14
128578,128548,13
128579,128550,12
128580,128551,15
128581,128551,15
128582,128552,14
128583,128552,11
128584,128553,13
128585,128553,15
128586,128555,11
128587,128555,12
128588,128556,12
128589,128558,12
128590,128558,14
128591,128559,13
128592,128561,14
128593,128562,11
128594,128562,15
128595,128563,11
128596,128563,15
128597,128564,15
128598,128566,11
128599,128568,15
128600,128568,14
128601,128569,13
128602,128570,12
128603,128570,15
128604,128571,11
128605,128573,15
128606,128574,12
128607,128574,14
128608,128575,12
128609,128577,12
128610,128578,15
128611,128578,14
128612,128580,11
128613,128580,13
128614,128581,15
128615,128582,13
128616,128582,15
128617,128584,12
128618,128585,11
128619,128586,13
128620,128587,15
128621,128587,14
128622,128588,13
128623,128588,12
128624,128589,15
128625,128589,14
128626,128590,12
128627,128592,12
128628,128592,15
128629,128593,12
128630,128593,11
128631,128596,11
128632,128596,12
128633,128597,14
128634,128597,14
128635,128600,12
128636,128601,12
128637,128601,12
128638,128602,13
128639,128603,13
128640,128603,14
128641,128605,13
128642,128607,11
128643,128610,15
128644,128610,15
128645,128611,13
128646,128611,12
128647,128612,11
128648,128612,14
128649,128613,13
128650,128615,12
128651,128616,13
128652,128616,11
128653,128617,15
128654,128618,11
128655,128619,13
128656,128619,14
128657,128620,15
128658,128621,14
128659,128621,14
128660,128623,15
128661,128623,14
128662,128624,12
128663,128624,12
128664,128626,14
128665,128626,15
128666,128628,14
128667,128628,12
128668,128629,14
128669,128629,14
128670,128630,11
128671,128631,15
128672,128632,14
128673,128632,15
128674,128633,14
128675,128634,13
128676,128634,11
128677,128635,13
128678,128635,13
128679,128636,14
128680,128638,11
128681,128639,13
128682,128639,15
128683,128642,13
128684,128644,13
128685,128645,14
128686,128646,14
128687,128650,12
128688,128650,11
128689,128651,12
128690,128654,13
128691,128654,15
128692,128656,12
128693,128656,13
128694,128657,15
128695,128657,13
128696,128658,11
128697,128661,12
128698,128661,14
128699,128662,11
128700,128662,14
128701,128663,11
128702,128664,14
128703,128665,12
128704,128666,12
128705,128669,13
128706,128669,11
128707,128670,11
128708,128672,13
128709,128672,14
128710,128673,14
128711,128674,15
128712,128675,12
128713,128675,13
128714,128676,12
128715,128676,14
128716,128682,14
128717,128685,12
128718,128686,12
128719,128686,15
128720,128687,14
128721,128689,14
128722,128689,14
128723,128691,15
128724,128693,13
128725,128693,11
128726,128695,11
128727,128695,15
128728,128696,15
128729,128696,14
128730,128697,14
128731,128697,12
128732,128698,14
128733,128700,13
128734,128701,11
128735,128701,11
128736,128702,12
128737,128703,11
128738,128705,15
128739,128705,15
128740,128707,12
128741,128707,13
128742,128708,15
128743,128709,14
128744,128710,11
128745,128710,15
128746,128711,15
128747,128712,13
128748,128715,12
128749,128716,12
128750,128716,11
128751,128718,15
128752,128718,12
128753,128719,14
128754,128719,12
128755,128720,11
128756,128721,11
128757,128722,14
128758,128723,13
128759,128724,14
128760,128727,13
128761,128727,14
128762,128728,11
128763,128728,11
128764,128729,11
128765,128729,14
128766,128733,14
128767,128733,12
128768,128734,13
128769,128734,11
128770,128735,12
128771,128735,15
128772,128737,15
128773,128738,15
128774,128741,13
128775,128742,15
128776,128742,15
128777,128743,14
128778,128743,15
128779,128744,13
128780,128744,11
128781,128745,11
128782,128747,15
128783,128748,14
128784,128749,14
128785,128749,15
128786,128750,11
128787,128751,13
128788,128753,13
128789,128754,15
128790,128754,13
128791,128755,13
128792,128755,11
128793,128757,13
128794,128759,12
128795,128761,12
128796,128761,15
128797,128762,15
128798,128762,14
128799,128763,15
128800,128763,13
128801,128764,13
128802,128765,15
128803,128765,12
128804,128766,12
128805,128766,15
128806,128767,13
128807,128768,13
128808,128770,14
128809,128770,11
128810,128771,11
128811,128775,11
128812,128776,13
128813,128777,14
128814,128778,11
128815,128779,12
128816,128779,14
128817,128780,15
128818,128780,13
128819,128781,15
128820,128782,12
128821,128782,11
128822,128783,13
128823,128784,14
128824,128785,15
128825,128785,15
128826,128786,14
128827,128787,13
128828,128789,12
128829,128790,11
128830,128790,11
128831,128791,11
128832,128792,12
128833,128792,12
128834,128797,14
128835,128798,14
128836,128798,11
128837,128799,13
128838,128799,13
128839,128802,14
128840,128802,15
128841,128803,13
128842,128803,12
128843,128804,14
128844,128804,14
128845,128807,11
128846,128807,11
128847,128808,14
128848,128809,12
128849,128810,12
128850,128811,12
128851,128811,15
128852,128812,12
128853,128814,15
128854,128815,15
128855,128815,11
128856,128816,12
128857,128816,12
128858,128817,12
128859,128818,13
128860,128818,14
128861,128820,12
128862,128821,14
128863,128821,14
128864,128822,13
128865,128822,11
128866,128823,14
128867,128825,14
128868,128828,11
128869,128829,15
128870,128830,14
128871,128830,14
128872,128831,12
128873,128831,15
128874,128834,13
128875,128834,11
128876,128835,15
128877,128836,15
128878,128838,15
128879,128838,11
128880,128839,14
128881,128839,12
128882,128841,13
128883,128841,14
128884,128843,11
128885,128843,15
128886,128845,15
128887,128845,15
128888,128846,14
128889,128846,12
128890,128847,14
128891,128849,11
128892,128849,11
128893,128853,15
128894,128854,14
128895,128856,14
128896,128856,15
128897,128857,13
128898,128857,14
128899,128858,15
128900,128858,11
128901,128861,13
128902,128861,15
128903,128862,15
128904,128863,13
128905,128863,11
128906,128864,12
128907,128864,11
128908,128866,13
128909,128867,15
128910,128867,12
128911,128869,15
128912,128869,15
128913,128870,15
128914,128870,12
128915,128871,15
128916,128872,12
128917,128874,11
128918,128874,11
128919,128875,11
128920,128875,13
128921,128876,13
128922,128877,12
128923,128878,11
128924,128878,11
128925,128879,11
128926,128879,13
128927,128880,12
128928,128881,14
128929,128882,12
128930,128883,14
128931,128887,12
128932,128887,14
128933,128889,14
128934,128890,12
128935,128890,14
128936,128892,13
128937,128893,12
128938,128894,12
128939,128897,11
128940,128897,13
128941,128899,12
128942,128899,13
128943,128902,11
128944,128902,11
128945,128903,12
128946,128903,15
128947,128904,12
128948,128907,13
128949,128908,12
128950,128908,15
128951,128909,11
128952,128913,15
128953,128914,14
128954,128914,12
128955,128915,14
128956,128917,13
128957,128917,13
128958,128918,12
128959,128918,13
128960,128919,11
128961,128919,15
128962,128920,14
128963,128922,11
128964,128923,13
128965,128923,11
128966,128924,15
128967,128924,14
128968,128925,13
128969,128926,15
128970,128926,12
128971,128927,14
128972,128929,11
128973,128930,12
128974,128931,12
128975,128932,13
128976,128933,13
128977,128933,15
128978,128934,11
128979,128935,11
128980,128939,14
128981,128939,11
128982,128940,11
128983,128941,15
128984,128941,12
128985,128942,13
128986,128943,11
128987,128943,12
128988,128944,11
128989,128944,12
128990,128945,11
128991,128946,15
128992,128946,11
128993,128947,15
128994,128947,11
128995,128948,11
128996,128948,12
128997,128949,14
128998,128950,12
128999,128951,12
129000,128952,11
129001,128952,15
129002,128953,14
129003,128954,13
129004,128954,12
129005,128955,11
129006,128956,14
129007,128956,13
129008,128959,15
129009,128960,11
129010,128960,13
129011,128961,11
129012,128961,11
129013,128962,14
129014,128964,15
129015,128966,13
129016,128966,13
129017,128968,13
129018,128969,15
129019,128970,15
129020,128970,13
129021,128972,13
129022,128973,11
129023,128975,12
129024,128975,11
129025,128977,11
129026,128979,14
129027,128979,11
129028,128981,15
129029,128981,12
129030,128982,11
129031,128983,12
129032,128984,15
129033,128985,12
129034,128985,11
129035,128987,15
129036,128989,15
129037,128990,14
129038,128991,11
129039,128992,13
129040,128992,11
129041,128993,13
129042,128993,15
129043,128994,15
129044,128994,15
129045,128995,13
129046,128995,11
129047,128996,12
129048,128997,13
129049,128998,15
129050,129003,12
129051,129003,12
129052,129009,12
129053,129010,13
129054,129010,12
129055,129011,13
129056,129011,12
129057,129012,13
129058,129013,11
129059,129014,15
129060,129020,14
129061,129020,14
129062,129021,15
129063,129021,12
129064,129024,11
129065,129025,14
129066,129025,11
129067,129027,12
129068,129029,12
129069,129031,12
129070,129032,15
129071,129033,14
129072,129033,11
129073,129034,15
129074,129034,13
129075,129036,12
129076,129038,13
129077,129040,11
129078,129040,15
129079,129041,15
129080,129041,13
129081,129043,11
129082,129044,13
129083,129044,14
129084,129045,15
129085,129047,15
129086,129048,13
129087,129049,15
129088,129049,14
129089,129050,11
129090,129050,11
129091,129053,12
129092,129053,11
129093,129055,14
129094,129056,14
129095,129056,13
129096,129060,14
129097,129060,14
129098,129061,11
129099,129061,15
129100,129062,11
129101,129062,11
129102,129063,11
129103,129063,11
129104,129064,13
129105,129065,14
129106,129067,15
129107,129067,15
129108,129068,13
129109,129068,15
129110,129069,11
129111,129072,14
129112,129073,13
129113,129073,14
129114,129074,12
129115,129074,14
129116,129075,15
129117,129075,11
129118,129077,12
129119,129077,15
129120,129079,11
129121,129079,11
129122,129081,13
129123,129082,11
129124,129084,15
129125,129084,14
129126,129085,12
129127,129086,14
129128,129087,14
129129,129087,13
129130,129089,12
129131,129089,13
129132,129090,14
129133,129091,13
129134,129093,11
129135,129093,13
129136,129094,14
129137,129095,11
129138,129095,11
129139,129096,15
129140,129096,14
129141,129099,12
129142,129099,11
129143,129102,15
129144,129107,11
129145,129108,12
129146,129109,15
129147,129109,13
129148,129111,11
129149,129111,15
129150,129112,15
129151,129112,13
129152,129113,11
129153,129113,11
129154,129114,15
129155,129114,12
129156,129115,13
129157,129115,12
129158,129116,15
129159,129117,11
129160,129118,14
129161,129119,14
129162,129119,12
129163,129121,13
129164,129122,15
129165,129122,13
129166,129124,14
129167,129125,13
129168,129125,13
129169,129126,13
129170,129127,14
129171,129128,14
129172,129130,11
129173,129132,11
129174,129132,15
129175,129133,14
129176,129133,11
129177,129134,14
129178,129135,13
129179,129135,11
129180,129137,14
129181,129138,15
129182,129140,14
129183,129141,15
129184,129142,11
129185,129143,14
129186,129143,11
129187,129144,12
129188,129144,15
129189,129145,15
129190,129145,12
129191,129146,11
129192,129147,12
129193,129147,11
129194,129148,13
129195,129148,12
129196,129149,13
129197,129150,15
129198,129150,12
129199,129151,11
129200,129151,11
129201,129153,14
129202,129153,14
129203,129154,11
129204,129155,13
129205,129156,15
129206,129156,11
129207,129158,15
129208,129159,14
129209,129160,12
129210,129160,11
129211,129164,14
129212,129164,11
129213,129165,15
129214,129168,14
129215,129170,12
129216,129171,15
129217,129171,13
129218,129172,13
129219,129172,12
129220,129173,13
129221,129174,11
129222,129175,15
129223,129176,11
129224,129177,14
129225,129179,15
129226,129180,13
129227,129180,15
129228,129181,12
129229,129182,14
129230,129183,11
129231,129187,13
129232,129188,14
129233,129188,11
129234,129189,14
129235,129190,13
129236,129192,14
129237,129192,14
129238,129193,15
129239,129194,11
129240,129194,15
129241,129196,13
129242,129196,12
129243,129197,13
129244,129197,13
129245,129198,15
129246,129199,11
129247,129200,14
129248,129200,15
129249,129201,11
129250,129201,13
129251,129202,15
129252,129202,11
129253,129203,14
129254,129204,15
129255,129204,12
129256,129206,11
129257,129208,12
129258,129208,12
129259,129211,12
129260,129211,13
129261,129213,15
129262,129214,15
129263,129216,13
129264,129216,12
129265,129218,13
129266,129218,14
129267,129219,12
129268,129219,11
129269,129220,11
129270,129220,11
129271,129221,13
129272,129222,14
129273,129224,14
129274,129226,12
129275,129227,12
129276,129227,15
129277,129229,11
129278,129231,14
129279,129232,13
129280,129232,12
129281,129234,15
129282,129236,15
129283,129236,13
129284,129237,11
129285,129238,11
129286,129240,12
129287,129241,11
129288,129242,11
129289,129242,14
129290,129243,12
129291,129243,12
129292,129245,15
129293,129246,13
129294,129248,14
129295,129249,11
129296,129252,11
129297,129253,15
129298,129253,13
129299,129255,11
129300,129258,13
129301,129259,15
129302,129259,12
129303,129260,13
129304,129262,11
129305,129262,14
129306,129263,14
129307,129265,13
129308,129265,12
129309,129266,14
129310,129267,14
129311,129269,12
129312,129269,11
129313,129271,15
129314,129271,15
129315,129273,13
129316,129275,15
129317,129275,15
129318,129277,15
129319,129277,14
129320,129279,15
129321,129279,14
129322,129280,15
129323,129281,12
129324,129282,12
129325,129284,15
129326,129285,14
129327,129287,15
129328,129288,11
129329,129289,14
129330,129289,11
129331,129290,14
129332,129292,11
129333,129292,15
129334,129293,14
129335,129294,15
129336,129294,13
129337,129295,13
129338,129295,13
129339,129297,15
129340,129299,14
129341,129300,13
129342,129301,13
129343,129302,13
129344,129302,12
129345,129303,13
129346,129304,14
129347,129305,15
129348,129306,15
129349,129307,15
129350,129307,12
129351,129309,15
129352,129310,15
129353,129310,13
129354,129312,11
129355,129313,15
129356,129314,11
129357,129315,11
129358,129316,11
129359,129316,14
129360,129317,12
129361,129317,14
129362,129318,11
129363,129318,11
129364,129319,14
129365,129319,13
129366,129320,15
129367,129320,13
129368,129321,11
129369,129321,11
129370,129322,14
129371,129322,13
129372,129323,13
129373,129323,15
129374,129324,15
129375,129325,11
129376,129325,15
129377,129329,13
129378,129330,14
129379,129331,15
129380,129331,13
129381,129333,13
129382,129333,14
129383,129335,15
129384,129336,14
129385,129338,14
129386,129338,14
129387,129339,12
129388,129339,13
129389,129340,15
129390,129341,13
129391,129341,14
129392,129342,13
129393,129342,11
129394,129344,13
129395,129345,12
129396,129346,11
129397,129346,13
129398,129347,14
129399,129347,13
129400,129348,11
129401,129348,11
129402,129349,13
129403,129350,15
129404,129350,11
129405,129351,15
129406,129351,15
129407,129353,11
129408,129355,14
129409,129355,12
129410,129356,11
129411,129358,11
129412,129358,11
129413,129359,11
129414,129359,15
129415,129360,15
129416,129360,12
129417,129361,12
129418,129361,14
129419,129362,13
129420,129362,15
129421,129363,15
129422,129365,12
129423,129366,15
129424,129366,15
129425,129367,12
129426,129367,12
129427,129369,15
129428,129369,15
129429,129372,14
129430,129372,14
129431,129374,15
129432,129374,13
129433,129377,12
129434,129377,12
129435,129379,13
129436,129381,13
129437,129381,14
129438,129382,12
129439,129385,14
129440,129385,15
129441,129386,11
129442,129386,11
129443,129388,14
129444,129389,13
129445,129390,12
129446,129390,13
129447,129391,15
129448,129392,11
129449,129393,11
129450,129393,11
129451,129394,13
129452,129394,14
129453,129396,13
129454,129398,11
129455,129399,14
129456,129399,15
129457,129400,12
129458,129401,11
129459,129401,15
129460,129402,12
129461,129402,14
129462,129405,13
129463,129405,12
129464,129406,12
129465,129406,12
129466,129407,13
129467,129407,13
129468,129408,11
129469,129408,15
129470,129409,15
129471,129409,14
129472,129410,15
129473,129410,14
129474,129413,12
129475,129414,11
129476,129415,15
129477,129416,15
129478,129416,13
129479,129417,14
129480,129419,13
129481,129419,12
129482,129420,14
129483,129422,13
129484,129424,15
129485,129424,14
129486,129425,14
129487,129430,11
129488,129430,12
129489,129431,14
129490,129431,12
129491,129432,14
129492,129432,15
129493,129434,13
129494,129434,14
129495,129436,15
129496,129436,11
129497,129437,14
129498,129438,12
129499,129438,12
129500,129440,11
129501,129440,14
129502,129441,11
129503,129443,14
129504,129445,14
129505,129445,13
129506,129446,14
129507,129446,12
129508,129447,13
129509,129447,11
129510,129448,13
129511,129451,14
129512,129451,13
129513,129453,15
129514,129455,12
129515,129455,13
129516,129456,13
129517,129458,11
129518,129459,14
129519,129459,15
129520,129460,14
129521,129465,12
129522,129467,14
129523,129468,11
129524,129470,15
129525,129470,15
129526,129471,13
129527,129472,15
129528,129472,11
129529,129475,12
129530,129477,14
129531,129478,12
129532,129478,11
129533,129479,12
129534,129482,11
129535,129483,12
129536,129483,11
129537,129485,11
129538,129485,11
129539,129486,12
129540,129487,13
129541,129487,11
129542,129488,13
129543,129490,11
129544,129490,13
129545,129491,13
129546,129492,11
129547,129493,13
129548,129495,11
129549,129497,13
129550,129498,15
129551,129498,15
129552,129500,13
129553,129501,13
129554,129502,11
129555,129502,14
129556,129504,11
129557,129505,15
129558,129505,13
129559,129508,13
129560,129509,11
129561,129509,12
129562,129510,13
129563,129511,11
129564,129512,11
129565,129515,11
129566,129515,13
129567,129516,13
129568,129516,14
129569,129517,11
129570,129518,14
129571,129518,12
129572,129519,15
129573,129521,11
129574,129523,11
129575,129523,12
129576,129525,14
129577,129525,15
129578,129527,11
129579,129528,13
129580,129529,14
129581,129531,15
129582,129531,12
129583,129532,11
129584,129532,15
129585,129533,11
129586,129533,15
129587,129534,13
129588,129534,15
129589,129535,13
129590,129535,15
129591,129536,12
129592,129536,14
129593,129537,15
129594,129537,11
129595,129539,14
129596,129540,12
129597,129540,13
129598,129542,15
129599,129543,11
129600,129543,15
129601,129546,11
129602,129547,13
129603,129547,13
129604,129548,14
129605,129551,14
129606,129551,12
129607,129552,13
129608,129553,14
129609,129554,12
129610,129554,13
129611,129556,12
129612,129557,14
129613,129558,11
129614,129558,15
129615,129559,12
129616,129560,14
129617,129560,11
129618,129561,13
129619,129561,15
129620,129563,15
129621,129564,15
129622,129564,11
129623,129566,11
129624,129567,13
129625,129567,11
129626,129568,11
129627,129568,13
129628,129569,13
129629,129570,12
129630,129572,14
129631,129572,15
129632,129574,15
129633,129575,15
129634,129575,13
129635,129577,14
129636,129577,14
129637,129579,13
129638,129579,11
129639,129580,13
129640,129580,15
129641,129581,12
129642,129583,15
129643,129584,14
129644,129585,12
129645,129585,13
129646,129586,11
129647,129586,12
129648,129587,14
129649,129588,14
129650,129588,13
129651,129589,11
129652,129592,11
129653,129592,15
129654,129594,13
129655,129595,13
129656,129599,14
129657,129600,11
129658,129600,15
129659,129601,13
129660,129601,12
129661,129602,13
129662,129602,12
129663,129603,14
129664,129603,14
129665,129605,11
129666,129606,12
129667,129606,13
129668,129607,12
129669,129607,12
129670,129608,11
129671,129608,14
129672,129609,15
129673,129610,11
129674,129610,14
129675,129611,13
129676,129612,14
129677,129613,12
129678,129614,12
129679,129614,11
129680,129616,11
129681,129616,15
129682,129617,11
129683,129617,12
129684,129618,11
129685,129618,15
129686,129619,14
129687,129619,12
129688,129620,13
129689,129620,12
129690,129621,11
129691,129621,14
129692,129622,13
129693,129622,11
129694,129623,12
129695,129624,15
129696,129624,15
129697,129626,15
129698,129627,12
129699,129628,13
129700,129629,12
129701,129629,13
129702,129632,13
129703,129632,14
129704,129633,13
129705,129633,11
129706,129635,12
129707,129635,11
129708,129636,13
129709,129636,14
129710,129638,11
129711,129638,15
129712,129639,15
129713,129640,11
129714,129641,15
129715,129642,12
129716,129643,15
129717,129643,13
129718,129644,12
129719,129645,11
129720,129646,13
129721,129649,14
129722,129651,11
129723,129654,15
129724,129654,11
129725,129656,14
129726,129656,15
129727,129657,13
129728,129662,12
129729,129662,14
129730,129663,15
129731,129663,12
129732,129664,15
129733,129664,11
129734,129666,15
129735,129667,15
129736,129668,15
129737,129668,14
129738,129669,13
129739,129670,15
129740,129670,12
129741,129672,13
129742,129674,13
129743,129675,13
129744,129675,15
129745,129676,15
129746,129676,14
129747,129677,12
129748,129677,13
129749,129678,15
129750,129678,13
129751,129681,14
129752,129681,13
129753,129682,13
129754,129682,13
129755,129683,14
129756,129683,14
129757,129684,14
129758,129684,13
129759,129685,15
129760,129686,12
129761,129686,12
129762,129687,13
129763,129687,14
129764,129688,14
129765,129689,15
129766,129690,13
129767,129690,13
129768,129691,15
129769,129691,14
129770,129692,11
129771,129693,13
129772,129693,11
129773,129696,15
129774,129696,11
129775,129697,14
129776,129699,11
129777,129699,13
129778,129701,14
129779,129701,12
129780,129703,14
129781,129704,13
129782,129705,12
129783,129705,13
129784,129707,11
129785,129709,12
129786,129712,11
129787,129712,13
129788,129713,13
129789,129713,15
129790,129714,12
129791,129716,11
129792,129720,11
129793,129720,14
129794,129721,11
129795,129722,11
129796,129723,15
129797,129726,13
129798,129726,12
129799,129727,13
129800,129728,13
129801,129729,13
129802,129729,11
129803,129730,11
129804,129731,11
129805,129732,15
129806,129732,13
129807,129733,11
129808,129736,14
129809,129736,11
129810,129737,15
129811,129738,15
129812,129738,15
129813,129740,15
129814,129741,14
129815,129741,15
129816,129743,14
129817,129743,13
129818,129744,13
129819,129744,15
129820,129745,13
129821,129746,12
129822,129747,11
129823,129748,14
129824,129750,12
129825,129751,13
129826,129751,13
129827,129753,12
129828,129754,15
129829,129754,14
129830,129755,14
129831,129755,14
129832,129756,13
129833,129756,14
129834,129757,12
129835,129757,13
129836,129759,13
129837,129759,11
129838,129761,12
129839,129762,11
129840,129762,13
129841,129763,13
129842,129763,13
129843,129765,11
129844,129766,12
129845,129766,12
129846,129767,11
129847,129768,13
129848,129768,11
129849,129770,13
129850,129772,14
129851,129772,11
129852,129773,15
129853,129773,13
129854,129774,13
129855,129775,15
129856,129777,13
129857,129778,14
129858,129780,13
129859,129783,15
129860,129783,11
129861,129786,12
129862,129786,14
129863,129787,14
129864,129787,12
129865,129788,15
129866,129788,11
129867,129790,11
129868,129791,11
129869,129792,14
129870,129792,15
129871,129794,12
129872,129795,11
129873,129795,14
129874,129796,15
129875,129796,14
129876,129801,11
129877,129801,15
129878,129802,12
129879,129802,15
129880,129803,13
129881,129803,15
129882,129804,13
129883,129804,11
129884,129806,15
129885,129806,14
129886,129807,13
129887,129808,12
129888,129810,11
129889,129810,14
129890,129811,15
129891,129811,11
129892,129812,14
129893,129812,15
129894,129813,11
129895,129814,11
129896,129814,14
129897,129815,14
129898,129815,11
129899,129817,15
129900,129819,15
129901,129820,12
129902,129820,12
129903,129824,13
129904,129826,12
129905,129826,14
129906,129827,13
129907,129828,11
129908,129829,14
129909,129830,15
129910,129830,12
129911,129831,15
129912,129831,15
129913,129832,14
129914,129834,14
129915,129834,12
129916,129835,11
129917,129835,11
129918,129837,13
129919,129837,13
129920,129839,11
129921,129840,11
129922,129840,14
129923,129841,11
129924,129842,14
129925,129842,11
129926,129845,14
129927,129847,11
129928,129847,12
129929,129848,11
129930,129848,14
129931,129849,12
129932,129850,14
129933,129851,15
129934,129852,12
129935,129853,11
129936,129853,11
129937,129855,15
129938,129856,13
129939,129856,12
129940,129857,12
129941,129857,14
129942,129858,14
129943,129858,14
129944,129859,12
129945,129862,13
129946,129862,12
129947,129863,15
129948,129866,13
129949,129866,14
129950,129868,11
129951,129869,12
129952,129869,11
129953,129870,14
129954,129870,14
129955,129871,12
129956,129871,15
129957,129872,11
129958,129872,14
129959,129875,12
129960,129876,11
129961,129876,11
129962,129877,15
129963,129878,12
129964,129878,12
129965,129879,12
129966,129880,13
129967,129882,14
129968,129882,11
129969,129883,11
129970,129884,13
129971,129885,15
129972,129886,15
129973,129887,12
129974,129887,13
129975,129889,14
129976,129891,13
129977,129892,15
129978,129892,12
129979,129893,12
129980,129895,13
129981,129896,14
129982,129897,11
129983,129897,15
129984,129898,13
129985,129898,13
129986,129899,13
129987,129899,15
129988,129900,11
129989,129901,14
129990,129905,12
129991,129906,14
129992,129907,14
129993,129907,11
129994,129908,14
129995,129908,13
129996,129909,15
129997,129910,15
129998,129912,12
129999,129912,15
130000,129913,15
130001,129914,12
130002,129914,14
130003,129915,13
130004,129916,15
130005,129917,14
130006,129917,11
130007,129918,15
130008,129921,11
130009,129921,14
130010,129922,15
130011,129922,14
130012,129924,15
130013,129925,14
130014,129926,13
130015,129926,11
130016,129928,14
130017,129928,11
130018,129929,11
130019,129929,14
130020,129930,14
130021,129930,11
130022,129931,15
130023,129931,11
130024,129932,14
130025,129933,14
130026,129933,11
130027,129934,14
130028,129935,11
130029,129935,14
130030,129939,13
130031,129939,13
130032,129941,13
130033,129943,14
130034,129944,14
130035,129944,11
130036,129945,13
130037,129945,15
130038,129946,15
130039,129946,14
130040,129948,13
130041,129949,12
130042,129950,15
130043,129952,11
130044,129953,11
130045,129954,14
130046,129955,12
130047,129955,15
130048,129957,15
130049,129958,12
130050,129958,15
130051,129959,14
130052,129959,13
130053,129961,12
130054,129961,11
130055,129962,12
130056,129962,12
130057,129963,14
130058,129965,11
130059,129966,15
130060,129969,13
130061,129970,11
130062,129970,11
130063,129972,14
130064,129972,13
130065,129974,11
130066,129977,14
130067,129977,12
130068,129978,14
130069,129979,13
130070,129979,12
130071,129980,12
130072,129980,12
130073,129981,13
130074,129983,11
130075,129983,12
130076,129984,12
130077,129985,11
130078,129986,11
130079,129986,14
130080,129987,14
130081,129988,11
130082,129989,14
130083,129989,11
130084,129990,12
130085,129994,13
130086,129994,13
130087,129999,13
130088,130002,12
130089,130003,14
130090,130004,14
130091,130005,14
130092,130006,15
130093,130007,14
130094,130009,14
130095,130009,13
130096,130010,11
130097,130010,12
130098,130011,11
130099,130012,14
130100,130013,11
130101,130015,11
130102,130015,11
130103,130016,13
130104,130017,11
130105,130017,13
130106,130018,12
130107,130018,13
130108,130020,14
130109,130022,11
130110,130024,12
130111,130025,12
130112,130025,14
130113,130026,14
130114,130027,15
130115,130030,13
130116,130030,11
130117,130031,12
130118,130032,11
130119,130033,14
130120,130034,11
130121,130034,13
130122,130035,14
130123,130035,12
130124,130036,11
130125,130038,15
130126,130038,12
130127,130040,11
130128,130041,13
130129,130041,15
130130,130042,13
130131,130043,11
130132,130044,14
130133,130045,12
130134,130045,14
130135,130046,11
130136,130046,15
130137,130047,13
130138,130047,12
130139,130050,11
130140,130051,14
130141,130052,13
130142,130052,14
130143,130053,15
130144,130053,13
130145,130054,12
130146,130055,13
130147,130057,15
130148,130057,11
130149,130060,14
130150,130063,15
130151,130063,12
130152,130064,12
130153,130066,15
130154,130067,12
130155,130067,15
130156,130068,12
130157,130070,13
130158,130071,15
130159,130072,13
130160,130072,15
130161,130073,12
130162,130076,15
130163,130076,15
130164,130079,11
130165,130081,14
130166,130083,13
130167,130083,15
130168,130087,14
130169,130087,12
130170,130088,13
130171,130088,14
130172,130089,15
130173,130090,13
130174,130091,12
130175,130091,15
130176,130093,12
130177,130093,15
130178,130094,14
130179,130094,13
130180,130095,12
130181,130096,15
130182,130097,11
130183,130097,12
130184,130100,12
130185,130103,11
130186,130104,12
130187,130104,15
130188,130105,15
130189,130105,15
130190,130106,11
130191,130107,12
130192,130108,14
130193,130108,15
130194,130110,13
130195,130111,12
130196,130112,12
130197,130113,11
130198,130114,13
130199,130115,13
130200,130115,12
130201,130116,15
130202,130117,14
130203,130117,14
130204,130118,11
130205,130119,15
130206,130122,15
130207,130123,15
130208,130123,11
130209,130124,12
130210,130124,14
130211,130129,11
130212,130129,12
130213,130130,14
130214,130132,15
130215,130132,14
130216,130133,12
130217,130134,14
130218,130134,15
130219,130135,12
130220,130137,11
130221,130137,11
130222,130138,13
130223,130138,11
130224,130139,14
130225,130139,12
130226,130140,11
130227,130140,15
130228,130141,13
130229,130142,12
130230,130142,11
130231,130144,13
130232,130144,11
130233,130145,15
130234,130146,11
130235,130146,14
130236,130147,12
130237,130147,14
130238,130149,15
130239,130149,11
130240,130150,15
130241,130151,13
130242,130151,15
130243,130152,12
130244,130155,15
130245,130158,13
130246,130158,13
130247,130159,13
130248,130159,14
130249,130161,15
130250,130161,13
130251,130163,13
130252,130163,14
130253,130164,13
130254,130165,13
130255,130165,14
130256,130166,14
130257,130167,13
130258,130168,15
130259,130169,14
130260,130171,12
130261,130171,14
130262,130173,12
130263,130173,12
130264,130174,11
130265,130174,12
130266,130176,12
130267,130177,14
130268,130178,15
130269,130178,14
130270,130179,15
130271,130180,11
130272,130180,13
130273,130181,15
130274,130181,12
130275,130182,15
130276,130182,15
130277,130183,14
130278,130184,13
130279,130185,15
130280,130185,15
130281,130187,13
130282,130188,15
130283,130188,14
130284,130189,15
130285,130189,12
130286,130190,13
130287,130190,13
130288,130191,14
130289,130191,14
130290,130192,13
130291,130193,15
130292,130193,11
130293,130194,11
130294,130194,15
130295,130195,13
130296,130195,14
130297,130196,12
130298,130196,15
130299,130199,13
130300,130200,11
130301,130201,14
130302,130201,14
130303,130202,12
130304,130202,11
130305,130203,15
130306,130203,13
130307,130206,11
130308,130206,11
130309,130207,15
130310,130208,11
130311,130208,14
130312,130209,13
130313,130210,15
130314,130210,11
130315,130211,13
130316,130211,11
130317,130212,11
130318,130213,12
130319,130213,13
130320,130214,15
130321,130215,12
130322,130216,13
130323,130217,11
130324,130218,13
130325,130218,13
130326,130219,12
130327,130220,11
130328,130220,13
130329,130221,15
130330,130222,14
130331,130222,12
130332,130223,13
130333,130223,12
130334,130226,11
130335,130226,13
130336,130227,12
130337,130230,11
130338,130230,15
130339,130231,14
130340,130231,13
130341,130232,13
130342,130232,13
130343,130233,15
130344,130235,14
130345,130235,15
130346,130237,14
130347,130239,15
130348,130240,12
130349,130242,11
130350,130242,12
130351,130243,15
130352,130243,14
130353,130244,13
130354,130249,15
130355,130251,13
130356,130252,15
130357,130252,14
130358,130253,12
130359,130254,14
130360,130255,14
130361,130256,11
130362,130256,13
130363,130257,14
130364,130259,14
130365,130261,14
130366,130261,12
130367,130262,11
130368,130264,12
130369,130264,11
130370,130265,12
130371,130266,11
130372,130267,15
130373,130269,11
130374,130271,15
130375,130272,15
130376,130272,14
130377,130273,13
130378,130273,13
130379,130274,14
130380,130274,13
130381,130275,15
130382,130275,14
130383,130276,13
130384,130277,13
130385,130277,11
130386,130279,15
130387,130279,15
130388,130280,14
130389,130280,15
130390,130283,12
130391,130285,12
130392,130287,13
130393,130287,15
130394,130288,13
130395,130288,12
130396,130289,11
130397,130289,13
130398,130290,15
130399,130290,12
130400,130291,15
130401,130292,14
130402,130294,14
130403,130295,15
130404,130296,14
130405,130296,12
130406,130297,13
130407,130298,14
130408,130300,12
130409,130301,15
130410,130304,14
130411,130304,14
130412,130305,15
130413,130306,13
130414,130306,14
130415,130307,14
130416,130310,14
130417,130311,14
130418,130312,14
130419,130313,12
130420,130314,11
130421,130315,13
130422,130316,12
130423,130317,11
130424,130318,15
130425,130318,12
130426,130319,13
130427,130320,13
130428,130321,14
130429,130321,15
130430,130323,14
130431,130323,11
130432,130325,11
130433,130326,15
130434,130327,15
130435,130329,14
130436,130330,14
130437,130331,15
130438,130331,11
130439,130335,11
130440,130335,12
130441,130337,12
130442,130337,13
130443,130338,13
130444,130338,13
130445,130339,12
130446,130340,11
130447,130341,13
130448,130342,12
130449,130342,13
130450,130346,12
130451,130347,14
130452,130347,14
130453,130348,13
130454,130348,11
130455,130349,15
130456,130351,13
130457,130353,14
130458,130354,11
130459,130354,13
130460,130355,14
130461,130355,13
130462,130356,15
130463,130356,12
130464,130357,15
130465,130357,13
130466,130358,14
130467,130360,13
130468,130360,13
130469,130361,12
130470,130361,15
130471,130363,12
130472,130364,11
130473,130365,12
130474,130365,15
130475,130366,13
130476,130366,12
130477,130367,12
130478,130367,14
130479,130368,12
130480,130368,15
130481,130372,14
130482,130372,14
130483,130373,15
130484,130374,12
130485,130374,13
130486,130375,13
130487,130376,12
130488,130376,11
130489,130377,11
130490,130377,14
130491,130379,13
130492,130380,12
130493,130381,13
130494,130383,11
130495,130383,11
130496,130384,15
130497,130384,15
130498,130385,15
130499,130385,13
130500,130386,11
130501,130387,13
130502,130390,14
130503,130390,13
130504,130391,13
130505,130392,15
130506,130392,14
130507,130393,13
130508,130395,13
130509,130396,12
130510,130399,13
130511,130402,13
130512,130404,15
130513,130404,14
130514,130405,13
130515,130405,15
130516,130406,13
130517,130406,14
130518,130407,14
130519,130407,13
130520,130408,12
130521,130410,15
130522,130410,15
130523,130411,11
130524,130411,15
130525,130412,14
130526,130412,12
130527,130415,14
130528,130416,12
130529,130417,11
130530,130417,12
130531,130418,13
130532,130419,12
130533,130420,11
130534,130420,12
130535,130421,14
130536,130423,11
130537,130423,15
130538,130424,12
130539,130424,15
130540,130425,14
130541,130426,14
130542,130426,13
130543,130427,13
130544,130431,15
130545,130433,11
130546,130433,14
130547,130435,11
130548,130436,15
130549,130437,12
130550,130438,12
130551,130439,15
130552,130440,14
130553,130440,13
130554,130441,14
130555,130443,15
130556,130444,11
130557,130444,15
130558,130445,11
130559,130446,15
130560,130446,13
130561,130447,11
130562,130447,13
130563,130449,13
130564,130449,11
130565,130450,13
130566,130452,13
130567,130452,15
130568,130453,13
130569,130453,12
130570,130454,15
130571,130456,12
130572,130456,15
130573,130457,14
130574,130457,13
130575,130458,11
130576,130458,12
130577,130460,15
130578,130461,11
130579,130462,13
130580,130464,13
130581,130464,15
130582,130465,12
130583,130465,13
130584,130466,13
130585,130466,13
130586,130467,13
130587,130467,14
130588,130468,12
130589,130468,12
130590,130470,11
130591,130472,11
130592,130472,12
130593,130474,11
130594,130474,12
130595,130475,11
130596,130476,14
130597,130476,11
130598,130477,14
130599,130478,12
130600,130479,15
130601,130480,11
130602,130480,13
130603,130482,15
130604,130483,12
130605,130485,12
130606,130486,13
130607,130486,14
130608,130487,12
130609,130488,15
130610,130489,15
130611,130490,15
130612,130490,14
130613,130492,12
130614,130493,14
130615,130493,14
130616,130494,12
130617,130494,12
130618,130496,14
130619,130497,14
130620,130497,13
130621,130498,13
130622,130499,13
130623,130499,15
130624,130500,11
130625,130501,11
130626,130501,14
130627,130502,13
130628,130502,13
130629,130505,15
130630,130506,13
130631,130506,14
130632,130507,14
130633,130508,11
130634,130509,11
130635,130509,11
130636,130512,13
130637,130512,12
130638,130514,11
130639,130514,13
130640,130516,15
130641,130519,11
130642,130520,13
130643,130522,11
130644,130523,14
130645,130525,11
130646,130527,13
130647,130527,13
130648,130528,15
130649,130530,14
130650,130531,15
130651,130531,13
130652,130532,15
130653,130532,14
130654,130533,11
130655,130534,15
130656,130534,12
130657,130535,15
130658,130535,15
130659,130538,15
130660,130538,13
130661,130540,11
130662,130541,15
130663,130542,14
130664,130545,11
130665,130547,12
130666,130549,13
130667,130550,12
130668,130551,11
130669,130551,15
130670,130552,14
130671,130552,11
130672,130554,14
130673,130555,13
130674,130555,14
130675,130556,13
130676,130556,15
130677,130558,14
130678,130558,13
130679,130560,15
130680,130561,13
130681,130561,15
130682,130563,12
130683,130563,13
130684,130564,11
130685,130564,12
130686,130565,15
130687,130567,15
130688,130568,15
130689,130569,13
130690,130569,13
130691,130571,11
130692,130571,12
130693,130573,15
130694,130573,11
130695,130576,13
130696,130577,15
130697,130577,11
130698,130579,12
130699,130580,12
130700,130580,15
130701,130583,11
130702,130585,15
130703,130585,11
130704,130587,12
130705,130587,11
130706,130588,12
130707,130589,12
130708,130589,12
130709,130590,14
130710,130590,12
130711,130592,15
130712,130593,14
130713,130593,13
130714,130594,15
130715,130594,15
130716,130596,15
130717,130596,15
130718,130598,12
130719,130599,12
130720,130600,14
130721,130600,13
130722,130604,14
130723,130604,14
130724,130606,11
130725,130606,11
130726,130607,15
130727,130607,15
130728,130608,12
130729,130610,15
130730,130610,15
130731,130611,14
130732,130612,14
130733,130613,14
130734,130614,14
130735,130614,13
130736,130615,15
130737,130616,13
130738,130616,11
130739,130620,15
130740,130620,14
130741,130621,15
130742,130623,15
130743,130623,14
130744,130624,15
130745,130624,14
130746,130626,15
130747,130627,13
130748,130629,14
130749,130630,13
130750,130631,15
130751,130631,13
130752,130632,13
130753,130633,14
130754,130633,13
130755,130634,12
130756,130634,15
130757,130640,14
130758,130641,11
130759,130645,14
130760,130646,13
130761,130647,14
130762,130647,11
130763,130649,12
130764,130650,11
130765,130650,12
130766,130651,15
130767,130652,14
130768,130657,14
130769,130657,12
130770,130660,12
130771,130661,15
130772,130661,12
130773,130662,13
130774,130662,12
130775,130663,15
130776,130663,13
130777,130664,15
130778,130666,14
130779,130666,14
130780,130667,14
130781,130668,11
130782,130668,14
130783,130669,12
130784,130669,15
130785,130670,15
130786,130671,15
130787,130676,13
130788,130676,12
130789,130677,11
130790,130677,15
130791,130678,13
130792,130680,15
130793,130680,11
130794,130681,13
130795,130681,13
130796,130682,15
130797,130682,14
130798,130683,11
130799,130683,11
130800,130684,11
130801,130684,11
130802,130685,11
130803,130688,13
130804,130688,15
130805,130689,14
130806,130689,15
130807,130690,12
130808,130691,12
130809,130691,12
130810,130692,14
130811,130693,12
130812,130693,13
130813,130695,11
130814,130695,14
130815,130696,11
130816,130696,13
130817,130699,14
130818,130699,14
130819,130700,12
130820,130701,13
130821,130703,12
130822,130703,12
130823,130704,14
130824,130706,12
130825,130706,14
130826,130707,15
130827,130707,15
130828,130708,15
130829,130708,15
130830,130709,15
130831,130711,11
130832,130713,13
130833,130713,15
130834,130715,13
130835,130715,11
130836,130717,14
130837,130717,14
130838,130718,12
130839,130719,11
130840,130720,13
130841,130722,15
130842,130726,15
130843,130727,14
130844,130727,12
130845,130731,11
130846,130731,12
130847,130732,12
130848,130732,15
130849,130733,13
130850,130734,11
130851,130734,15
130852,130735,11
130853,130736,12
130854,130736,12
130855,130738,14
130856,130739,12
130857,130742,14
130858,130742,13
130859,130744,12
130860,130744,12
130861,130745,15
130862,130745,11
130863,130746,11
130864,130746,14
130865,130747,14
130866,130749,11
130867,130749,13
130868,130751,12
130869,130752,13
130870,130753,12
130871,130753,12
130872,130754,14
130873,130755,11
130874,130756,14
130875,130756,13
130876,130757,14
130877,130757,11
130878,130758,13
130879,130758,12
130880,130760,13
130881,130760,14
130882,130762,15
130883,130763,14
130884,130764,12
130885,130764,13
130886,130767,14
130887,130768,15
130888,130769,12
130889,130769,12
130890,130770,12
130891,130771,15
130892,130771,15
130893,130773,15
130894,130773,14
130895,130774,15
130896,130775,14
130897,130775,11
130898,130776,14
130899,130778,14
130900,130781,15
130901,130781,15
130902,130782,11
130903,130785,11
130904,130785,12
130905,130786,14
130906,130787,11
130907,130791,14
130908,130792,15
130909,130793,12
130910,130794,15
130911,130798,14
130912,130800,12
130913,130800,14
130914,130801,11
130915,130806,15
130916,130808,15
130917,130810,15
130918,130810,13
130919,130811,11
130920,130812,15
130921,130813,14
130922,130814,14
130923,130814,12
130924,130815,11
130925,130815,15
130926,130816,15
130927,130816,13
130928,130817,14
130929,130817,12
130930,130818,14
130931,130818,14
130932,130819,12
130933,130820,14
130934,130822,14
130935,130822,11
130936,130824,15
130937,130825,13
130938,130825,11
130939,130826,13
130940,130826,12
130941,130828,15
130942,130828,15
130943,130831,12
130944,130835,15
130945,130835,13
130946,130836,13
130947,130837,15
130948,130837,11
130949,130838,14
130950,130838,15
130951,130839,11
130952,130839,13
130953,130841,13
130954,130841,14
130955,130842,14
130956,130842,12
130957,130847,12
130958,130847,14
130959,130848,15
130960,130849,12
130961,130853,11
130962,130857,13
130963,130858,14
130964,130859,11
130965,130859,13
130966,130860,14
130967,130862,15
130968,130863,15
130969,130865,15
130970,130865,13
130971,130867,14
130972,130867,12
130973,130868,12
130974,130868,13
130975,130869,13
130976,130869,11
130977,130871,13
130978,130872,15
130979,130872,11
130980,130873,15
130981,130873,14
130982,130874,11
130983,130875,15
130984,130877,14
130985,130878,13
130986,130881,11
130987,130882,14
130988,130883,11
130989,130883,14
130990,130884,12
130991,130885,12
130992,130885,13
130993,130886,13
130994,130886,11
130995,130887,11
130996,130888,13
130997,130890,15
130998,130890,12
130999,130891,14
131000,130893,13
131001,130895,15
131002,130895,13
131003,130896,14
131004,130898,12
131005,130899,15
131006,130900,14
131007,130901,13
131008,130901,13
131009,130902,13
131010,130902,14
131011,130903,13
131012,130903,15
131013,130904,12
131014,130904,13
131015,130905,11
131016,130905,12
131017,130907,12
131018,130908,11
131019,130908,15
131020,130909,14
131021,130910,12
131022,130910,14
131023,130915,15
131024,130915,14
131025,130916,11
131026,130916,11
131027,130918,13
131028,130919,13
131029,130921,14
131030,130922,13
131031,130922,15
131032,130924,11
131033,130926,12
131034,130926,15
131035,130927,14
131036,130927,12
131037,130928,14
131038,130929,11
131039,130929,12
131040,130930,15
131041,130932,11
131042,130933,13
131043,130933,12
131044,130934,11
131045,130935,15
131046,130935,12
131047,130936,13
131048,130937,14
131049,130939,14
131050,130939,15
131051,130940,15
131052,130940,12
131053,130941,12
131054,130943,12
131055,130943,14
131056,130945,14
131057,130945,11
131058,130946,11
131059,130946,11
131060,130947,15
131061,130947,14
131062,130948,14
131063,130949,12
131064,130950,12
131065,130952,11
131066,130956,14
131067,130956,13
131068,130957,13
131069,130957,14
131070,130958,12
131071,130958,15
131072,130959,15
131073,130959,12
131074,130960,12
131075,130961,12
131076,130962,13
131077,130965,14
131078,130965,15
131079,130966,12
131080,130967,15
131081,130967,15
131082,130968,11
131083,130968,14
131084,130971,11
131085,130971,15
131086,130973,13
131087,130975,13
131088,130975,14
131089,130976,14
131090,130977,14
131091,130977,11
131092,130978,15
131093,130979,12
131094,130979,11
131095,130980,15
131096,130980,15
131097,130981,11
131098,130982,12
131099,130982,14
131100,130983,12
131101,130983,13
131102,130984,13
131103,130985,11
131104,130985,13
131105,130986,13
131106,130988,15
131107,130989,12
131108,130991,13
131109,130993,12
131110,130994,11
131111,130995,13
131112,130995,12
131113,130996,15
131114,130997,12
131115,130998,12
131116,131000,13
131117,131001,11
131118,131001,12
131119,131002,13
131120,131003,14
131121,131003,15
131122,131004,11
131123,131007,12
131124,131007,13
131125,131008,14
131126,131009,12
131127,131009,14
131128,131010,11
131129,131011,14
131130,131017,15
131131,131018,14
131132,131018,14
131133,131020,13
131134,131021,11
131135,131021,13
131136,131022,14
131137,131022,15
131138,131024,11
131139,131024,12
131140,131025,11
131141,131027,12
131142,131027,15
131143,131028,14
131144,131028,15
131145,131029,15
131146,131029,13
131147,131030,15
131148,131031,15
131149,131031,12
131150,131032,12
131151,131032,14
131152,131033,15
131153,131033,13
131154,131035,12
131155,131035,15
131156,131038,11
131157,131038,15
131158,131039,13
131159,131039,15
131160,131040,14
131161,131040,15
131162,131042,12
131163,131042,12
131164,131045,12
131165,131046,14
131166,131047,13
131167,131047,13
131168,131048,15
131169,131048,11
131170,131050,15
131171,131050,11
131172,131052,15
131173,131053,15
131174,131054,13
131175,131055,12
131176,131057,14
131177,131059,15
131178,131061,14
131179,131061,14
131180,131063,11
131181,131064,15
131182,131064,15
131183,131065,15
131184,131065,14
131185,131066,13
131186,131066,11
131187,131067,14
131188,131068,15
131189,131068,14
131190,131069,13
131191,131069,15
131192,131070,13
131193,131072,14
131194,131073,11
131195,131079,14
131196,131080,12
131197,131080,15
131198,131081,13
131199,131082,12
131200,131084,14
131201,131084,12
131202,131085,14
131203,131085,14
131204,131088,13
131205,131088,12
131206,131089,15
131207,131089,15
131208,131091,11
131209,131093,13
131210,131093,12
131211,131094,14
131212,131095,11
131213,131095,11
131214,131097,11
131215,131097,12
131216,131098,13
131217,131098,11
131218,131101,11
131219,131101,13
131220,131103,12
131221,131103,12
131222,131104,12
131223,131105,12
131224,131108,12
131225,131108,15
131226,131111,14
131227,131116,15
131228,131116,12
131229,131117,13
131230,131117,11
131231,131118,13
131232,131119,11
131233,131121,11
131234,131121,11
131235,131122,13
131236,131122,15
131237,131125,12
131238,131125,14
131239,131127,11
131240,131127,15
131241,131128,15
131242,131129,15
131243,131129,13
131244,131131,14
131245,131133,14
131246,131133,11
131247,131135,15
131248,131135,15
131249,131136,14
131250,131138,15
131251,131138,12
131252,131139,14
131253,131139,14
131254,131142,11
131255,131142,15
131256,131143,11
131257,131143,12
131258,131146,13
131259,131146,15
131260,131147,15
131261,131147,13
131262,131148,15
131263,131148,12
131264,131149,12
131265,131149,12
131266,131150,13
131267,131151,13
131268,131151,13
131269,131152,12
131270,131152,12
131271,131153,14
131272,131153,12
131273,131154,15
131274,131155,11
131275,131157,14
131276,131158,11
131277,131158,13
131278,131160,11
131279,131160,14
131280,131162,13
131281,131163,15
131282,131167,11
131283,131167,15
131284,131168,14
131285,131169,13
131286,131169,13
131287,131171,14
131288,131171,12
131289,131172,15
131290,131173,12
131291,131175,12
131292,131176,12
131293,131176,14
131294,131177,12
131295,131177,11
131296,131179,11
131297,131180,11
131298,131182,15
131299,131182,13
131300,131183,13
131301,131183,14
131302,131185,15
131303,131187,14
131304,131188,13
131305,131188,11
131306,131189,12
131307,131192,14
131308,131193,14
131309,131193,12
131310,131194,14
131311,131198,11
131312,131199,11
131313,131201,12
131314,131201,14
131315,131203,11
131316,131203,13
131317,131206,13
131318,131206,12
131319,131208,14
131320,131209,14
131321,131210,14
131322,131210,11
131323,131211,11
131324,131211,13
131325,131212,13
131326,131212,14
131327,131213,15
131328,131214,13
131329,131215,15
131330,131215,14
131331,131216,12
131332,131216,11
131333,131217,13
131334,131217,13
131335,131218,12
131336,131220,13
131337,131221,11
131338,131221,15
131339,131223,11
131340,131223,13
131341,131224,11
131342,131224,14
131343,131225,15
131344,131225,11
131345,131227,11
131346,131228,12
131347,131228,12
131348,131230,11
131349,131233,14
131350,131233,11
131351,131234,13
131352,131236,15
131353,131236,11
131354,131237,12
131355,131237,15
131356,131238,11
131357,131239,13
131358,131239,14
131359,131240,11
131360,131242,11
131361,131243,13
131362,131245,13
131363,131246,12
131364,131246,13
131365,131248,14
131366,131248,13
131367,131254,14
131368,131254,14
131369,131255,13
131370,131258,13
131371,131258,15
131372,131261,15
131373,131264,12
131374,131265,11
131375,131266,15
131376,131266,14
131377,131267,12
131378,131268,12
131379,131268,13
131380,131269,11
131381,131270,14
131382,131270,14
131383,131271,15
131384,131271,14
131385,131274,13
131386,131274,11
131387,131276,11
131388,131278,12
131389,131278,13
131390,131279,14
131391,131283,12
131392,131283,14
131393,131285,14
131394,131286,12
131395,131286,13
131396,131287,13
131397,131289,15
131398,131289,15
131399,131290,15
131400,131291,14
131401,131292,13
131402,131293,14
131403,131294,12
131404,131294,14
131405,131295,13
131406,131295,15
131407,131296,12
131408,131297,14
131409,131298,14
131410,131299,14
131411,131299,12
131412,131300,11
131413,131300,12
131414,131301,14
131415,131303,13
131416,131304,14
131417,131306,13
131418,131306,12
131419,131307,12
131420,131307,13
131421,131308,12
131422,131308,15
131423,131310,12
131424,131312,14
131425,131313,15
131426,131315,12
131427,131315,15
131428,131317,11
131429,131317,14
131430,131320,12
131431,131321,14
131432,131321,14
131433,131322,11
131434,131322,14
131435,131323,14
131436,131323,15
131437,131324,12
131438,131324,15
131439,131325,14
131440,131326,14
131441,131326,15
131442,131327,14
131443,131327,15
131444,131329,12
131445,131330,13
131446,131331,15
131447,131331,14
131448,131334,14
131449,131336,14
131450,131336,13
131451,131338,13
131452,131338,11
131453,131340,12
131454,131342,11
131455,131342,13
131456,131343,11
131457,131347,13
131458,131351,15
131459,131351,15
131460,131353,13
131461,131353,13
131462,131357,13
131463,131357,15
131464,131358,13
131465,131358,12
131466,131359,12
131467,131360,15
131468,131361,11
131469,131361,12
131470,131362,11
131471,131362,15
131472,131363,11
131473,131366,13
131474,131367,15
131475,131367,11
131476,131368,15
131477,131370,12
131478,131370,12
131479,131371,15
131480,131372,14
131481,131372,13
131482,131373,11
131483,131375,15
131484,131377,14
131485,131377,15
131486,131378,12
131487,131378,11
131488,131379,13
131489,131379,13
131490,131380,12
131491,131380,14
131492,131382,14
131493,131383,15
131494,131383,15
131495,131384,14
131496,131384,13
131497,131385,12
131498,131385,13
131499,131387,11
131500,131387,13
131501,131388,15
131502,131388,14
131503,131390,14
131504,131390,14
131505,131392,14
131506,131394,11
131507,131394,13
131508,131395,14
131509,131395,11
131510,131397,14
131511,131398,14
131512,131399,12
131513,131400,13
131514,131401,12
131515,131402,15
131516,131402,14
131517,131403,14
131518,131403,11
131519,131404,12
131520,131404,15
131521,131405,11
131522,131405,13
131523,131407,14
131524,131407,13
131525,131410,15
131526,131411,12
131527,131411,15
131528,131412,14
131529,131412,14
131530,131414,13
131531,131414,13
131532,131415,14
131533,131416,14
131534,131416,13
131535,131418,13
131536,131419,13
131537,131419,14
131538,131423,11
131539,131423,12
131540,131424,13
131541,131426,14
131542,131427,13
131543,131427,15
131544,131428,11
131545,131428,12
131546,131430,15
131547,131431,13
131548,131433,14
131549,131434,14
131550,131434,15
131551,131435,14
131552,131435,11
131553,131436,12
131554,131436,13
131555,131437,13
131556,131437,13
131557,131438,11
131558,131439,12
131559,131440,13
131560,131440,11
131561,131441,14
131562,131442,13
131563,131442,15
131564,131444,13
131565,131444,14
131566,131445,14
131567,131445,13
131568,131446,14
131569,131448,12
131570,131449,12
131571,131449,13
131572,131450,12
131573,131452,11
131574,131455,11
131575,131455,15
131576,131456,12
131577,131457,13
131578,131458,13
131579,131460,14
131580,131460,11
131581,131461,11
131582,131463,14
131583,131464,15
131584,131465,12
131585,131466,12
131586,131466,14
131587,131467,14
131588,131467,15
131589,131468,15
131590,131468,14
131591,131469,14
131592,131469,11
131593,131470,11
131594,131472,13
131595,131472,12
131596,131473,15
131597,131473,14
131598,131474,15
131599,131474,14
131600,131475,11
131601,131477,12
131602,131477,14
131603,131479,15
131604,131479,15
131605,131480,13
131606,131481,13
131607,131482,13
131608,131482,15
131609,131485,15
131610,131485,15
131611,131486,15
131612,131487,12
131613,131487,15
131614,131488,11
131615,131489,15
131616,131491,13
131617,131491,11
131618,131492,11
131619,131492,14
131620,131493,14
131621,131493,14
131622,131496,12
131623,131498,15
131624,131498,13
131625,131499,13
131626,131501,13
131627,131501,13
131628,131505,15
131629,131505,15
131630,131506,14
131631,131508,14
131632,131508,12
131633,131509,11
131634,131509,14
131635,131510,11
131636,131511,14
131637,131513,15
131638,131514,15
131639,131514,13
131640,131515,15
131641,131515,14
131642,131516,12
131643,131518,11
131644,131518,12
131645,131519,11
131646,131521,13
131647,131521,14
131648,131522,15
131649,131524,11
131650,131524,12
131651,131525,13
131652,131526,11
131653,131526,15
131654,131527,14
131655,131527,12
131656,131530,14
131657,131531,11
131658,131531,12
131659,131532,15
131660,131532,12
131661,131533,11
131662,131534,12
131663,131534,13
131664,131537,15
131665,131537,11
131666,131538,14
131667,131538,12
131668,131539,14
131669,131541,12
131670,131541,13
131671,131542,13
131672,131542,15
131673,131543,13
131674,131545,14
131675,131546,12
131676,131546,11
131677,131547,12
131678,131548,13
131679,131548,12
131680,131549,15
131681,131550,14
131682,131552,15
131683,131552,11
131684,131556,15
131685,131556,15
131686,131558,12
131687,131560,11
131688,131561,12
131689,131564,15
131690,131564,12
131691,131565,12
131692,131565,15
131693,131566,11
131694,131566,13
131695,131567,15
131696,131567,13
131697,131568,12
131698,131568,13
131699,131571,12
131700,131573,13
131701,131574,11
131702,131574,13
131703,131575,13
131704,131576,13
131705,131577,14
131706,131579,12
131707,131580,12
131708,131580,11
131709,131581,15
131710,131582,12
131711,131582,14
131712,131583,14
131713,131583,14
131714,131584,15
131715,131585,14
131716,131585,12
131717,131586,13
131718,131586,15
131719,131589,11
131720,131591,15
131721,131591,14
131722,131592,13
131723,131593,11
131724,131593,11
131725,131597,12
131726,131597,14
131727,131599,15
131728,131599,13
131729,131601,13
131730,131601,11
131731,131604,14
131732,131605,11
131733,131605,11
131734,131606,13
131735,131609,15
131736,131609,12
131737,131611,11
131738,131612,14
131739,131612,14
131740,131613,13
131741,131613,11
131742,131615,14
131743,131615,15
131744,131618,14
131745,131619,14
131746,131620,14
131747,131620,14
131748,131621,14
131749,131621,11
131750,131622,15
131751,131623,13
131752,131623,12
131753,131624,14
131754,131624,13
131755,131625,15
131756,131625,15
131757,131626,13
131758,131626,14
131759,131629,12
131760,131630,11
131761,131632,15
131762,131634,11
131763,131636,12
131764,131637,15
131765,131638,15
131766,131640,14
131767,131641,12
131768,131642,15
131769,131642,13
131770,131644,15
131771,131644,13
131772,131646,11
131773,131646,12
131774,131648,12
131775,131648,15
131776,131651,14
131777,131651,12
131778,131652,14
131779,131653,14
131780,131655,15
131781,131658,11
131782,131658,12
131783,131660,12
131784,131662,14
131785,131662,14
131786,131663,11
131787,131664,13
131788,131666,15
131789,131666,11
131790,131667,14
131791,131667,14
131792,131668,14
131793,131669,11
131794,131669,12
131795,131670,13
131796,131671,11
131797,131671,14
131798,131672,14
131799,131673,11
131800,131674,12
131801,131675,12
131802,131677,13
131803,131679,15
131804,131679,14
131805,131680,13
131806,131680,11
131807,131681,14
131808,131681,12
131809,131682,14
131810,131684,15
131811,131685,15
131812,131687,13
131813,131689,11
131814,131690,13
131815,131691,14
131816,131691,14
131817,131692,13
131818,131692,12
131819,131693,11
131820,131693,11
131821,131694,14
131822,131695,14
131823,131695,12
131824,131696,14
131825,131698,14
131826,131700,15
131827,131701,12
131828,131701,15
131829,131702,14
131830,131703,15
131831,131706,11
131832,131707,14
131833,131707,11
131834,131709,15
131835,131709,11
131836,131710,14
131837,131710,14
131838,131711,12
131839,131712,13
131840,131712,15
131841,131713,13
131842,131713,15
131843,131714,15
131844,131714,13
131845,131715,11
131846,131716,15
131847,131718,15
131848,131720,11
131849,131720,12
131850,131721,13
131851,131722,13
131852,131723,12
131853,131724,14
131854,131726,12
131855,131726,13
131856,131727,13
131857,131727,13
131858,131728,12
131859,131729,14
131860,131730,11
131861,131731,12
131862,131733,13
131863,131733,14
131864,131734,12
131865,131735,13
131866,131735,15
131867,131736,14
131868,131737,13
131869,131738,15
131870,131738,12
131871,131740,13
131872,131741,11
131873,131742,15
131874,131743,14
131875,131746,11
131876,131747,15
131877,131747,13
131878,131748,13
131879,131750,15
131880,131752,11
131881,131752,15
131882,131754,12
131883,131754,11
131884,131755,13
131885,131755,13
131886,131756,12
131887,131758,15
131888,131760,15
131889,131761,13
131890,131762,13
131891,131762,15
131892,131763,15
131893,131763,11
131894,131764,15
131895,131766,14
131896,131768,15
131897,131768,15
131898,131769,15
131899,131769,15
131900,131770,13
131901,131774,11
131902,131774,13
131903,131776,14
131904,131778,14
131905,131779,12
131906,131781,12
131907,131782,11
131908,131782,12
131909,131783,12
131910,131784,11
131911,131785,13
131912,131788,12
131913,131788,12
131914,131789,13
131915,131789,14
131916,131790,15
131917,131790,15
131918,131791,11
131919,131791,11
131920,131793,14
131921,131793,13
131922,131794,13
131923,131794,12
131924,131795,15
131925,131796,13
131926,131797,15
131927,131797,13
131928,131798,15
131929,131798,14
131930,131800,15
131931,131801,14
131932,131802,12
131933,131802,11
131934,131803,12
131935,131805,14
131936,131807,14
131937,131807,12
131938,131809,15
131939,131815,12
131940,131815,15
131941,131816,15
131942,131817,11
131943,131819,13
131944,131820,15
131945,131822,15
131946,131822,15
131947,131824,14
131948,131824,13
131949,131825,14
131950,131825,12
131951,131827,13
131952,131829,15
131953,131830,14
131954,131832,14
131955,131833,12
131956,131833,15
131957,131834,13
131958,131835,15
131959,131835,13
131960,131836,13
131961,131836,11
131962,131837,15
131963,131838,11
131964,131838,12
131965,131839,15
131966,131839,12
131967,131840,14
131968,131840,12
131969,131843,13
131970,131844,14
131971,131844,11
131972,131845,12
131973,131846,12
131974,131847,13
131975,131848,12
131976,131850,13
131977,131855,12
131978,131856,13
131979,131857,13
131980,131858,13
131981,131859,12
131982,131859,12
131983,131861,12
131984,131863,15
131985,131864,14
131986,131865,14
131987,131867,11
131988,131868,11
131989,131868,12
131990,131869,14
131991,131869,13
131992,131870,15
131993,131874,13
131994,131874,12
131995,131876,12
131996,131876,15
131997,131880,15
131998,131880,13
131999,131881,11
132000,131881,12
132001,131882,14
132002,131882,14
132003,131887,12
132004,131887,11
132005,131888,11
132006,131888,12
132007,131889,12
132008,131889,12
132009,131891,15
132010,131892,11
132011,131892,15
132012,131893,13
132013,131893,12
132014,131894,15
132015,131895,11
132016,131895,13
132017,131896,14
132018,131896,12
132019,131897,11
132020,131897,11
132021,131898,15
132022,131898,13
132023,131899,11
132024,131900,12
132025,131900,13
132026,131901,12
132027,131901,11
132028,131904,12
132029,131904,12
132030,131905,14
132031,131905,11
132032,131907,11
132033,131907,13
132034,131909,11
132035,131910,12
132036,131912,12
132037,131913,11
132038,131914,15
132039,131917,14
132040,131917,15
132041,131918,15
132042,131918,12
132043,131919,12
132044,131919,14
132045,131921,11
132046,131922,11
132047,131924,14
132048,131926,11
132049,131926,11
132050,131927,13
132051,131928,11
132052,131928,12
132053,131929,13
132054,131930,12
132055,131931,12
132056,131931,15
132057,131933,12
132058,131936,13
132059,131938,12
132060,131938,13
132061,131939,12
132062,131939,14
132063,131944,14
132064,131944,11
132065,131945,12
132066,131945,11
132067,131946,14
132068,131946,13
132069,131948,13
132070,131948,13
132071,131949,11
132072,131954,11
132073,131954,12
132074,131955,12
132075,131955,12
132076,131957,12
132077,131959,12
132078,131959,11
132079,131960,14
132080,131960,11
132081,131961,11
132082,131961,11
132083,131963,14
132084,131963,11
132085,131964,11
132086,131964,14
132087,131965,14
132088,131966,13
132089,131966,13
132090,131967,13
132091,131967,11
132092,131969,12
132093,131969,13
132094,131970,13
132095,131971,14
132096,131971,13
132097,131973,15
132098,131974,11
132099,131974,11
132100,131976,13
132101,131976,13
132102,131978,13
132103,131981,11
132104,131981,11
132105,131983,13
132106,131983,12
132107,131984,11
132108,131984,11
132109,131985,12
132110,131985,14
132111,131986,11
132112,131988,12
132113,131988,11
132114,131989,15
132115,131990,15
132116,131990,14
132117,131991,12
132118,131991,14
132119,131992,12
132120,131994,14
132121,131997,12
132122,131997,15
132123,132001,12
132124,132001,12
132125,132002,13
132126,132006,14
132127,132006,14
132128,132008,11
132129,132008,12
132130,132011,13
132131,132011,11
132132,132012,11
132133,132012,12
132134,132013,14
132135,132013,14
132136,132014,14
132137,132015,12
132138,132017,11
132139,132017,15
132140,132018,13
132141,132019,12
132142,132021,14
132143,132022,12
132144,132024,14
132145,132025,13
132146,132028,12
132147,132029,14
132148,132029,11
132149,132030,11
132150,132033,13
132151,132033,12
132152,132035,12
132153,132037,12
132154,132037,14
132155,132038,11
132156,132038,13
132157,132040,13
132158,132040,12
132159,132041,11
132160,132041,15
132161,132042,12
132162,132042,12
132163,132044,15
132164,132044,15
132165,132045,14
132166,132045,11
132167,132046,13
132168,132047,15
132169,132048,14
132170,132048,14
132171,132049,15
132172,132050,12
132173,132050,13
132174,132051,12
132175,132052,15
132176,132052,13
132177,132054,12
132178,132054,13
132179,132055,15
132180,132055,14
132181,132058,13
132182,132058,13
132183,132059,15
132184,132059,12
132185,132060,11
132186,132061,11
132187,132061,13
132188,132063,11
132189,132063,13
132190,132064,12
132191,132065,13
132192,132065,14
132193,132066,11
132194,132068,14
132195,132069,13
132196,132069,12
132197,132071,13
132198,132072,11
132199,132072,13
132200,132073,15
132201,132073,14
132202,132075,13
132203,132075,14
132204,132076,15
132205,132077,12
132206,132079,14
132207,132080,15
132208,132081,13
132209,132081,13
132210,132084,13
132211,132084,11
132212,132087,15
132213,132087,12
132214,132088,11
132215,132088,13
132216,132091,13
132217,132092,13
132218,132092,11
132219,132093,11
132220,132094,14
132221,132095,13
132222,132095,13
132223,132098,11
132224,132099,14
132225,132101,14
132226,132102,12
132227,132104,15
132228,132104,12
132229,132107,14
132230,132107,13
132231,132108,15
132232,132109,12
132233,132109,15
132234,132110,11
132235,132111,15
132236,132113,14
132237,132113,13
132238,132114,15
132239,132118,12
132240,132118,11
132241,132119,15
132242,132119,12
132243,132120,15
132244,132120,13
132245,132123,13
132246,132124,15
132247,132124,12
132248,132126,13
132249,132126,15
132250,132128,14
132251,132128,14
132252,132130,12
132253,132134,12
132254,132134,13
132255,132135,12
132256,132135,15
132257,132139,13
132258,132139,14
132259,132140,12
132260,132141,11
132261,132141,12
132262,132143,11
132263,132143,15
132264,132145,14
132265,132147,12
132266,132148,11
132267,132148,13
132268,132149,15
132269,132150,13
132270,132150,15
132271,132153,12
132272,132154,15
132273,132154,14
132274,132157,14
132275,132158,15
132276,132158,14
132277,132159,13
132278,132159,14
132279,132161,15
132280,132161,12
132281,132162,14
132282,132164,11
132283,132164,13
132284,132165,11
132285,132165,11
132286,132167,15
132287,132167,13
132288,132168,11
132289,132169,12
132290,132170,15
132291,132171,12
132292,132174,13
132293,132175,13
132294,132175,12
132295,132176,12
132296,132178,15
132297,132180,11
132298,132180,14
132299,132181,13
132300,132182,15
132301,132182,14
132302,132183,14
132303,132184,12
132304,132185,15
132305,132185,12
132306,132186,13
132307,132186,12
132308,132187,14
132309,132189,13
132310,132189,14
132311,132191,12
132312,132193,13
132313,132195,13
132314,132195,13
132315,132196,15
132316,132197,14
132317,132198,14
132318,132199,15
132319,132199,14
132320,132200,14
132321,132203,15
132322,132203,14
132323,132205,11
132324,132206,14
132325,132207,14
132326,132207,13
132327,132208,11
132328,132208,12
132329,132213,14
132330,132213,11
132331,132214,13
132332,132214,14
132333,132215,14
132334,132218,12
132335,132219,13
132336,132219,15
132337,132222,13
132338,132222,12
132339,132224,12
132340,132225,11
132341,132225,14
132342,132226,11
132343,132226,13
132344,132227,15
132345,132228,11
132346,132228,12
132347,132230,12
132348,132230,12
132349,132231,11
132350,132232,15
132351,132234,14
132352,132235,13
132353,132238,14
132354,132239,13
132355,132239,11
132356,132243,12
132357,132244,14
132358,132244,15
132359,132246,12
132360,132246,15
132361,132247,11
132362,132247,14
132363,132248,11
132364,132249,15
132365,132250,12
132366,132251,12
132367,132252,15
132368,132253,15
132369,132254,11
132370,132257,12
132371,132258,14
132372,132262,13
132373,132262,15
132374,132263,15
132375,132264,14
132376,132264,11
132377,132265,14
132378,132266,15
132379,132267,13
132380,132267,12
132381,132268,11
132382,132269,11
132383,132271,15
132384,132272,14
132385,132274,12
132386,132275,15
132387,132275,13
132388,132277,14
132389,132277,13
132390,132278,15
132391,132279,12
132392,132279,12
132393,132280,12
132394,132281,15
132395,132281,13
132396,132283,12
132397,132283,15
132398,132284,15
132399,132284,11
132400,132285,14
132401,132285,11
132402,132286,15
132403,132286,12
132404,132287,13
132405,132288,12
132406,132288,14
132407,132290,12
132408,132291,11
132409,132291,12
132410,132293,11
132411,132294,13
132412,132295,14
132413,132297,14
132414,132299,12
132415,132299,11
132416,132301,13
132417,132302,13
132418,132303,11
132419,132310,14
132420,132313,14
132421,132318,11
132422,132318,14
132423,132319,13
132424,132319,14
132425,132322,14
132426,132322,13
132427,132323,13
132428,132325,11
132429,132325,14
132430,132326,11
132431,132327,12
132432,132327,12
132433,132328,15
132434,132330,14
132435,132331,11
132436,132331,13
132437,132333,13
132438,132334,14
132439,132335,12
132440,132336,11
132441,132337,12
132442,132337,12
132443,132338,13
132444,132339,15
132445,132340,15
132446,132340,15
132447,132341,13
132448,132341,15
132449,132342,15
132450,132343,13
132451,132343,13
132452,132345,13
132453,132348,12
132454,132348,13
132455,132349,12
132456,132350,14
132457,132350,12
132458,132351,12
132459,132351,13
132460,132352,11
132461,132353,13
132462,132353,15
132463,132356,11
132464,132361,14
132465,132362,13
132466,132362,13
132467,132363,15
132468,132364,13
132469,132366,15
132470,132367,14
132471,132369,14
132472,132370,15
132473,132370,13
132474,132371,12
132475,132372,15
132476,132373,13
132477,132373,13
132478,132376,11
132479,132378,12
132480,132379,14
132481,132382,12
132482,132385,14
132483,132386,14
132484,132388,14
132485,132389,12
132486,132390,15
132487,132391,12
132488,132391,12
132489,132392,12
132490,132392,15
132491,132395,13
132492,132397,11
132493,132397,13
132494,132398,15
132495,132398,12
132496,132400,14
132497,132400,15
132498,132401,12
132499,132401,13
132500,132402,11
132501,132403,11
132502,132404,14
132503,132408,12
132504,132408,15
132505,132409,14
132506,132410,11
132507,132412,11
132508,132412,15
132509,132413,14
132510,132414,14
132511,132414,12
132512,132415,14
132513,132415,15
132514,132416,13
132515,132416,15
132516,132418,13
132517,132419,12
132518,132422,12
132519,132423,14
132520,132424,13
132521,132424,13
132522,132425,15
132523,132427,15
132524,132427,11
132525,132428,15
132526,132432,11
132527,132432,14
132528,132433,15
132529,132434,11
132530,132434,14
132531,132435,14
132532,132435,12
132533,132436,11
132534,132437,12
132535,132437,11
132536,132438,13
132537,132438,15
132538,132440,14
132539,132440,13
132540,132441,12
132541,132441,13
132542,132442,15
132543,132442,12
132544,132444,12
132545,132444,13
132546,132445,14
132547,132446,15
132548,132447,13
132549,132448,11
132550,132450,14
132551,132450,11
132552,132451,11
132553,132451,13
132554,132452,14
132555,132454,11
132556,132457,13
132557,132458,14
132558,132461,14
132559,132461,13
132560,132465,13
132561,132466,11
132562,132467,13
132563,132467,11
132564,132472,12
132565,132474,15
132566,132474,13
132567,132476,15
132568,132477,12
132569,132478,15
132570,132479,15
132571,132480,12
132572,132481,13
132573,132484,12
132574,132484,11
132575,132486,14
132576,132487,12
132577,132487,14
132578,132489,11
132579,132490,11
132580,132491,11
132581,132492,15
132582,132492,13
132583,132493,12
132584,132496,11
132585,132497,12
132586,132497,15
132587,132499,12
132588,132499,15
132589,132500,11
132590,132500,11
132591,132502,15
132592,132502,11
132593,132503,15
132594,132503,12
132595,132506,14
132596,132506,13
132597,132507,13
132598,132509,12
132599,132510,14
132600,132510,13
132601,132511,11
132602,132512,14
132603,132513,15
132604,132514,11
132605,132515,14
132606,132515,11
132607,132516,12
132608,132516,12
132609,132518,13
132610,132522,12
132611,132523,11
132612,132523,12
132613,132525,14
132614,132525,13
132615,132526,11
132616,132526,12
132617,132527,14
132618,132527,14
132619,132529,12
132620,132529,14
132621,132530,11
132622,132531,14
132623,132531,11
132624,132533,12
132625,132533,14
132626,132534,14
132627,132535,11
132628,132535,11
132629,132536,13
132630,132537,12
132631,132539,13
132632,132541,15
132633,132541,13
132634,132542,11
132635,132542,15
132636,132543,14
132637,132544,11
132638,132544,13
132639,132545,13
132640,132546,14
132641,132547,15
132642,132548,11
132643,132549,13
132644,132549,15
132645,132551,13
132646,132553,15
132647,132554,15
132648,132555,14
132649,132557,14
132650,132558,14
132651,132558,11
132652,132560,12
132653,132560,12
132654,132561,13
132655,132561,11
132656,132562,12
132657,132563,12
132658,132564,11
132659,132565,14
132660,132566,13
132661,132567,12
132662,132567,14
132663,132568,11
132664,132568,12
132665,132569,12
132666,132570,15
132667,132572,14
132668,132574,12
132669,132575,15
132670,132575,14
132671,132576,13
132672,132576,14
132673,132577,12
132674,132577,15
132675,132578,11
132676,132578,13
132677,132579,14
132678,132579,12
132679,132580,11
132680,132581,11
132681,132581,12
132682,132582,11
132683,132582,12
132684,132585,12
132685,132586,11
132686,132587,12
132687,132587,12
132688,132588,15
132689,132588,15
132690,132590,11
132691,132591,13
132692,132591,13
132693,132593,12
132694,132595,14
132695,132596,11
132696,132596,15
132697,132597,11
132698,132597,14
132699,132599,15
132700,132600,15
132701,132601,12
132702,132603,11
132703,132605,11
132704,132606,15
132705,132606,11
132706,132607,15
132707,132608,13
132708,132609,11
132709,132612,11
132710,132613,15
132711,132614,15
132712,132616,12
132713,132616,11
132714,132618,11
132715,132619,12
132716,132620,12
132717,132620,11
132718,132623,12
132719,132625,13
132720,132625,14
132721,132627,12
132722,132627,13
132723,132628,12
132724,132629,14
132725,132629,11
132726,132630,11
132727,132630,11
132728,132634,11
132729,132634,13
132730,132638,14
132731,132640,15
132732,132641,11
132733,132642,13
132734,132642,12
132735,132644,14
132736,132645,13
132737,132645,11
132738,132646,13
132739,132647,11
132740,132647,13
132741,132648,13
132742,132648,12
132743,132650,12
132744,132650,15
132745,132652,15
132746,132653,13
132747,132654,14
132748,132657,13
132749,132660,14
132750,132660,13
132751,132661,11
132752,132663,12
132753,132663,14
132754,132665,11
132755,132665,13
132756,132666,11
132757,132666,14
132758,132668,11
132759,132669,12
132760,132669,13
132761,132670,14
132762,132670,14
132763,132672,15
132764,132674,15
132765,132674,14
132766,132677,15
132767,132677,15
132768,132678,15
132769,132678,15
132770,132679,14
132771,132680,11
132772,132682,14
132773,132682,15
132774,132683,13
132775,132685,14
132776,132685,15
132777,132687,14
132778,132688,13
132779,132690,15
132780,132691,15
132781,132691,12
132782,132692,15
132783,132694,11
132784,132694,13
132785,132695,15
132786,132697,14
132787,132701,15
132788,132703,13
132789,132703,13
132790,132704,12
132791,132707,12
132792,132707,11
132793,132708,13
132794,132708,12
132795,132710,12
132796,132710,15
132797,132711,15
132798,132711,13
132799,132712,13
132800,132712,15
132801,132713,14
132802,132713,14
132803,132714,12
132804,132717,11
132805,132717,12
132806,132718,15
132807,132718,15
132808,132719,14
132809,132720,14
132810,132721,15
132811,132723,14
132812,132723,14
132813,132724,13
132814,132725,11
132815,132725,11
132816,132726,14
132817,132729,12
132818,132730,11
132819,132730,15
132820,132731,12
132821,132734,14
132822,132734,12
132823,132736,11
132824,132737,13
132825,132738,11
132826,132739,15
132827,132740,14
132828,132741,13
132829,132741,11
132830,132743,12
132831,132744,14
132832,132745,14
132833,132746,14
132834,132746,13
132835,132747,12
132836,132747,15
132837,132748,14
132838,132750,13
132839,132750,14
132840,132751,11
132841,132753,15
132842,132753,11
132843,132754,12
132844,132754,15
132845,132755,12
132846,132755,13
132847,132756,13
132848,132756,13
132849,132758,11
132850,132758,13
132851,132760,11
132852,132760,15
132853,132761,11
132854,132762,14
132855,132762,15
132856,132763,14
132857,132764,13
132858,132764,14
132859,132766,13
132860,132766,12
132861,132767,15
132862,132767,15
132863,132768,12
132864,132768,13
132865,132771,13
132866,132771,13
132867,132772,14
132868,132772,15
132869,132774,12
132870,132774,12
132871,132775,13
132872,132775,11
132873,132776,15
132874,132777,13
132875,132777,11
132876,132778,14
132877,132780,15
132878,132780,14
132879,132781,15
132880,132783,14
132881,132783,13
132882,132784,15
132883,132785,13
132884,132785,13
132885,132786,15
132886,132786,11
132887,132787,11
132888,132790,13
132889,132792,15
132890,132792,12
132891,132793,11
132892,132795,13
132893,132795,12
132894,132798,15
132895,132799,13
132896,132800,15
132897,132801,15
132898,132801,15
132899,132805,14
132900,132805,13
132901,132808,11
132902,132809,13
132903,132809,13
132904,132811,14
132905,132812,13
132906,132814,14
132907,132815,13
132908,132815,15
132909,132816,12
132910,132817,12
132911,132818,11
132912,132819,11
132913,132820,14
132914,132820,14
132915,132821,15
132916,132823,12
132917,132823,13
132918,132825,14
132919,132827,11
132920,132829,11
132921,132829,14
132922,132830,15
132923,132832,13
132924,132832,14
132925,132834,11
132926,132835,11
132927,132836,11
132928,132837,12
132929,132838,14
132930,132839,12
132931,132841,11
132932,132841,15
132933,132844,13
132934,132845,11
132935,132846,14
132936,132847,14
132937,132848,14
132938,132848,15
132939,132849,14
132940,132851,15
132941,132851,15
132942,132852,15
132943,132852,14
132944,132853,13
132945,132853,13
132946,132855,12
132947,132861,14
132948,132861,11
132949,132864,11
132950,132865,14
132951,132867,11
132952,132869,12
132953,132869,12
132954,132870,15
132955,132870,15
132956,132871,12
132957,132871,13
132958,132872,12
132959,132873,15
132960,132873,12
132961,132874,12
132962,132874,13
132963,132876,13
132964,132876,14
132965,132877,15
132966,132877,13
132967,132878,11
132968,132880,13
132969,132880,13
132970,132882,14
132971,132883,13
132972,132883,12
132973,132884,15
132974,132884,15
132975,132887,15
132976,132888,11
132977,132888,13
132978,132890,11
132979,132890,13
132980,132891,11
132981,132891,11
132982,132892,15
132983,132893,12
132984,132893,15
132985,132895,15
132986,132895,15
132987,132896,13
132988,132896,11
132989,132897,14
132990,132897,11
132991,132898,14
132992,132898,13
132993,132901,13
132994,132904,15
132995,132904,11
132996,132905,15
132997,132905,14
132998,132906,14
132999,132909,11
133000,132910,14
133001,132911,13
133002,132911,14
133003,132913,15
133004,132914,13
133005,132914,14
133006,132915,14
133007,132915,12
133008,132916,12
133009,132917,11
133010,132917,11
133011,132918,14
133012,132918,15
133013,132919,11
133014,132919,15
133015,132921,13
133016,132923,15
133017,132925,15
133018,132927,15
133019,132927,12
133020,132929,11
133021,132929,12
133022,132930,13
133023,132930,11
133024,132931,11
133025,132932,13
133026,132934,13
133027,132936,15
133028,132936,12
133029,132937,13
133030,132937,11
133031,132939,12
133032,132940,12
133033,132940,15
133034,132941,15
133035,132941,15
133036,132942,11
133037,132943,15
133038,132944,14
133039,132945,11
133040,132946,15
133041,132948,15
133042,132948,14
133043,132949,13
133044,132949,11
133045,132950,11
133046,132950,13
133047,132952,14
133048,132952,11
133049,132953,14
133050,132956,14
133051,132958,12
133052,132958,11
133053,132960,12
133054,132960,11
133055,132961,13
133056,132962,12
133057,132962,12
133058,132963,11
133059,132963,12
133060,132965,15
133061,132965,12
133062,132966,12
133063,132966,11
133064,132968,11
133065,132969,15
133066,132969,12
133067,132970,13
133068,132970,14
133069,132971,11
133070,132973,12
133071,132975,11
133072,132975,11
133073,132976,11
133074,132976,14
133075,132978,13
133076,132978,15
133077,132979,12
133078,132979,12
133079,132983,15
133080,132984,13
133081,132984,13
133082,132985,12
133083,132986,14
133084,132987,15
133085,132988,11
133086,132988,11
133087,132989,13
133088,132991,15
133089,132992,13
133090,132992,12
133091,132993,14
133092,132993,12
133093,132994,12
133094,132997,11
133095,132998,13
133096,132999,12
133097,132999,12
133098,133000,13
133099,133000,14
133100,133001,11
133101,133001,12
133102,133002,14
133103,133002,11
133104,133003,15
133105,133003,12
133106,133006,15
133107,133006,12
133108,133007,12
133109,133007,13
133110,133010,12
133111,133011,15
133112,133011,13
133113,133012,11
133114,133012,13
133115,133016,12
133116,133017,12
133117,133017,14
133118,133018,12
133119,133019,15
133120,133019,12
133121,133022,14
133122,133022,14
133123,133026,14
133124,133028,12
133125,133028,11
133126,133029,14
133127,133030,14
133128,133030,13
133129,133031,15
133130,133031,14
133131,133032,14
133132,133033,13
133133,133033,15
133134,133034,13
133135,133035,14
133136,133035,15
133137,133036,12
133138,133036,13
133139,133037,15
133140,133041,13
133141,133041,15
133142,133044,13
133143,133045,11
133144,133045,11
133145,133046,15
133146,133047,12
133147,133048,11
133148,133050,15
133149,133050,13
133150,133051,13
133151,133053,12
133152,133057,13
133153,133058,15
133154,133060,11
133155,133060,11
133156,133061,15
133157,133061,12
133158,133062,13
133159,133063,14
133160,133065,12
133161,133065,12
133162,133066,13
133163,133066,11
133164,133067,12
133165,133067,15
133166,133068,13
133167,133068,12
133168,133071,15
133169,133072,15
133170,133073,13
133171,133073,13
133172,133075,12
133173,133077,11
133174,133077,14
133175,133078,15
133176,133078,15
133177,133079,12
133178,133081,13
133179,133081,13
133180,133082,12
133181,133084,11
133182,133084,15
133183,133086,11
133184,133086,11
133185,133088,13
133186,133088,11
133187,133091,12
133188,133099,13
133189,133099,12
133190,133100,12
133191,133102,11
133192,133104,15
133193,133109,13
133194,133110,15
133195,133111,12
133196,133112,15
133197,133113,11
133198,133114,11
133199,133114,15
133200,133115,15
133201,133115,12
133202,133116,14
133203,133117,13
133204,133117,11
133205,133118,15
133206,133118,14
133207,133120,15
133208,133120,13
133209,133122,11
133210,133122,14
133211,133123,14
133212,133125,11
133213,133126,13
133214,133126,14
133215,133129,13
133216,133129,12
133217,133130,12
133218,133131,15
133219,133131,15
133220,133132,12
133221,133132,15
133222,133133,14
133223,133134,12
133224,133135,11
133225,133135,15
133226,133138,15
133227,133138,12
133228,133139,12
133229,133140,11
133230,133141,12
133231,133141,12
133232,133142,13
133233,133142,15
133234,133143,11
133235,133144,15
133236,133145,11
133237,133148,11
133238,133148,14
133239,133149,15
133240,133149,12
133241,133150,15
133242,133150,15
133243,133151,13
133244,133151,12
133245,133154,14
133246,133155,14
133247,133155,13
133248,133157,15
133249,133160,14
133250,133160,15
133251,133164,12
133252,133165,11
133253,133165,11
133254,133166,11
133255,133166,13
133256,133167,11
133257,133167,11
133258,133168,14
133259,133171,13
133260,133172,14
133261,133176,14
133262,133176,14
133263,133177,15
133264,133178,13
133265,133178,15
133266,133179,13
133267,133181,14
133268,133181,14
133269,133182,15
133270,133184,13
133271,133184,11
133272,133185,11
133273,133186,13
133274,133188,12
133275,133188,12
133276,133191,15
133277,133191,11
133278,133192,13
133279,133192,15
133280,133193,13
133281,133193,12
133282,133194,14
133283,133195,15
133284,133196,14
133285,133196,12
133286,133197,12
133287,133198,14
133288,133198,11
133289,133199,14
133290,133199,11
133291,133202,11
133292,133202,12
133293,133203,15
133294,133204,13
133295,133207,12
133296,133208,12
133297,133208,12
133298,133211,13
133299,133211,13
133300,133212,15
133301,133214,11
133302,133214,11
133303,133215,13
133304,133215,13
133305,133216,11
133306,133218,15
133307,133219,15
133308,133220,13
133309,133220,11
133310,133223,12
133311,133224,12
133312,133225,15
133313,133225,11
133314,133226,13
133315,133227,13
133316,133227,12
133317,133228,14
133318,133229,15
133319,133234,14
133320,133234,14
133321,133235,13
133322,133235,11
133323,133237,13
133324,133238,11
133325,133240,12
133326,133240,15
133327,133241,12
133328,133241,12
133329,133242,11
133330,133242,11
133331,133243,11
133332,133243,12
133333,133244,13
133334,133245,12
133335,133246,14
133336,133246,11
133337,133247,15
133338,133247,14
133339,133251,14
133340,133251,13
133341,133255,11
133342,133258,13
133343,133259,11
133344,133259,12
133345,133260,14
133346,133260,12
133347,133261,15
133348,133262,15
133349,133262,14
133350,133263,14
133351,133264,14
133352,133264,15
133353,133265,11
133354,133265,13
133355,133266,12
133356,133267,14
133357,133268,13
133358,133270,14
133359,133270,12
133360,133272,12
133361,133274,14
133362,133274,14
133363,133277,13
133364,133277,14
133365,133278,13
133366,133278,14
133367,133279,11
133368,133279,11
133369,133281,15
133370,133281,11
133371,133282,15
133372,133284,12
133373,133284,11
133374,133287,14
133375,133287,13
133376,133288,14
133377,133288,15
133378,133291,15
133379,133292,15
133380,133293,12
133381,133293,11
133382,133295,12
133383,133295,14
133384,133296,13
133385,133297,11
133386,133298,14
133387,133298,14
133388,133299,13
133389,133299,11
133390,133300,14
133391,133301,15
133392,133302,12
133393,133302,15
133394,133303,12
133395,133304,15
133396,133305,14
133397,133305,15
133398,133306,14
133399,133306,12
133400,133307,12
133401,133307,14
133402,133308,11
133403,133308,14
133404,133310,11
133405,133311,11
133406,133311,12
133407,133312,12
133408,133312,11
133409,133313,11
133410,133314,11
133411,133315,15
133412,133316,12
133413,133320,11
133414,133320,12
133415,133321,15
133416,133322,12
133417,133324,14
133418,133325,13
133419,133325,13
133420,133326,14
133421,133326,11
133422,133327,11
133423,133328,12
133424,133328,12
133425,133334,12
133426,133334,15
133427,133336,15
133428,133336,11
133429,133337,15
133430,133338,15
133431,133339,14
133432,133340,15
133433,133340,14
133434,133344,13
133435,133344,15
133436,133345,12
133437,133346,11
133438,133347,14
133439,133347,14
133440,133348,13
133441,133349,12
133442,133350,14
133443,133350,11
133444,133352,14
133445,133353,14
133446,133354,15
133447,133354,12
133448,133355,11
133449,133355,15
133450,133357,14
133451,133357,13
133452,133358,12
133453,133358,15
133454,133360,12
133455,133360,13
133456,133361,15
133457,133361,11
133458,133363,12
133459,133363,12
133460,133365,14
133461,133365,15
133462,133366,15
133463,133367,13
133464,133368,14
133465,133368,12
133466,133369,13
133467,133370,15
133468,133370,11
133469,133371,11
133470,133371,12
133471,133373,11
133472,133373,12
133473,133374,14
133474,133375,12
133475,133375,11
133476,133376,12
133477,133377,12
133478,133381,14
133479,133382,14
133480,133382,13
133481,133383,13
133482,133384,14
133483,133384,15
133484,133385,12
133485,133390,13
133486,133390,11
133487,133391,13
133488,133391,11
133489,133398,15
133490,133399,11
133491,133401,11
133492,133403,14
133493,133403,15
133494,133404,11
133495,133404,13
133496,133405,12
133497,133406,14
133498,133406,12
133499,133408,14
133500,133409,14
133501,133410,14
133502,133411,15
133503,133413,14
133504,133414,14
133505,133415,13
133506,133415,13
133507,133417,15
133508,133418,13
133509,133418,15
133510,133420,15
133511,133422,11
133512,133422,13
133513,133423,15
133514,133424,15
133515,133425,12
133516,133425,14
133517,133426,14
133518,133426,11
133519,133427,11
133520,133427,12
133521,133428,13
133522,133428,13
133523,133431,12
133524,133431,11
133525,133432,13
133526,133432,15
133527,133433,11
133528,133433,15
133529,133434,12
133530,133435,14
133531,133436,14
133532,133436,11
133533,133437,15
133534,133438,14
133535,133439,11
133536,133439,15
133537,133440,12
133538,133443,15
133539,133443,11
133540,133445,11
133541,133445,12
133542,133447,14
133543,133448,13
133544,133449,11
133545,133449,13
133546,133452,11
133547,133452,13
133548,133453,14
133549,133453,12
133550,133455,12
133551,133456,13
133552,133456,14
133553,133457,12
133554,133457,11
133555,133458,14
133556,133458,11
133557,133459,11
133558,133459,15
133559,133460,13
133560,133462,12
133561,133463,15
133562,133463,13
133563,133465,12
133564,133465,15
133565,133466,14
133566,133466,11
133567,133468,11
133568,133469,13
133569,133471,11
133570,133471,14
133571,133472,14
133572,133472,15
133573,133473,11
133574,133474,13
133575,133474,11
133576,133475,13
133577,133476,13
133578,133476,13
133579,133479,13
133580,133480,15
133581,133480,13
133582,133481,15
133583,133481,12
133584,133482,11
133585,133482,14
133586,133483,15
133587,133484,13
133588,133484,15
133589,133485,15
133590,133485,14
133591,133486,12
133592,133487,14
133593,133488,14
133594,133489,11
133595,133489,14
133596,133491,15
133597,133491,11
133598,133493,15
133599,133494,11
133600,133496,15
133601,133497,11
133602,133499,15
133603,133499,12
133604,133500,15
133605,133504,11
133606,133504,12
133607,133505,11
133608,133505,15
133609,133507,11
133610,133507,13
133611,133509,12
133612,133509,11
133613,133510,15
133614,133510,12
133615,133512,14
133616,133512,15
133617,133515,12
133618,133516,15
133619,133516,15
133620,133517,14
133621,133518,12
133622,133519,12
133623,133520,12
133624,133520,14
133625,133521,15
133626,133521,12
133627,133522,13
133628,133523,14
133629,133523,12
133630,133524,11
133631,133524,12
133632,133525,12
133633,133526,13
133634,133526,12
133635,133527,14
133636,133527,15
133637,133528,12
133638,133528,14
133639,133529,12
133640,133530,15
133641,133531,13
133642,133531,14
133643,133533,12
133644,133533,13
133645,133534,15
133646,133536,14
133647,133536,14
133648,133537,12
133649,133537,11
133650,133538,11
133651,133538,14
133652,133539,15
133653,133540,14
133654,133541,12
133655,133541,15
133656,133543,14
133657,133544,14
133658,133544,14
133659,133545,12
133660,133546,14
133661,133550,14
133662,133551,14
133663,133551,13
133664,133552,11
133665,133552,13
133666,133553,12
133667,133553,12
133668,133556,14
133669,133558,11
133670,133559,14
133671,133559,12
133672,133560,14
133673,133560,11
133674,133562,12
133675,133562,11
133676,133566,15
133677,133567,14
133678,133567,13
133679,133569,14
133680,133571,14
133681,133571,15
133682,133572,14
133683,133574,13
133684,133574,14
133685,133575,12
133686,133576,13
133687,133576,15
133688,133577,11
133689,133579,13
133690,133580,15
133691,133580,11
133692,133581,11
133693,133583,13
133694,133583,11
133695,133585,15
133696,133586,11
133697,133586,15
133698,133587,15
133699,133587,14
133700,133590,15
133701,133590,13
133702,133591,13
133703,133592,11
133704,133592,11
133705,133593,12
133706,133594,14
133707,133595,11
133708,133595,15
133709,133596,11
133710,133597,12
133711,133597,15
133712,133600,12
133713,133600,13
133714,133601,15
133715,133602,11
133716,133603,12
133717,133605,13
133718,133606,13
133719,133607,15
133720,133607,12
133721,133608,12
133722,133609,12
133723,133610,13
133724,133612,12
133725,133612,11
133726,133613,14
133727,133613,12
133728,133615,11
133729,133615,13
133730,133616,11
133731,133616,12
133732,133617,12
133733,133620,12
133734,133623,15
133735,133623,15
133736,133624,15
133737,133624,12
133738,133625,14
133739,133625,11
133740,133628,15
133741,133628,13
133742,133631,11
133743,133631,13
133744,133632,11
133745,133632,14
133746,133633,12
133747,133633,13
133748,133634,11
133749,133634,11
133750,133639,12
133751,133639,11
133752,133641,13
133753,133641,14
133754,133644,12
133755,133644,13
133756,133647,15
133757,133649,11
133758,133650,12
133759,133652,14
133760,133654,15
133761,133655,14
133762,133656,14
133763,133659,11
133764,133659,13
133765,133661,15
133766,133662,13
133767,133664,15
133768,133664,12
133769,133665,15
133770,133666,14
133771,133666,15
133772,133667,11
133773,133667,11
133774,133668,15
133775,133668,12
133776,133669,12
133777,133670,11
133778,133672,13
133779,133673,15
133780,133676,14
133781,133677,11
133782,133677,14
133783,133678,15
133784,133678,15
133785,133680,15
133786,133680,11
133787,133681,12
133788,133685,12
133789,133686,14
133790,133686,13
133791,133689,13
133792,133689,12
133793,133690,12
133794,133690,12
133795,133693,12
133796,133696,14
133797,133697,14
133798,133697,15
133799,133699,12
133800,133700,11
133801,133700,12
133802,133701,11
133803,133702,13
133804,133702,14
133805,133704,12
133806,133705,11
133807,133709,11
133808,133710,15
133809,133711,11
133810,133711,11
133811,133712,11
133812,133712,15
133813,133713,14
133814,133714,12
133815,133714,14
133816,133715,11
133817,133715,15
133818,133716,14
133819,133717,12
133820,133717,13
133821,133722,14
133822,133722,12
133823,133723,15
133824,133723,15
133825,133726,14
133826,133729,11
133827,133730,13
133828,133733,11
133829,133733,11
133830,133734,12
133831,133734,12
133832,133735,15
133833,133736,11
133834,133737,14
133835,133739,14
133836,133739,13
133837,133741,15
133838,133742,14
133839,133749,15
133840,133750,15
133841,133750,12
133842,133751,15
133843,133751,12
133844,133752,13
133845,133752,14
133846,133753,11
133847,133753,15
133848,133754,13
133849,133755,14
133850,133755,14
133851,133756,11
133852,133757,11
133853,133758,13
133854,133759,12
133855,133760,11
133856,133760,15
133857,133761,15
133858,133761,15
133859,133763,11
133860,133763,13
133861,133764,13
133862,133764,11
133863,133765,12
133864,133765,15
133865,133767,15
133866,133768,13
133867,133769,12
133868,133770,12
133869,133772,15
133870,133772,13
133871,133773,15
133872,133773,15
133873,133775,15
133874,133777,13
133875,133778,12
133876,133779,14
133877,133780,14
133878,133780,15
133879,133781,14
133880,133781,11
133881,133782,11
133882,133783,14
133883,133783,14
133884,133786,12
133885,133787,12
133886,133787,14
133887,133791,15
133888,133791,13
133889,133792,15
133890,133794,13
133891,133795,12
133892,133797,13
133893,133799,15
133894,133803,15
133895,133803,12
133896,133804,14
133897,133804,13
133898,133806,14
133899,133806,14
133900,133808,15
133901,133808,14
133902,133809,14
133903,133810,12
133904,133813,15
133905,133813,14
133906,133814,15
133907,133816,15
133908,133816,13
133909,133817,15
133910,133817,15
133911,133818,12
133912,133819,13
133913,133820,11
133914,133820,14
133915,133821,12
133916,133821,11
133917,133823,14
133918,133824,15
133919,133827,15
133920,133827,13
133921,133830,14
133922,133830,15
133923,133832,13
133924,133832,13
133925,133833,14
133926,133833,12
133927,133834,15
133928,133836,13
133929,133836,12
133930,133840,11
133931,133840,14
133932,133841,12
133933,133841,15
133934,133842,12
133935,133842,13
133936,133844,13
133937,133845,15
133938,133845,13
133939,133847,11
133940,133848,13
133941,133856,11
133942,133856,11
133943,133857,11
133944,133857,13
133945,133858,14
133946,133859,12
133947,133859,12
133948,133860,15
133949,133862,14
133950,133863,13
133951,133863,15
133952,133864,12
133953,133865,14
133954,133865,15
133955,133866,13
133956,133866,14
133957,133867,13
133958,133871,12
133959,133871,13
133960,133872,14
133961,133872,11
133962,133873,14
133963,133874,12
133964,133874,15
133965,133875,13
133966,133875,14
133967,133876,14
133968,133877,14
133969,133877,11
133970,133878,14
133971,133879,13
133972,133880,11
133973,133885,13
133974,133885,14
133975,133887,12
133976,133889,14
133977,133891,13
133978,133891,11
133979,133892,14
133980,133894,11
133981,133894,15
133982,133895,14
133983,133895,13
133984,133896,11
133985,133897,14
133986,133897,12
133987,133898,13
133988,133898,12
133989,133899,13
133990,133899,11
133991,133901,14
133992,133901,13
133993,133902,15
133994,133904,12
133995,133906,13
133996,133906,12
133997,133907,13
133998,133907,12
133999,133911,15
134000,133911,12
134001,133912,11
134002,133912,14
134003,133913,11
134004,133913,13
134005,133914,11
134006,133914,15
134007,133915,11
134008,133916,12
134009,133917,13
134010,133917,12
134011,133918,13
134012,133918,12
134013,133919,15
134014,133920,14
134015,133921,15
134016,133921,15
134017,133922,11
134018,133922,11
134019,133931,13
134020,133931,12
134021,133932,13
134022,133933,12
134023,133933,11
134024,133934,14
134025,133934,15
134026,133935,11
134027,133937,13
134028,133938,14
134029,133939,13
134030,133939,11
134031,133940,13
134032,133940,15
134033,133941,13
134034,133941,15
134035,133943,14
134036,133944,14
134037,133944,12
134038,133945,14
134039,133949,13
134040,133949,12
134041,133951,12
134042,133952,12
134043,133952,12
134044,133953,15
134045,133953,15
134046,133954,14
134047,133956,15
134048,133956,11
134049,133957,13
134050,133958,14
134051,133958,15
134052,133959,12
134053,133960,11
134054,133965,14
134055,133966,13
134056,133967,11
134057,133967,13
134058,133968,15
134059,133968,14
134060,133969,14
134061,133970,14
134062,133970,11
134063,133971,14
134064,133971,11
134065,133973,12
134066,133974,11
134067,133975,14
134068,133975,12
134069,133976,14
134070,133977,14
134071,133980,12
134072,133980,13
134073,133983,11
134074,133984,14
134075,133984,13
134076,133985,14
134077,133985,11
134078,133986,12
134079,133987,12
134080,133988,13
134081,133989,13
134082,133990,15
134083,133991,13
134084,133992,13
134085,133994,15
134086,133995,13
134087,133996,12
134088,133996,11
134089,133997,11
134090,134000,13
134091,134002,14
134092,134002,14
134093,134005,13
134094,134006,14
134095,134008,13
134096,134008,14
134097,134009,13
134098,134010,13
134099,134010,11
134100,134011,12
134101,134012,11
134102,134012,12
134103,134015,12
134104,134016,13
134105,134016,12
134106,134018,13
134107,134020,11
134108,134024,13
134109,134024,12
134110,134025,11
134111,134026,14
134112,134026,11
134113,134027,12
134114,134027,11
134115,134028,13
134116,134028,11
134117,134030,12
134118,134032,12
134119,134032,14
134120,134033,11
134121,134035,13
134122,134035,13
134123,134036,15
134124,134037,14
134125,134038,13
134126,134039,12
134127,134040,12
134128,134042,13
134129,134042,14
134130,134043,13
134131,134043,14
134132,134044,12
134133,134046,15
134134,134049,11
134135,134049,15
134136,134050,15
134137,134051,11
134138,134051,12
134139,134052,13
134140,134053,11
134141,134053,11
134142,134054,13
134143,134054,13
134144,134056,13
134145,134056,13
134146,134058,15
134147,134058,13
134148,134059,11
134149,134061,13
134150,134062,11
134151,134062,11
134152,134063,11
134153,134063,14
134154,134068,13
134155,134069,15
134156,134069,14
134157,134072,11
134158,134077,15
134159,134077,14
134160,134078,11
134161,134078,15
134162,134079,11
134163,134080,11
134164,134083,12
134165,134085,14
134166,134085,14
134167,134088,14
134168,134089,13
134169,134089,12
134170,134090,15
134171,134091,12
134172,134091,14
134173,134093,12
134174,134093,11
134175,134094,15
134176,134095,11
134177,134095,13
134178,134096,14
134179,134099,12
134180,134100,13
134181,134101,11
134182,134105,15
134183,134105,11
134184,134106,11
134185,134108,12
134186,134109,14
134187,134109,14
134188,134110,14
134189,134111,11
134190,134111,14
134191,134112,13
134192,134113,12
134193,134113,13
134194,134114,13
134195,134115,11
134196,134117,12
134197,134119,14
134198,134119,14
134199,134121,11
134200,134122,11
134201,134123,15
134202,134123,15
134203,134125,13
134204,134126,14
134205,134127,13
134206,134127,15
134207,134129,12
134208,134129,15
134209,134135,14
134210,134136,15
134211,134136,13
134212,134137,15
134213,134138,15
134214,134138,13
134215,134140,15
134216,134143,14
134217,134143,12
134218,134144,13
134219,134145,13
134220,134145,15
134221,134147,14
134222,134147,12
134223,134149,15
134224,134149,14
134225,134153,11
134226,134155,15
134227,134155,11
134228,134156,13
134229,134158,13
134230,134161,11
134231,134163,11
134232,134165,13
134233,134165,11
134234,134167,13
134235,134168,15
134236,134168,13
134237,134169,13
134238,134169,14
134239,134171,13
134240,134171,11
134241,134172,12
134242,134172,11
134243,134173,15
134244,134173,14
134245,134174,11
134246,134175,12
134247,134176,12
134248,134176,14
134249,134178,14
134250,134180,11
134251,134180,14
134252,134181,11
134253,134182,11
134254,134183,14
134255,134184,14
134256,134185,13
134257,134185,13
134258,134186,13
134259,134186,14
134260,134189,13
134261,134190,14
134262,134190,15
134263,134191,14
134264,134191,11
134265,134193,13
134266,134193,13
134267,134194,14
134268,134194,12
134269,134195,15
134270,134196,15
134271,134196,15
134272,134197,13
134273,134198,11
134274,134202,12
134275,134203,12
134276,134203,12
134277,134204,15
134278,134204,15
134279,134205,11
134280,134205,12
134281,134207,13
134282,134207,15
134283,134208,14
134284,134210,14
134285,134210,15
134286,134211,14
134287,134211,15
134288,134212,12
134289,134212,15
134290,134213,12
134291,134214,15
134292,134215,13
134293,134215,15
134294,134216,11
134295,134217,11
134296,134217,15
134297,134218,15
134298,134219,12
134299,134219,13
134300,134220,14
134301,134220,12
134302,134224,13
134303,134224,15
134304,134225,12
134305,134227,11
134306,134227,11
134307,134228,13
134308,134229,14
134309,134229,13
134310,134230,12
134311,134230,15
134312,134232,15
134313,134233,14
134314,134234,15
134315,134234,13
134316,134235,15
134317,134237,11
134318,134237,14
134319,134238,12
134320,134239,11
134321,134240,15
134322,134240,11
134323,134241,15
134324,134241,12
134325,134242,11
134326,134242,12
134327,134243,15
134328,134243,11
134329,134244,11
134330,134245,11
134331,134245,12
134332,134249,15
134333,134249,14
134334,134250,11
134335,134250,14
134336,134251,14
134337,134251,13
134338,134252,11
134339,134252,11
134340,134254,12
134341,134254,15
134342,134255,13
134343,134255,12
134344,134256,14
134345,134258,15
134346,134261,14
134347,134261,12
134348,134262,11
134349,134264,15
134350,134264,12
134351,134265,12
134352,134265,12
134353,134266,12
134354,134268,12
134355,134269,11
134356,134269,12
134357,134270,11
134358,134273,11
134359,134273,14
134360,134276,15
134361,134276,14
134362,134277,11
134363,134279,12
134364,134279,13
134365,134280,13
134366,134282,13
134367,134282,11
134368,134284,15
134369,134284,15
134370,134285,13
134371,134285,13
134372,134287,11
134373,134288,14
134374,134291,15
134375,134291,15
134376,134292,14
134377,134292,12
134378,134293,11
134379,134294,11
134380,134294,13
134381,134295,11
134382,134299,14
134383,134299,14
134384,134300,13
134385,134300,14
134386,134301,14
134387,134302,12
134388,134302,11
134389,134303,11
134390,134305,12
134391,134306,12
134392,134306,14
134393,134310,14
134394,134310,13
134395,134311,13
134396,134311,11
134397,134313,14
134398,134315,11
134399,134315,12
134400,134317,14
134401,134317,12
134402,134320,14
134403,134321,13
134404,134322,11
134405,134324,12
134406,134325,15
134407,134327,12
134408,134327,13
134409,134329,14
134410,134329,14
134411,134331,14
134412,134332,11
134413,134335,13
134414,134335,15
134415,134336,13
134416,134339,12
134417,134341,11
134418,134342,11
134419,134342,15
134420,134344,12
134421,134346,12
134422,134347,12
134423,134347,13
134424,134350,13
134425,134353,14
134426,134354,11
134427,134355,12
134428,134355,11
134429,134356,11
134430,134356,15
134431,134357,14
134432,134357,15
134433,134358,13
134434,134358,11
134435,134359,13
134436,134359,13
134437,134360,13
134438,134361,15
134439,134361,14
134440,134362,11
134441,134362,12
134442,134363,14
134443,134364,13
134444,134365,11
134445,134366,11
134446,134366,12
134447,134367,13
134448,134368,11
134449,134369,13
134450,134370,12
134451,134370,15
134452,134373,14
134453,134373,12
134454,134374,12
134455,134378,14
134456,134379,13
134457,134381,14
134458,134382,11
134459,134383,14
134460,134387,13
134461,134387,11
134462,134389,11
134463,134389,13
134464,134390,12
134465,134390,12
134466,134391,11
134467,134392,14
134468,134393,15
134469,134393,12
134470,134394,15
134471,134395,11
134472,134395,15
134473,134396,14
134474,134396,12
134475,134397,11
134476,134397,14
134477,134398,15
134478,134399,13
134479,134401,11
134480,134403,15
134481,134405,12
134482,134405,13
134483,134410,14
134484,134412,11
134485,134412,14
134486,134414,12
134487,134414,13
134488,134415,12
134489,134415,12
134490,134416,12
134491,134416,12
134492,134417,12
134493,134417,13
134494,134418,12
134495,134419,15
134496,134419,12
134497,134422,13
134498,134424,14
134499,134424,15
134500,134425,13
134501,134426,15
134502,134427,15
134503,134427,11
134504,134428,12
134505,134429,14
134506,134429,11
134507,134430,12
134508,134431,13
134509,134431,15
134510,134432,15
134511,134432,15
134512,134433,11
134513,134433,15
134514,134434,15
134515,134434,11
134516,134435,13
134517,134437,12
134518,134437,14
134519,134438,11
134520,134440,12
134521,134441,12
134522,134441,14
134523,134442,13
134524,134443,15
134525,134445,11
134526,134446,11
134527,134446,12
134528,134447,11
134529,134448,12
134530,134448,15
134531,134450,14
134532,134450,15
134533,134451,12
134534,134454,14
134535,134455,12
134536,134456,13
134537,134456,13
134538,134457,13
134539,134459,14
134540,134459,15
134541,134461,11
134542,134465,14
134543,134466,13
134544,134466,15
134545,134467,14
134546,134469,11
134547,134470,12
134548,134470,14
134549,134471,15
134550,134471,12
134551,134472,11
134552,134477,14
134553,134478,11
134554,134480,13
134555,134482,15
134556,134482,12
134557,134483,13
134558,134484,13
134559,134484,11
134560,134485,11
134561,134485,12
134562,134487,11
134563,134488,11
134564,134488,13
134565,134489,12
134566,134489,12
134567,134491,14
134568,134492,13
134569,134493,12
134570,134493,13
134571,134494,14
134572,134496,15
134573,134497,13
134574,134497,12
134575,134500,14
134576,134500,12
134577,134502,15
134578,134502,11
134579,134504,11
134580,134504,12
134581,134506,15
134582,134506,15
134583,134507,13
134584,134507,13
134585,134508,12
134586,134509,12
134587,134510,13
134588,134512,15
134589,134513,11
134590,134514,13
134591,134514,12
134592,134518,14
134593,134518,12
134594,134519,15
134595,134522,13
134596,134522,14
134597,134525,15
134598,134525,15
134599,134530,13
134600,134532,14
134601,134534,14
134602,134534,12
134603,134535,12
134604,134535,11
134605,134536,14
134606,134536,15
134607,134537,14
134608,134538,12
134609,134541,11
134610,134541,11
134611,134544,11
134612,134545,12
134613,134545,14
134614,134546,12
134615,134548,13
134616,134550,13
134617,134552,14
134618,134552,14
134619,134555,14
134620,134556,13
134621,134558,11
134622,134558,13
134623,134559,12
134624,134560,13
134625,134561,15
134626,134562,12
134627,134563,12
134628,134563,15
134629,134564,11
134630,134566,13
134631,134566,12
134632,134568,15
134633,134568,11
134634,134569,15
134635,134569,12
134636,134571,13
134637,134573,15
134638,134574,15
134639,134574,11
134640,134575,13
134641,134576,13
134642,134576,15
134643,134577,11
134644,134577,15
134645,134578,15
134646,134578,11
134647,134582,14
134648,134582,11
134649,134583,14
134650,134583,15
134651,134585,15
134652,134586,14
134653,134586,14
134654,134588,15
134655,134588,15
134656,134589,12
134657,134589,14
134658,134590,15
134659,134590,12
134660,134591,15
134661,134592,14
134662,134592,11
134663,134593,13
134664,134593,13
134665,134594,13
134666,134595,12
134667,134595,12
134668,134597,14
134669,134598,13
134670,134598,14
134671,134600,11
134672,134600,13
134673,134602,15
134674,134603,11
134675,134603,11
134676,134604,15
134677,134606,12
134678,134606,13
134679,134609,11
134680,134609,13
134681,134610,13
134682,134611,14
134683,134611,11
134684,134612,13
134685,134612,12
134686,134613,12
134687,134615,11
134688,134616,14
134689,134617,13
134690,134617,15
134691,134618,13
134692,134620,13
134693,134621,12
134694,134622,15
134695,134623,12
134696,134624,13
134697,134624,12
134698,134625,13
134699,134627,13
134700,134628,12
134701,134629,12
134702,134630,13
134703,134630,14
134704,134632,14
134705,134632,12
134706,134635,12
134707,134635,12
134708,134636,12
134709,134636,13
134710,134637,13
134711,134637,14
134712,134638,12
134713,134638,11
134714,134639,15
134715,134640,14
134716,134640,15
134717,134641,12
134718,134643,14
134719,134644,13
134720,134645,13
134721,134646,15
134722,134648,15
134723,134648,12
134724,134650,13
134725,134651,11
134726,134652,15
134727,134653,13
134728,134653,11
134729,134654,15
134730,134656,11
134731,134656,15
134732,134657,15
134733,134657,15
134734,134659,13
134735,134660,15
134736,134660,11
134737,134661,14
134738,134662,13
134739,134662,11
134740,134664,15
134741,134664,12
134742,134665,15
134743,134665,12
134744,134666,11
134745,134667,15
134746,134667,14
134747,134668,12
134748,134672,11
134749,134673,15
134750,134675,12
134751,134677,13
134752,134677,12
134753,134678,14
134754,134678,13
134755,134679,13
134756,134679,15
134757,134681,15
134758,134682,14
134759,134683,15
134760,134684,14
134761,134684,15
134762,134686,15
134763,134686,11
134764,134687,15
134765,134687,14
134766,134688,13
134767,134688,11
134768,134689,13
134769,134689,11
134770,134691,15
134771,134691,15
134772,134692,12
134773,134693,11
134774,134694,15
134775,134694,12
134776,134696,14
134777,134698,15
134778,134698,12
134779,134699,15
134780,134700,15
134781,134700,13
134782,134702,11
134783,134702,11
134784,134703,15
134785,134704,13
134786,134704,14
134787,134705,15
134788,134705,15
134789,134706,12
134790,134708,15
134791,134710,14
134792,134710,11
134793,134711,12
134794,134711,11
134795,134713,15
134796,134713,12
134797,134715,11
134798,134715,13
134799,134717,11
134800,134717,11
134801,134718,15
134802,134720,11
134803,134721,12
134804,134721,12
134805,134722,11
134806,134723,13
134807,134725,12
134808,134726,13
134809,134727,13
134810,134729,13
134811,134731,14
134812,134731,12
134813,134733,13
134814,134734,12
134815,134734,12
134816,134735,13
134817,134736,11
134818,134736,11
134819,134737,13
134820,134738,13
134821,134739,14
134822,134741,15
134823,134742,14
134824,134742,12
134825,134743,12
134826,134743,15
134827,134746,15
134828,134748,11
134829,134750,14
134830,134752,13
134831,134753,15
134832,134754,13
134833,134755,13
134834,134755,15
134835,134756,14
134836,134759,15
134837,134762,11
134838,134763,12
134839,134763,14
134840,134764,12
134841,134764,11
134842,134765,13
134843,134765,14
134844,134766,13
134845,134767,13
134846,134767,12
134847,134768,14
134848,134769,14
134849,134771,11
134850,134775,15
134851,134775,12
134852,134776,14
134853,134777,12
134854,134777,14
134855,134779,13
134856,134780,14
134857,134782,15
134858,134782,12
134859,134784,14
134860,134786,14
134861,134787,14
134862,134787,11
134863,134788,11
134864,134788,14
134865,134789,14
134866,134791,13
134867,134792,15
134868,134792,13
134869,134793,11
134870,134793,13
134871,134794,13
134872,134794,11
134873,134796,15
134874,134797,13
134875,134797,14
134876,134798,13
134877,134799,12
134878,134800,13
134879,134800,12
134880,134802,15
134881,134803,11
134882,134804,14
134883,134805,12
134884,134805,14
134885,134807,12
134886,134808,11
134887,134809,11
134888,134810,14
134889,134810,15
134890,134812,12
134891,134812,14
134892,134814,15
134893,134815,12
134894,134817,14
134895,134818,11
134896,134818,14
134897,134819,12
134898,134819,12
134899,134820,12
134900,134821,14
134901,134821,13
134902,134824,14
134903,134824,15
134904,134825,15
134905,134827,12
134906,134828,15
134907,134828,11
134908,134829,11
134909,134830,11
134910,134830,15
134911,134831,15
134912,134831,13
134913,134835,12
134914,134836,11
134915,134837,11
134916,134838,15
134917,134840,14
134918,134841,13
134919,134841,15
134920,134842,14
134921,134842,13
134922,134843,13
134923,134843,13
134924,134844,12
134925,134845,14
134926,134845,11
134927,134846,12
134928,134847,11
134929,134847,11
134930,134848,15
134931,134848,11
134932,134849,15
134933,134849,14
134934,134850,12
134935,134852,15
134936,134853,11
134937,134853,12
134938,134854,11
134939,134855,14
134940,134855,11
134941,134857,11
134942,134858,14
134943,134861,12
134944,134861,14
134945,134863,15
134946,134863,12
134947,134864,13
134948,134864,13
134949,134865,11
134950,134866,13
134951,134867,15
134952,134867,12
134953,134868,11
134954,134870,13
134955,134871,15
134956,134874,14
134957,134875,14
134958,134876,15
134959,134876,13
134960,134877,13
134961,134877,15
134962,134878,15
134963,134879,12
134964,134879,14
134965,134880,13
134966,134881,14
134967,134883,12
134968,134883,14
134969,134884,14
134970,134885,15
134971,134886,12
134972,134887,14
134973,134888,12
134974,134890,14
134975,134891,15
134976,134892,14
134977,134892,13
134978,134894,12
134979,134894,13
134980,134896,11
134981,134896,13
134982,134898,12
134983,134900,13
134984,134901,12
134985,134903,12
134986,134903,13
134987,134904,12
134988,134906,11
134989,134907,14
134990,134907,12
134991,134908,13
134992,134909,14
134993,134909,13
134994,134910,12
134995,134910,15
134996,134912,12
134997,134912,15
134998,134913,15
134999,134914,15
135000,134915,15
135001,134915,15
135002,134916,15
135003,134917,12
135004,134917,13
135005,134918,14
135006,134919,12
135007,134920,13
135008,134920,12
135009,134922,12
135010,134923,14
135011,134924,11
135012,134925,12
135013,134925,11
135014,134926,15
135015,134928,11
135016,134929,15
135017,134929,12
135018,134930,12
135019,134931,14
135020,134931,14
135021,134933,15
135022,134933,14
135023,134935,11
135024,134936,14
135025,134936,13
135026,134938,14
135027,134938,11
135028,134939,13
135029,134941,13
135030,134943,15
135031,134945,11
135032,134945,12
135033,134946,13
135034,134948,14
135035,134949,14
135036,134950,14
135037,134951,14
135038,134951,15
135039,134952,11
135040,134952,14
135041,134953,15
135042,134953,12
135043,134955,12
135044,134955,12
135045,134956,12
135046,134957,14
135047,134958,14
135048,134958,13
135049,134962,15
135050,134963,15
135051,134963,15
135052,134964,14
135053,134965,11
135054,134965,15
135055,134966,12
135056,134966,14
135057,134967,15
135058,134968,15
135059,134968,12
135060,134969,11
135061,134970,13
135062,134971,12
135063,134972,12
135064,134973,15
135065,134975,14
135066,134976,13
135067,134977,13
135068,134978,11
135069,134979,15
135070,134979,15
135071,134980,14
135072,134983,13
135073,134984,11
135074,134985,12
135075,134985,11
135076,134986,13
135077,134987,14
135078,134987,12
135079,134989,12
135080,134990,12
135081,134993,14
135082,134993,11
135083,134994,13
135084,134995,12
135085,134995,15
135086,134996,12
135087,134997,14
135088,134997,11
135089,134998,13
135090,134998,13
135091,134999,14
135092,135000,15
135093,135000,12
135094,135001,15
135095,135003,15
135096,135003,14
135097,135004,15
135098,135007,14
135099,135007,11
135100,135008,14
135101,135008,12
135102,135010,13
135103,135010,14
135104,135011,11
135105,135013,12
135106,135013,15
135107,135014,13
135108,135015,12
135109,135015,11
135110,135016,11
135111,135016,11
135112,135019,14
135113,135019,11
135114,135020,14
135115,135020,13
135116,135022,13
135117,135022,13
135118,135024,12
135119,135025,15
135120,135027,13
135121,135028,13
135122,135029,14
135123,135030,11
135124,135031,11
135125,135031,13
135126,135032,12
135127,135033,11
135128,135033,13
135129,135034,12
135130,135036,15
135131,135036,15
135132,135037,14
135133,135038,11
135134,135039,15
135135,135039,11
135136,135040,13
135137,135041,14
135138,135041,12
135139,135042,14
135140,135042,11
135141,135043,15
135142,135044,14
135143,135045,11
135144,135049,11
135145,135050,11
135146,135050,14
135147,135051,13
135148,135051,14
135149,135052,12
135150,135052,13
135151,135053,12
135152,135053,12
135153,135054,15
135154,135054,12
135155,135056,12
135156,135056,14
135157,135057,13
135158,135057,13
135159,135060,15
135160,135061,14
135161,135062,15
135162,135062,13
135163,135063,11
135164,135066,13
135165,135066,11
135166,135068,12
135167,135068,11
135168,135069,11
135169,135069,11
135170,135071,12
135171,135072,14
135172,135072,14
135173,135073,14
135174,135075,13
135175,135075,11
135176,135078,12
135177,135081,15
135178,135081,12
135179,135085,12
135180,135085,11
135181,135086,14
135182,135086,13
135183,135088,11
135184,135088,15
135185,135089,12
135186,135089,15
135187,135091,14
135188,135096,12
135189,135096,14
135190,135099,13
135191,135099,11
135192,135104,14
135193,135105,11
135194,135106,15
135195,135106,12
135196,135108,13
135197,135109,11
135198,135109,13
135199,135110,15
135200,135111,13
135201,135114,12
135202,135114,15
135203,135116,15
135204,135116,15
135205,135117,14
135206,135118,14
135207,135118,11
135208,135119,13
135209,135122,15
135210,135123,14
135211,135123,11
135212,135124,12
135213,135124,15
135214,135125,12
135215,135126,15
135216,135127,14
135217,135128,14
135218,135130,12
135219,135131,13
135220,135131,15
135221,135132,15
135222,135132,12
135223,135133,11
135224,135134,12
135225,135139,12
135226,135141,11
135227,135141,11
135228,135143,11
135229,135144,14
135230,135144,13
135231,135145,12
135232,135148,15
135233,135148,12
135234,135150,11
135235,135151,13
135236,135151,14
135237,135152,12
135238,135153,14
135239,135154,15
135240,135155,14
135241,135155,12
135242,135158,12
135243,135160,15
135244,135160,12
135245,135164,14
135246,135165,14
135247,135167,15
135248,135167,11
135249,135169,13
135250,135170,13
135251,135170,12
135252,135171,12
135253,135173,11
135254,135175,13
135255,135175,14
135256,135176,15
135257,135177,14
135258,135177,12
135259,135178,14
135260,135178,15
135261,135179,12
135262,135180,14
135263,135180,15
135264,135182,13
135265,135182,15
135266,135183,13
135267,135183,11
135268,135185,13
135269,135185,11
135270,135186,15
135271,135186,15
135272,135187,13
135273,135188,11
135274,135191,11
135275,135192,12
135276,135193,15
135277,135194,14
135278,135195,11
135279,135196,13
135280,135197,12
135281,135199,14
135282,135199,13
135283,135200,13
135284,135201,12
135285,135201,13
135286,135202,13
135287,135203,13
135288,135203,11
135289,135204,15
135290,135204,11
135291,135205,13
135292,135206,13
135293,135207,13
135294,135207,12
135295,135209,13
135296,135209,15
135297,135214,15
135298,135215,14
135299,135215,13
135300,135216,12
135301,135216,13
135302,135218,15
135303,135219,11
135304,135219,15
135305,135220,14
135306,135220,15
135307,135221,13
135308,135221,15
135309,135222,14
135310,135222,13
135311,135224,12
135312,135225,11
135313,135227,14
135314,135227,14
135315,135229,12
135316,135231,14
135317,135231,13
135318,135232,11
135319,135234,12
135320,135237,13
135321,135237,12
135322,135238,15
135323,135238,12
135324,135239,14
135325,135239,14
135326,135242,14
135327,135242,11
135328,135243,13
135329,135244,14
135330,135244,13
135331,135245,12
135332,135245,15
135333,135247,13
135334,135247,15
135335,135248,14
135336,135249,12
135337,135250,14
135338,135251,15
135339,135252,11
135340,135252,13
135341,135253,11
135342,135254,15
135343,135255,11
135344,135256,11
135345,135257,14
135346,135258,14
135347,135259,11
135348,135259,13
135349,135260,15
135350,135260,12
135351,135261,15
135352,135261,11
135353,135262,11
135354,135262,11
135355,135264,12
135356,135264,12
135357,135265,14
135358,135266,15
135359,135267,14
135360,135267,14
135361,135268,15
135362,135269,11
135363,135270,12
135364,135270,12
135365,135271,13
135366,135272,11
135367,135272,11
135368,135273,12
135369,135274,13
135370,135275,11
135371,135275,15
135372,135276,14
135373,135276,15
135374,135277,13
135375,135277,14
135376,135278,15
135377,135278,11
135378,135281,12
135379,135282,14
135380,135284,15
135381,135289,14
135382,135290,14
135383,135293,11
135384,135293,13
135385,135295,15
135386,135297,12
135387,135298,14
135388,135298,11
135389,135299,11
135390,135300,13
135391,135300,12
135392,135301,13
135393,135302,15
135394,135302,13
135395,135304,15
135396,135304,15
135397,135305,12
135398,135306,11
135399,135307,15
135400,135307,12
135401,135308,12
135402,135308,15
135403,135309,13
135404,135311,11
135405,135311,14
135406,135312,12
135407,135313,14
135408,135313,15
135409,135314,11
135410,135314,11
135411,135315,15
135412,135315,13
135413,135316,14
135414,135316,15
135415,135320,11
135416,135323,14
135417,135324,12
135418,135325,12
135419,135326,13
135420,135326,11
135421,135329,11
135422,135330,12
135423,135330,15
135424,135331,13
135425,135331,13
135426,135332,14
135427,135333,11
135428,135334,13
135429,135335,13
135430,135335,11
135431,135338,14
135432,135338,13
135433,135339,14
135434,135339,13
135435,135341,14
135436,135342,12
135437,135342,13
135438,135343,11
135439,135345,12
135440,135345,13
135441,135347,14
135442,135348,15
135443,135351,11
135444,135351,11
135445,135352,15
135446,135353,14
135447,135359,12
135448,135362,15
135449,135362,15
135450,135364,13
135451,135364,11
135452,135365,13
135453,135365,15
135454,135366,12
135455,135367,13
135456,135368,15
135457,135368,11
135458,135370,13
135459,135370,11
135460,135371,13
135461,135371,11
135462,135372,13
135463,135372,14
135464,135373,12
135465,135374,13
135466,135374,14
135467,135376,13
135468,135377,11
135469,135377,11
135470,135378,12
135471,135378,13
135472,135379,12
135473,135379,11
135474,135380,12
135475,135381,13
135476,135382,14
135477,135382,12
135478,135383,15
135479,135385,11
135480,135385,15
135481,135386,12
135482,135386,11
135483,135387,12
135484,135387,14
135485,135388,15
135486,135389,14
135487,135392,12
135488,135393,13
135489,135393,13
135490,135394,14
135491,135394,12
135492,135395,15
135493,135397,12
135494,135397,13
135495,135399,11
135496,135401,11
135497,135401,15
135498,135406,15
135499,135408,12
135500,135408,15
135501,135409,15
135502,135409,15
135503,135410,11
135504,135411,15
135505,135411,11
135506,135412,13
135507,135415,14
135508,135415,13
135509,135417,11
135510,135417,14
135511,135420,12
135512,135420,11
135513,135421,15
135514,135422,13
135515,135422,13
135516,135423,12
135517,135423,11
135518,135427,12
135519,135428,13
135520,135428,15
135521,135429,14
135522,135430,13
135523,135431,15
135524,135431,13
135525,135432,14
135526,135432,13
135527,135433,11
135528,135433,15
135529,135435,15
135530,135436,12
135531,135436,11
135532,135438,11
135533,135439,15
135534,135440,11
135535,135440,13
135536,135441,14
135537,135441,11
135538,135442,13
135539,135442,11
135540,135443,13
135541,135444,13
135542,135444,12
135543,135445,15
135544,135445,11
135545,135447,14
135546,135448,13
135547,135450,15
135548,135451,13
135549,135453,13
135550,135453,12
135551,135454,13
135552,135455,12
135553,135456,14
135554,135456,13
135555,135458,13
135556,135459,12
135557,135460,12
135558,135460,13
135559,135461,11
135560,135461,11
135561,135462,12
135562,135464,14
135563,135465,14
135564,135466,12
135565,135468,15
135566,135468,11
135567,135469,15
135568,135471,11
135569,135472,11
135570,135473,14
135571,135474,14
135572,135475,14
135573,135475,12
135574,135476,14
135575,135477,12
135576,135477,12
135577,135479,11
135578,135480,15
135579,135484,11
135580,135484,12
135581,135485,13
135582,135486,11
135583,135486,11
135584,135489,12
135585,135489,15
135586,135490,13
135587,135490,13
135588,135492,13
135589,135492,15
135590,135493,11
135591,135494,11
135592,135494,11
135593,135497,13
135594,135497,12
135595,135498,12
135596,135499,11
135597,135499,13
135598,135500,14
135599,135503,12
135600,135503,14
135601,135504,12
135602,135505,13
135603,135505,13
135604,135506,11
135605,135506,11
135606,135509,15
135607,135509,12
135608,135511,14
135609,135512,12
135610,135512,15
135611,135513,14
135612,135515,15
135613,135516,14
135614,135516,12
135615,135518,12
135616,135518,13
135617,135519,13
135618,135520,14
135619,135520,12
135620,135521,11
135621,135522,11
135622,135526,11
135623,135528,14
135624,135530,15
135625,135530,11
135626,135531,11
135627,135532,13
135628,135533,12
135629,135533,12
135630,135534,15
135631,135535,11
135632,135537,12
135633,135540,13
135634,135541,11
135635,135542,11
135636,135542,11
135637,135543,11
135638,135545,15
135639,135546,12
135640,135548,15
135641,135550,15
135642,135550,15
135643,135551,11
135644,135554,12
135645,135556,13
135646,135556,11
135647,135557,12
135648,135557,12
135649,135558,12
135650,135559,11
135651,135559,11
135652,135560,12
135653,135560,14
135654,135562,15
135655,135562,14
135656,135564,12
135657,135564,14
135658,135565,11
135659,135566,15
135660,135566,14
135661,135567,15
135662,135567,11
135663,135568,14
135664,135569,12
135665,135570,11
135666,135571,13
135667,135572,13
135668,135572,12
135669,135573,11
135670,135573,11
135671,135574,13
135672,135577,15
135673,135579,13
135674,135580,12
135675,135580,14
135676,135581,11
135677,135581,12
135678,135582,12
135679,135582,11
135680,135583,15
135681,135583,14
135682,135584,13
135683,135584,15
135684,135585,15
135685,135587,13
135686,135587,14
135687,135589,14
135688,135589,12
135689,135591,13
135690,135593,15
135691,135593,15
135692,135594,15
135693,135595,14
135694,135595,12
135695,135596,14
135696,135599,15
135697,135601,13
135698,135601,14
135699,135604,14
135700,135604,13
135701,135606,11
135702,135607,11
135703,135607,13
135704,135608,13
135705,135611,15
135706,135612,12
135707,135613,14
135708,135613,13
135709,135614,13
135710,135615,11
135711,135615,15
135712,135616,15
135713,135618,13
135714,135618,11
135715,135619,12
135716,135619,15
135717,135620,12
135718,135620,13
135719,135622,14
135720,135622,11
135721,135624,15
135722,135624,15
135723,135625,12
135724,135625,15
135725,135628,13
135726,135628,11
135727,135629,11
135728,135629,14
135729,135631,14
135730,135631,13
135731,135632,12
135732,135633,14
135733,135633,14
135734,135634,14
135735,135635,15
135736,135636,11
135737,135636,12
135738,135638,12
135739,135638,11
135740,135640,12
135741,135641,13
135742,135642,15
135743,135642,14
135744,135648,12
135745,135648,13
135746,135649,11
135747,135649,15
135748,135650,15
135749,135650,13
135750,135651,14
135751,135652,12
135752,135652,12
135753,135653,13
135754,135654,13
135755,135656,15
135756,135658,11
135757,135658,11
135758,135661,13
135759,135664,14
135760,135665,11
135761,135666,13
135762,135668,11
135763,135669,15
135764,135669,11
135765,135671,14
135766,135671,12
135767,135672,15
135768,135673,11
135769,135675,13
135770,135675,13
135771,135676,13
135772,135676,14
135773,135679,13
135774,135681,11
135775,135682,12
135776,135682,11
135777,135683,12
135778,135683,12
135779,135684,13
135780,135685,12
135781,135685,13
135782,135686,15
135783,135688,15
135784,135688,14
135785,135689,15
135786,135691,12
135787,135692,15
135788,135694,13
135789,135695,12
135790,135697,15
135791,135698,12
135792,135703,14
135793,135704,15
135794,135704,14
135795,135706,14
135796,135707,15
135797,135707,13
135798,135708,11
135799,135708,15
135800,135710,15
135801,135711,13
135802,135714,15
135803,135715,12
135804,135716,11
135805,135717,14
135806,135718,13
135807,135719,14
135808,135719,13
135809,135721,15
135810,135722,11
135811,135722,13
135812,135723,15
135813,135725,14
135814,135726,14
135815,135729,11
135816,135729,13
135817,135730,13
135818,135731,12
135819,135731,11
135820,135732,11
135821,135732,13
135822,135733,15
135823,135733,11
135824,135734,11
135825,135737,15
135826,135737,14
135827,135738,12
135828,135740,12
135829,135740,14
135830,135743,14
135831,135744,13
135832,135744,14
135833,135746,15
135834,135746,13
135835,135748,12
135836,135748,15
135837,135750,15
135838,135750,15
135839,135753,14
135840,135754,11
135841,135755,11
135842,135755,13
135843,135757,12
135844,135758,13
135845,135759,11
135846,135759,15
135847,135762,11
135848,135765,11
135849,135768,15
135850,135768,11
135851,135770,12
135852,135770,13
135853,135771,14
135854,135771,12
135855,135772,13
135856,135772,12
135857,135774,13
135858,135776,11
135859,135776,13
135860,135777,11
135861,135777,15
135862,135778,14
135863,135778,15
135864,135779,13
135865,135780,13
135866,135781,15
135867,135781,15
135868,135782,11
135869,135782,14
135870,135783,13
135871,135785,14
135872,135785,12
135873,135786,15
135874,135786,13
135875,135787,15
135876,135787,11
135877,135788,14
135878,135789,14
135879,135791,11
135880,135791,15
135881,135792,13
135882,135792,14
135883,135793,13
135884,135794,15
135885,135794,13
135886,135795,15
135887,135796,13
135888,135796,13
135889,135799,14
135890,135799,12
135891,135800,14
135892,135801,15
135893,135801,12
135894,135804,14
135895,135805,13
135896,135806,13
135897,135807,12
135898,135807,13
135899,135808,13
135900,135808,11
135901,135810,11
135902,135810,11
135903,135811,12
135904,135811,13
135905,135813,15
135906,135813,15
135907,135814,14
135908,135815,11
135909,135815,14
135910,135818,15
135911,135818,14
135912,135819,15
135913,135820,14
135914,135822,11
135915,135822,12
135916,135823,14
135917,135823,11
135918,135825,14
135919,135826,11
135920,135827,14
135921,135827,14
135922,135828,15
135923,135829,11
135924,135829,14
135925,135832,11
135926,135832,12
135927,135834,15
135928,135834,14
135929,135835,12
135930,135837,12
135931,135837,14
135932,135838,11
135933,135839,11
135934,135841,15
135935,135841,13
135936,135842,12
135937,135842,13
135938,135843,11
135939,135846,12
135940,135846,12
135941,135847,12
135942,135847,11
135943,135849,11
135944,135849,11
135945,135850,14
135946,135850,14
135947,135851,13
135948,135851,14
135949,135854,11
135950,135854,13
135951,135855,15
135952,135855,11
135953,135856,13
135954,135857,14
135955,135858,12
135956,135860,11
135957,135860,15
135958,135861,13
135959,135861,12
135960,135863,11
135961,135863,14
135962,135864,11
135963,135864,13
135964,135865,12
135965,135866,12
135966,135867,12
135967,135867,14
135968,135868,12
135969,135868,11
135970,135869,14
135971,135869,15
135972,135871,12
135973,135871,14
135974,135872,15
135975,135873,13
135976,135875,13
135977,135876,14
135978,135876,12
135979,135877,15
135980,135878,13
135981,135878,15
135982,135879,12
135983,135880,15
135984,135883,11
135985,135883,13
135986,135885,13
135987,135886,12
135988,135888,12
135989,135890,15
135990,135892,12
135991,135892,13
135992,135893,15
135993,135894,15
135994,135894,15
135995,135895,13
135996,135896,14
135997,135897,14
135998,135899,14
135999,135901,12
136000,135901,12
136001,135902,11
136002,135904,11
136003,135904,13
136004,135905,12
136005,135906,11
136006,135906,15
136007,135907,15
136008,135907,12
136009,135908,14
136010,135910,13
136011,135912,14
136012,135914,13
136013,135914,15
136014,135915,12
136015,135916,12
136016,135917,12
136017,135918,11
136018,135920,12
136019,135920,11
136020,135922,15
136021,135924,11
136022,135924,15
136023,135927,15
136024,135928,15
136025,135930,15
136026,135930,15
136027,135931,15
136028,135932,15
136029,135933,12
136030,135933,15
136031,135934,13
136032,135935,15
136033,135937,13
136034,135938,13
136035,135938,14
136036,135939,15
136037,135940,15
136038,135940,11
136039,135941,13
136040,135941,11
136041,135942,14
136042,135943,15
136043,135945,13
136044,135946,13
136045,135948,13
136046,135948,15
136047,135949,12
136048,135949,14
136049,135950,15
136050,135950,14
136051,135951,13
136052,135951,14
136053,135952,13
136054,135952,15
136055,135953,12
136056,135953,15
136057,135954,13
136058,135955,12
136059,135956,14
136060,135957,15
136061,135959,13
136062,135959,14
136063,135960,14
136064,135961,13
136065,135962,13
136066,135963,14
136067,135965,13
136068,135966,12
136069,135966,14
136070,135968,12
136071,135969,13
136072,135970,11
136073,135970,13
136074,135971,15
136075,135972,14
136076,135972,15
136077,135975,13
136078,135975,14
136079,135976,12
136080,135978,15
136081,135978,15
136082,135981,15
136083,135981,13
136084,135982,13
136085,135982,15
136086,135983,12
136087,135985,14
136088,135988,15
136089,135989,12
136090,135990,11
136091,135992,14
136092,135992,15
136093,135994,13
136094,135994,13
136095,135995,13
136096,135997,15
136097,135997,13
136098,135999,15
136099,136002,15
136100,136002,15
136101,136003,14
136102,136003,11
136103,136004,14
136104,136005,14
136105,136007,15
136106,136008,15
136107,136009,12
136108,136009,13
136109,136015,13
136110,136016,12
136111,136016,14
136112,136017,14
136113,136017,13
136114,136018,13
136115,136022,11
136116,136022,13
136117,136023,13
136118,136024,13
136119,136025,13
136120,136025,14
136121,136026,15
136122,136026,13
136123,136027,15
136124,136028,11
136125,136029,15
136126,136029,11
136127,136031,13
136128,136031,14
136129,136032,11
136130,136032,12
136131,136033,12
136132,136036,15
136133,136038,12
136134,136039,13
136135,136040,15
136136,136042,11
136137,136044,14
136138,136045,14
136139,136046,14
136140,136047,13
136141,136048,11
136142,136049,15
136143,136052,13
136144,136053,14
136145,136054,13
136146,136054,14
136147,136056,14
136148,136056,14
136149,136057,14
136150,136057,13
136151,136058,12
136152,136058,13
136153,136061,14
136154,136063,14
136155,136064,13
136156,136064,11
136157,136066,15
136158,136066,14
136159,136067,14
136160,136069,14
136161,136069,13
136162,136070,15
136163,136071,15
136164,136072,12
136165,136073,15
136166,136074,14
136167,136081,11
136168,136081,14
136169,136082,14
136170,136082,14
136171,136083,14
136172,136083,12
136173,136084,11
136174,136084,14
136175,136086,12
136176,136086,13
136177,136088,15
136178,136088,15
136179,136089,15
136180,136089,14
136181,136090,13
136182,136091,13
136183,136092,13
136184,136094,11
136185,136094,11
136186,136096,15
136187,136097,12
136188,136097,13
136189,136098,13
136190,136098,15
136191,136099,13
136192,136100,11
136193,136100,15
136194,136101,12
136195,136101,15
136196,136102,15
136197,136102,14
136198,136103,15
136199,136103,12
136200,136104,12
136201,136106,15
136202,136106,15
136203,136107,12
136204,136108,13
136205,136109,15
136206,136109,12
136207,136110,13
136208,136110,13
136209,136111,11
136210,136111,12
136211,136112,15
136212,136112,14
136213,136114,13
136214,136115,15
136215,136117,14
136216,136118,15
136217,136118,12
136218,136122,12
136219,136122,15
136220,136123,12
136221,136124,13
136222,136124,14
136223,136125,11
136224,136126,12
136225,136127,15
136226,136129,12
136227,136131,15
136228,136131,12
136229,136132,13
136230,136133,13
136231,136133,14
136232,136134,11
136233,136134,12
136234,136135,15
136235,136136,15
136236,136137,12
136237,136138,12
136238,136142,13
136239,136143,12
136240,136145,15
136241,136145,12
136242,136146,12
136243,136146,12
136244,136147,14
136245,136148,13
136246,136148,15
136247,136150,14
136248,136151,12
136249,136153,11
136250,136153,14
136251,136154,12
136252,136156,15
136253,136156,15
136254,136157,13
136255,136159,14
136256,136160,14
136257,136161,14
136258,136161,13
136259,136162,15
136260,136162,15
136261,136163,14
136262,136163,14
136263,136164,11
136264,136164,15
136265,136165,13
136266,136166,11
136267,136166,13
136268,136167,14
136269,136168,14
136270,136168,12
136271,136170,14
136272,136170,15
136273,136174,13
136274,136175,11
136275,136176,12
136276,136176,11
136277,136177,12
136278,136181,11
136279,136181,15
136280,136185,15
136281,136187,15
136282,136187,11
136283,136188,13
136284,136189,15
136285,136190,11
136286,136191,13
136287,136194,13
136288,136194,11
136289,136195,13
136290,136196,15
136291,136196,11
136292,136197,12
136293,136198,12
136294,136198,13
136295,136199,15
136296,136200,14
136297,136200,11
136298,136202,13
136299,136203,14
136300,136204,13
136301,136205,13
136302,136206,12
136303,136208,15
136304,136208,11
136305,136210,13
136306,136210,12
136307,136211,13
136308,136211,15
136309,136212,15
136310,136213,13
136311,136214,14
136312,136214,12
136313,136217,11
136314,136217,13
136315,136218,15
136316,136218,13
136317,136220,15
136318,136222,11
136319,136223,11
136320,136226,15
136321,136226,15
136322,136227,14
136323,136228,14
136324,136229,12
136325,136229,11
136326,136230,12
136327,136232,15
136328,136233,13
136329,136233,13
136330,136234,12
136331,136236,11
136332,136237,14
136333,136237,13
136334,136238,12
136335,136238,11
136336,136239,11
136337,136239,13
136338,136241,12
136339,136242,14
136340,136242,14
136341,136244,12
136342,136247,12
136343,136247,14
136344,136248,13
136345,136250,15
136346,136250,13
136347,136251,14
136348,136251,13
136349,136252,15
136350,136252,14
136351,136253,14
136352,136253,11
136353,136257,14
136354,136258,14
136355,136258,11
136356,136259,15
136357,136259,11
136358,136261,15
136359,136263,14
136360,136264,12
136361,136265,13
136362,136265,13
136363,136267,15
136364,136267,13
136365,136268,14
136366,136268,11
136367,136273,13
136368,136273,12
136369,136274,14
136370,136276,14
136371,136276,13
136372,136277,14
136373,136277,15
136374,136278,14
136375,136278,15
136376,136281,12
136377,136283,11
136378,136283,11
136379,136286,14
136380,136286,12
136381,136287,11
136382,136287,11
136383,136288,15
136384,136289,11
136385,136289,11
136386,136291,14
136387,136292,15
136388,136293,13
136389,136293,11
136390,136294,14
136391,136294,13
136392,136295,11
136393,136296,15
136394,136296,12
136395,136297,14
136396,136297,11
136397,136298,13
136398,136299,12
136399,136299,15
136400,136300,15
136401,136300,13
136402,136301,11
136403,136303,15
136404,136303,15
136405,136304,12
136406,136306,15
136407,136306,14
136408,136307,12
136409,136309,12
136410,136309,14
136411,136310,15
136412,136311,11
136413,136312,15
136414,136314,15
136415,136319,14
136416,136319,15
136417,136321,15
136418,136321,12
136419,136323,15
136420,136323,11
136421,136324,15
136422,136324,13
136423,136326,11
136424,136327,15
136425,136327,11
136426,136328,15
136427,136329,14
136428,136330,14
136429,136330,15
136430,136331,12
136431,136331,14
136432,136332,15
136433,136332,15
136434,136333,11
136435,136334,14
136436,136337,15
136437,136338,14
136438,136339,11
136439,136340,13
136440,136341,14
136441,136342,15
136442,136343,13
136443,136343,11
136444,136344,12
136445,136344,15
136446,136345,15
136447,136346,15
136448,136346,11
136449,136347,13
136450,136348,12
136451,136348,12
136452,136349,13
136453,136349,11
136454,136350,12
136455,136350,13
136456,136351,15
136457,136351,13
136458,136352,11
136459,136353,12
136460,136353,11
136461,136355,12
136462,136356,11
136463,136356,15
136464,136358,15
136465,136358,11
136466,136360,15
136467,136360,12
136468,136361,15
136469,136362,14
136470,136363,14
136471,136363,12
136472,136364,12
136473,136366,11
136474,136366,15
136475,136367,12
136476,136369,14
136477,136369,11
136478,136371,13
136479,136372,12
136480,136372,15
136481,136373,15
136482,136374,11
136483,136374,15
136484,136375,14
136485,136375,11
136486,136376,14
136487,136376,13
136488,136377,13
136489,136378,11
136490,136379,12
136491,136379,14
136492,136381,11
136493,136383,11
136494,136383,15
136495,136384,14
136496,136385,11
136497,136387,11
136498,136387,12
136499,136388,14
136500,136390,12
136501,136393,14
136502,136393,13
136503,136394,15
136504,136394,13
136505,136395,13
136506,136395,14
136507,136396,13
136508,136397,14
136509,136397,15
136510,136400,12
136511,136400,14
136512,136401,14
136513,136402,11
136514,136403,12
136515,136405,14
136516,136406,14
136517,136406,15
136518,136408,13
136519,136409,15
136520,136409,15
136521,136410,15
136522,136410,11
136523,136411,12
136524,136412,12
136525,136412,13
136526,136414,13
136527,136414,13
136528,136415,13
136529,136415,13
136530,136417,15
136531,136418,12
136532,136420,14
136533,136422,13
136534,136424,11
136535,136424,13
136536,136425,11
136537,136426,13
136538,136427,13
136539,136427,15
136540,136428,15
136541,136429,13
136542,136431,15
136543,136431,14
136544,136434,15
136545,136434,12
136546,136436,12
136547,136436,12
136548,136437,13
136549,136437,14
136550,136438,11
136551,136439,11
136552,136440,11
136553,136440,15
136554,136441,11
136555,136441,11
136556,136443,12
136557,136445,15
136558,136445,14
136559,136446,14
136560,136447,13
136561,136447,14
136562,136448,12
136563,136450,13
136564,136450,15
136565,136451,13
136566,136452,14
136567,136452,13
136568,136453,11
136569,136453,14
136570,136454,14
136571,136454,12
136572,136455,11
136573,136455,11
136574,136456,13
136575,136458,11
136576,136458,11
136577,136459,12
136578,136459,13
136579,136460,15
136580,136461,13
136581,136461,15
136582,136463,15
136583,136465,15
136584,136465,14
136585,136466,12
136586,136467,14
136587,136468,13
136588,136469,12
136589,136470,14
136590,136470,15
136591,136472,12
136592,136474,14
136593,136474,11
136594,136477,15
136595,136477,12
136596,136478,15
136597,136478,13
136598,136479,14
136599,136479,11
136600,136480,13
136601,136481,13
136602,136481,14
136603,136482,15
136604,136482,13
136605,136484,12
136606,136485,14
136607,136486,11
136608,136486,12
136609,136487,12
136610,136487,13
136611,136489,12
136612,136489,11
136613,136490,15
136614,136490,13
136615,136491,12
136616,136493,11
136617,136494,14
136618,136494,11
136619,136495,11
136620,136496,12
136621,136497,11
136622,136497,11
136623,136502,14
136624,136502,11
136625,136503,15
136626,136504,11
136627,136505,14
136628,136506,15
136629,136506,12
136630,136507,11
136631,136507,13
136632,136508,12
136633,136509,13
136634,136509,15
136635,136512,13
136636,136512,12
136637,136513,13
136638,136513,14
136639,136514,15
136640,136515,11
136641,136515,15
136642,136517,15
136643,136517,12
136644,136520,15
136645,136520,12
136646,136521,15
136647,136521,15
136648,136522,12
136649,136522,12
136650,136524,13
136651,136525,13
136652,136526,11
136653,136527,15
136654,136527,11
136655,136528,13
136656,136528,11
136657,136529,15
136658,136530,11
136659,136532,12
136660,136533,13
136661,136535,12
136662,136535,11
136663,136536,14
136664,136536,15
136665,136537,12
136666,136537,15
136667,136538,11
136668,136538,12
136669,136543,12
136670,136543,11
136671,136544,11
136672,136544,13
136673,136545,15
136674,136545,12
136675,136546,15
136676,136546,11
136677,136548,11
136678,136550,11
136679,136550,13
136680,136551,14
136681,136551,11
136682,136553,14
136683,136554,15
136684,136554,12
136685,136555,11
136686,136555,12
136687,136557,14
136688,136560,15
136689,136560,11
136690,136562,14
136691,136562,15
136692,136563,13
136693,136563,15
136694,136564,13
136695,136567,12
136696,136570,14
136697,136570,14
136698,136571,12
136699,136572,14
136700,136573,15
136701,136573,15
136702,136574,15
136703,136574,14
136704,136575,13
136705,136576,13
136706,136576,15
136707,136577,12
136708,136577,14
136709,136578,14
136710,136578,15
136711,136579,11
136712,136579,13
136713,136581,11
136714,136582,12
136715,136584,14
136716,136584,15
136717,136585,14
136718,136586,11
136719,136586,14
136720,136587,13
136721,136589,14
136722,136589,13
136723,136591,14
136724,136591,13
136725,136592,11
136726,136593,15
136727,136594,13
136728,136595,15
136729,136598,12
136730,136598,11
136731,136599,14
136732,136599,11
136733,136600,11
136734,136600,12
136735,136601,14
136736,136602,13
136737,136604,12
136738,136605,14
136739,136606,11
136740,136607,14
136741,136607,13
136742,136608,15
136743,136609,13
136744,136609,11
136745,136610,12
136746,136611,15
136747,136612,11
136748,136615,13
136749,136615,12
136750,136616,15
136751,136616,15
136752,136619,12
136753,136620,11
136754,136620,14
136755,136621,11
136756,136623,14
136757,136624,11
136758,136626,12
136759,136627,12
136760,136628,12
136761,136628,14
136762,136629,12
136763,136629,15
136764,136630,14
136765,136630,13
136766,136632,15
136767,136632,15
136768,136633,11
136769,136633,14
136770,136634,15
136771,136634,13
136772,136635,11
136773,136635,13
136774,136637,12
136775,136637,14
136776,136639,15
136777,136640,11
136778,136640,11
136779,136642,14
136780,136643,14
136781,136644,15
136782,136645,13
136783,136646,14
136784,136646,14
136785,136647,12
136786,136647,12
136787,136648,12
136788,136648,15
136789,136649,11
136790,136649,11
136791,136650,13
136792,136652,15
136793,136652,13
136794,136656,14
136795,136657,12
136796,136658,15
136797,136658,12
136798,136659,12
136799,136659,12
136800,136661,13
136801,136662,13
136802,136665,11
136803,136666,11
136804,136666,12
136805,136667,11
136806,136667,14
136807,136668,15
136808,136669,13
136809,136670,11
136810,136672,12
136811,136672,15
136812,136673,14
136813,136673,11
136814,136674,13
136815,136675,13
136816,136675,11
136817,136677,15
136818,136677,13
136819,136678,11
136820,136678,13
136821,136679,14
136822,136680,14
136823,136682,14
136824,136683,15
136825,136683,14
136826,136684,11
136827,136685,13
136828,136688,12
136829,136690,12
136830,136690,15
136831,136691,12
136832,136692,15
136833,136692,15
136834,136693,14
136835,136694,12
136836,136697,11
136837,136697,12
136838,136699,13
136839,136701,11
136840,136702,13
136841,136705,11
136842,136705,11
136843,136707,13
136844,136708,15
136845,136709,14
136846,136710,12
136847,136710,13
136848,136712,14
136849,136712,14
136850,136714,11
136851,136714,14
136852,136715,15
136853,136717,13
136854,136718,14
136855,136719,11
136856,136720,15
136857,136720,13
136858,136721,15
136859,136722,14
136860,136725,12
136861,136728,12
136862,136728,13
136863,136729,12
136864,136729,13
136865,136730,15
136866,136732,15
136867,136735,12
136868,136738,13
136869,136738,15
136870,136739,11
136871,136740,11
136872,136741,14
136873,136741,15
136874,136742,11
136875,136743,15
136876,136744,13
136877,136744,13
136878,136745,11
136879,136746,11
136880,136748,12
136881,136749,11
136882,136750,11
136883,136750,11
136884,136751,14
136885,136752,12
136886,136753,11
136887,136753,11
136888,136754,13
136889,136754,14
136890,136756,12
136891,136756,12
136892,136757,12
136893,136758,12
136894,136758,14
136895,136760,13
136896,136761,15
136897,136761,11
136898,136762,13
136899,136762,14
136900,136763,12
136901,136763,13
136902,136764,15
136903,136765,15
136904,136766,11
136905,136766,15
136906,136767,13
136907,136767,12
136908,136768,12
136909,136769,15
136910,136770,13
136911,136774,14
136912,136775,13
136913,136775,12
136914,136776,11
136915,136776,14
136916,136777,11
136917,136779,11
136918,136780,12
136919,136780,14
136920,136784,11
136921,136785,14
136922,136786,11
136923,136789,13
136924,136793,11
136925,136793,14
136926,136794,12
136927,136796,11
136928,136796,13
136929,136797,11
136930,136797,13
136931,136798,11
136932,136798,14
136933,136799,12
136934,136799,14
136935,136801,15
136936,136804,15
136937,136807,11
136938,136807,12
136939,136809,14
136940,136811,14
136941,136811,15
136942,136812,14
136943,136813,15
136944,136814,13
136945,136815,12
136946,136817,12
136947,136817,12
136948,136822,12
136949,136824,11
136950,136826,14
136951,136826,14
136952,136829,15
136953,136829,15
136954,136830,15
136955,136832,12
136956,136832,12
136957,136833,15
136958,136833,13
136959,136834,14
136960,136834,11
136961,136835,15
136962,136835,15
136963,136838,15
136964,136839,11
136965,136839,12
136966,136840,12
136967,136840,13
136968,136841,14
136969,136841,15
136970,136842,15
136971,136843,12
136972,136843,14
136973,136844,15
136974,136844,14
136975,136845,13
136976,136846,12
136977,136846,11
136978,136847,12
136979,136849,14
136980,136852,12
136981,136852,14
136982,136853,11
136983,136853,15
136984,136856,13
136985,136858,14
136986,136858,12
136987,136860,11
136988,136860,12
136989,136862,12
136990,136864,13
136991,136864,12
136992,136866,15
136993,136866,12
136994,136867,11
136995,136867,12
136996,136870,11
136997,136870,12
136998,136871,15
136999,136871,11
137000,136873,15
137001,136874,12
137002,136876,14
137003,136878,13
137004,136881,11
137005,136881,14
137006,136883,11
137007,136884,14
137008,136884,15
137009,136886,15
137010,136888,12
137011,136888,15
137012,136889,14
137013,136889,15
137014,136890,14
137015,136891,15
137016,136892,15
137017,136893,11
137018,136893,14
137019,136894,12
137020,136894,12
137021,136895,12
137022,136897,15
137023,136899,11
137024,136900,15
137025,136900,14
137026,136901,12
137027,136901,13
137028,136902,14
137029,136903,12
137030,136903,14
137031,136906,12
137032,136906,11
137033,136907,14
137034,136908,14
137035,136908,15
137036,136909,11
137037,136912,13
137038,136913,11
137039,136913,13
137040,136914,13
137041,136916,13
137042,136916,14
137043,136918,14
137044,136918,14
137045,136920,14
137046,136921,11
137047,136921,12
137048,136924,14
137049,136924,13
137050,136925,12
137051,136925,14
137052,136926,12
137053,136926,15
137054,136928,14
137055,136928,11
137056,136929,13
137057,136933,15
137058,136934,15
137059,136934,13
137060,136935,15
137061,136935,13
137062,136936,11
137063,136937,11
137064,136939,15
137065,136939,15
137066,136940,15
137067,136940,11
137068,136942,14
137069,136943,12
137070,136944,13
137071,136944,13
137072,136946,11
137073,136947,14
137074,136948,15
137075,136949,12
137076,136949,12
137077,136950,11
137078,136953,13
137079,136954,13
137080,136954,13
137081,136955,14
137082,136956,11
137083,136956,12
137084,136959,12
137085,136959,12
137086,136960,12
137087,136960,15
137088,136962,13
137089,136962,12
137090,136963,15
137091,136963,11
137092,136966,14
137093,136966,11
137094,136967,13
137095,136967,11
137096,136968,11
137097,136968,11
137098,136969,13
137099,136970,12
137100,136972,12
137101,136973,11
137102,136973,13
137103,136974,15
137104,136974,15
137105,136976,12
137106,136976,14
137107,136978,12
137108,136980,11
137109,136980,12
137110,136981,13
137111,136981,13
137112,136982,11
137113,136983,12
137114,136984,13
137115,136986,11
137116,136987,14
137117,136990,15
137118,136990,14
137119,136991,15
137120,136992,11
137121,136992,15
137122,136994,14
137123,136994,15
137124,136995,13
137125,136996,14
137126,136998,11
137127,136999,14
137128,136999,15
137129,137000,11
137130,137002,12
137131,137003,11
137132,137004,13
137133,137005,14
137134,137005,15
137135,137006,14
137136,137006,14
137137,137007,15
137138,137007,12
137139,137009,12
137140,137009,15
137141,137010,11
137142,137013,12
137143,137013,13
137144,137014,13
137145,137015,13
137146,137016,15
137147,137017,11
137148,137017,14
137149,137018,14
137150,137020,13
137151,137020,11
137152,137021,11
137153,137023,13
137154,137024,15
137155,137024,14
137156,137025,11
137157,137028,11
137158,137029,13
137159,137030,11
137160,137032,13
137161,137033,13
137162,137034,13
137163,137035,14
137164,137035,13
137165,137036,13
137166,137037,15
137167,137038,13
137168,137038,13
137169,137039,15
137170,137040,15
137171,137042,12
137172,137042,12
137173,137045,12
137174,137045,15
137175,137046,11
137176,137046,13
137177,137049,15
137178,137051,14
137179,137053,15
137180,137053,13
137181,137055,15
137182,137056,14
137183,137057,12
137184,137058,13
137185,137060,15
137186,137060,14
137187,137061,13
137188,137061,14
137189,137062,11
137190,137062,15
137191,137065,15
137192,137068,15
137193,137068,13
137194,137069,14
137195,137070,12
137196,137071,13
137197,137072,13
137198,137073,13
137199,137074,12
137200,137074,14
137201,137075,13
137202,137076,12
137203,137076,14
137204,137077,13
137205,137078,12
137206,137080,12
137207,137080,12
137208,137081,11
137209,137081,14
137210,137082,15
137211,137082,14
137212,137083,15
137213,137084,12
137214,137084,13
137215,137085,11
137216,137086,12
137217,137087,11
137218,137088,14
137219,137091,14
137220,137091,13
137221,137092,11
137222,137092,11
137223,137095,14
137224,137095,12
137225,137097,14
137226,137097,12
137227,137099,15
137228,137099,13
137229,137100,15
137230,137102,12
137231,137102,13
137232,137103,12
137233,137103,12
137234,137104,15
137235,137104,13
137236,137105,12
137237,137106,15
137238,137107,12
137239,137108,11
137240,137109,15
137241,137109,13
137242,137110,14
137243,137111,13
137244,137112,15
137245,137112,12
137246,137113,14
137247,137114,15
137248,137114,14
137249,137116,11
137250,137116,15
137251,137121,11
137252,137123,14
137253,137124,11
137254,137125,14
137255,137126,14
137256,137127,12
137257,137127,15
137258,137128,15
137259,137128,15
137260,137130,11
137261,137132,13
137262,137132,13
137263,137133,13
137264,137133,15
137265,137134,13
137266,137134,14
137267,137135,15
137268,137136,11
137269,137136,12
137270,137137,13
137271,137137,12
137272,137138,11
137273,137138,13
137274,137141,12
137275,137141,12
137276,137142,12
137277,137142,15
137278,137143,11
137279,137143,11
137280,137144,11
137281,137145,11
137282,137146,15
137283,137146,13
137284,137149,11
137285,137150,11
137286,137151,11
137287,137152,13
137288,137152,12
137289,137153,14
137290,137153,15
137291,137154,13
137292,137155,11
137293,137155,11
137294,137156,13
137295,137158,15
137296,137159,13
137297,137161,11
137298,137161,15
137299,137162,12
137300,137164,12
137301,137166,15
137302,137169,11
137303,137169,11
137304,137170,11
137305,137173,12
137306,137175,15
137307,137175,11
137308,137176,14
137309,137177,12
137310,137178,11
137311,137180,12
137312,137181,13
137313,137181,15
137314,137182,15
137315,137182,12
137316,137183,15
137317,137183,13
137318,137184,15
137319,137184,14
137320,137186,13
137321,137186,14
137322,137187,14
137323,137187,12
137324,137191,12
137325,137192,13
137326,137192,11
137327,137194,13
137328,137196,11
137329,137196,14
137330,137197,13
137331,137197,14
137332,137199,14
137333,137202,11
137334,137202,11
137335,137203,12
137336,137203,12
137337,137205,15
137338,137205,15
137339,137207,14
137340,137207,14
137341,137208,13
137342,137210,13
137343,137210,11
137344,137211,14
137345,137212,13
137346,137212,15
137347,137214,15
137348,137214,14
137349,137215,14
137350,137216,15
137351,137216,14
137352,137217,12
137353,137217,13
137354,137219,11
137355,137221,14
137356,137222,11
137357,137222,15
137358,137223,12
137359,137223,15
137360,137224,15
137361,137224,11
137362,137226,14
137363,137227,11
137364,137228,11
137365,137229,11
137366,137229,14
137367,137230,14
137368,137231,15
137369,137232,13
137370,137233,12
137371,137233,14
137372,137234,11
137373,137234,14
137374,137237,11
137375,137238,13
137376,137239,14
137377,137239,11
137378,137240,11
137379,137241,15
137380,137241,15
137381,137249,12
137382,137249,12
137383,137250,15
137384,137250,14
137385,137251,15
137386,137251,11
137387,137252,15
137388,137253,13
137389,137253,14
137390,137254,13
137391,137254,12
137392,137255,11
137393,137257,14
137394,137257,11
137395,137258,11
137396,137259,12
137397,137261,13
137398,137261,13
137399,137262,11
137400,137262,14
137401,137263,13
137402,137264,15
137403,137265,15
137404,137265,14
137405,137266,13
137406,137266,11
137407,137267,11
137408,137267,13
137409,137269,15
137410,137270,13
137411,137273,15
137412,137275,13
137413,137276,11
137414,137276,14
137415,137277,13
137416,137279,15
137417,137279,11
137418,137280,14
137419,137280,11
137420,137281,12
137421,137282,15
137422,137282,12
137423,137283,14
137424,137283,15
137425,137285,15
137426,137285,15
137427,137287,13
137428,137287,15
137429,137288,12
137430,137288,14
137431,137289,12
137432,137292,12
137433,137292,12
137434,137295,12
137435,137296,11
137436,137296,12
137437,137298,15
137438,137298,12
137439,137299,15
137440,137300,14
137441,137301,12
137442,137304,14
137443,137304,12
137444,137305,15
137445,137305,13
137446,137306,14
137447,137306,15
137448,137309,15
137449,137310,13
137450,137312,15
137451,137312,11
137452,137313,12
137453,137313,12
137454,137314,11
137455,137314,11
137456,137315,15
137457,137317,12
137458,137318,15
137459,137318,12
137460,137319,14
137461,137320,13
137462,137321,12
137463,137322,11
137464,137322,15
137465,137323,13
137466,137323,14
137467,137324,13
137468,137324,13
137469,137325,12
137470,137327,11
137471,137328,11
137472,137328,13
137473,137329,12
137474,137331,13
137475,137331,14
137476,137333,11
137477,137333,15
137478,137334,14
137479,137335,14
137480,137335,13
137481,137336,14
137482,137336,12
137483,137337,12
137484,137338,11
137485,137338,13
137486,137339,11
137487,137339,13
137488,137340,13
137489,137341,13
137490,137342,11
137491,137343,15
137492,137344,13
137493,137345,14
137494,137345,11
137495,137346,12
137496,137347,14
137497,137347,11
137498,137348,15
137499,137348,15
137500,137350,13
137501,137350,13
137502,137351,11
137503,137353,14
137504,137353,13
137505,137354,11
137506,137354,13
137507,137356,13
137508,137357,13
137509,137358,15
137510,137359,12
137511,137360,13
137512,137360,14
137513,137364,12
137514,137364,11
137515,137365,11
137516,137365,13
137517,137366,11
137518,137366,11
137519,137367,11
137520,137367,12
137521,137368,11
137522,137369,13
137523,137371,14
137524,137373,11
137525,137375,13
137526,137376,11
137527,137378,12
137528,137381,12
137529,137381,15
137530,137383,11
137531,137384,12
137532,137384,11
137533,137385,11
137534,137385,15
137535,137386,11
137536,137386,13
137537,137387,11
137538,137387,13
137539,137388,15
137540,137388,13
137541,137389,15
137542,137389,14
137543,137391,15
137544,137391,13
137545,137394,12
137546,137394,13
137547,137395,11
137548,137395,11
137549,137398,15
137550,137399,13
137551,137401,15
137552,137401,12
137553,137403,13
137554,137404,11
137555,137405,13
137556,137406,15
137557,137407,11
137558,137409,15
137559,137409,15
137560,137411,11
137561,137411,13
137562,137413,12
137563,137413,14
137564,137414,15
137565,137415,12
137566,137416,12
137567,137417,12
137568,137417,11
137569,137419,13
137570,137420,11
137571,137421,13
137572,137422,12
137573,137422,15
137574,137424,15
137575,137424,13
137576,137425,15
137577,137426,11
137578,137427,15
137579,137429,12
137580,137431,15
137581,137431,15
137582,137433,12
137583,137434,11
137584,137436,13
137585,137436,14
137586,137437,15
137587,137437,13
137588,137438,12
137589,137438,12
137590,137439,13
137591,137440,14
137592,137440,13
137593,137442,11
137594,137445,14
137595,137445,12
137596,137446,15
137597,137446,11
137598,137447,12
137599,137448,12
137600,137448,13
137601,137449,11
137602,137449,14
137603,137451,11
137604,137451,15
137605,137453,13
137606,137453,14
137607,137458,14
137608,137461,12
137609,137462,13
137610,137463,15
137611,137464,11
137612,137464,12
137613,137465,15
137614,137471,13
137615,137473,14
137616,137473,14
137617,137474,13
137618,137474,13
137619,137475,12
137620,137476,12
137621,137476,11
137622,137478,13
137623,137478,12
137624,137479,12
137625,137479,13
137626,137480,12
137627,137485,13
137628,137485,12
137629,137486,12
137630,137486,13
137631,137488,15
137632,137489,11
137633,137489,15
137634,137491,13
137635,137491,14
137636,137492,15
137637,137492,11
137638,137493,13
137639,137494,11
137640,137494,12
137641,137495,15
137642,137496,12
137643,137496,12
137644,137498,13
137645,137498,14
137646,137501,12
137647,137502,15
137648,137502,14
137649,137503,15
137650,137503,15
137651,137504,14
137652,137504,15
137653,137505,11
137654,137506,12
137655,137507,11
137656,137507,11
137657,137508,14
137658,137509,13
137659,137509,12
137660,137512,14
137661,137513,12
137662,137513,11
137663,137515,14
137664,137517,12
137665,137518,14
137666,137519,12
137667,137519,13
137668,137520,13
137669,137520,11
137670,137521,13
137671,137521,12
137672,137522,13
137673,137522,11
137674,137525,11
137675,137526,14
137676,137526,12
137677,137528,15
137678,137530,12
137679,137530,13
137680,137531,11
137681,137531,15
137682,137533,15
137683,137534,15
137684,137534,15
137685,137537,11
137686,137537,11
137687,137539,11
137688,137539,13
137689,137540,13
137690,137543,15
137691,137545,12
137692,137545,12
137693,137546,11
137694,137546,12
137695,137547,15
137696,137548,12
137697,137548,15
137698,137549,12
137699,137551,11
137700,137551,11
137701,137552,15
137702,137552,14
137703,137553,14
137704,137553,12
137705,137555,14
137706,137555,15
137707,137556,12
137708,137556,13
137709,137558,11
137710,137558,11
137711,137559,13
137712,137559,12
137713,137566,15
137714,137567,12
137715,137567,13
137716,137569,12
137717,137570,11
137718,137575,12
137719,137576,14
137720,137577,13
137721,137578,15
137722,137579,11
137723,137580,11
137724,137580,13
137725,137581,14
137726,137582,11
137727,137583,15
137728,137585,14
137729,137586,12
137730,137586,15
137731,137587,14
137732,137587,11
137733,137588,13
137734,137589,15
137735,137589,12
137736,137590,15
137737,137591,12
137738,137591,15
137739,137592,12
137740,137592,14
137741,137593,14
137742,137594,15
137743,137595,13
137744,137595,11
137745,137599,12
137746,137599,11
137747,137601,15
137748,137601,13
137749,137602,12
137750,137602,12
137751,137603,12
137752,137603,11
137753,137605,15
137754,137605,15
137755,137606,11
137756,137608,15
137757,137608,15
137758,137610,11
137759,137610,12
137760,137611,11
137761,137611,13
137762,137612,15
137763,137613,11
137764,137613,15
137765,137615,13
137766,137615,14
137767,137618,14
137768,137620,12
137769,137622,13
137770,137624,11
137771,137626,11
137772,137627,11
137773,137627,14
137774,137629,14
137775,137630,15
137776,137630,14
137777,137632,11
137778,137634,12
137779,137634,13
137780,137635,11
137781,137636,11
137782,137636,11
137783,137637,15
137784,137638,15
137785,137638,13
137786,137639,13
137787,137640,14
137788,137640,11
137789,137643,14
137790,137644,15
137791,137644,11
137792,137645,14
137793,137646,11
137794,137646,14
137795,137647,15
137796,137647,11
137797,137648,11
137798,137649,12
137799,137649,12
137800,137650,15
137801,137650,14
137802,137651,12
137803,137652,15
137804,137652,14
137805,137654,11
137806,137655,11
137807,137657,15
137808,137659,11
137809,137660,15
137810,137660,14
137811,137661,14
137812,137662,15
137813,137663,12
137814,137663,12
137815,137665,12
137816,137667,14
137817,137667,14
137818,137668,14
137819,137669,13
137820,137669,13
137821,137671,12
137822,137672,13
137823,137672,13
137824,137673,15
137825,137673,13
137826,137674,11
137827,137674,15
137828,137676,15
137829,137676,13
137830,137681,15
137831,137681,12
137832,137682,15
137833,137685,15
137834,137685,14
137835,137686,11
137836,137688,15
137837,137689,11
137838,137689,15
137839,137690,13
137840,137690,11
137841,137691,15
137842,137691,11
137843,137695,12
137844,137696,15
137845,137697,12
137846,137697,15
137847,137698,11
137848,137698,11
137849,137699,15
137850,137700,14
137851,137702,15
137852,137702,13
137853,137703,13
137854,137703,11
137855,137704,15
137856,137704,14
137857,137706,15
137858,137707,13
137859,137707,15
137860,137709,12
137861,137709,11
137862,137710,11
137863,137710,13
137864,137711,15
137865,137711,12
137866,137712,14
137867,137712,15
137868,137713,11
137869,137715,12
137870,137716,12
137871,137717,14
137872,137720,11
137873,137721,13
137874,137722,14
137875,137724,14
137876,137725,15
137877,137725,15
137878,137726,11
137879,137728,12
137880,137728,11
137881,137731,11
137882,137731,15
137883,137732,13
137884,137733,13
137885,137733,14
137886,137734,12
137887,137734,13
137888,137736,12
137889,137739,13
137890,137739,15
137891,137740,12
137892,137742,13
137893,137743,11
137894,137744,14
137895,137744,11
137896,137745,13
137897,137746,11
137898,137746,14
137899,137747,13
137900,137747,14
137901,137748,15
137902,137748,14
137903,137750,14
137904,137751,12
137905,137752,12
137906,137752,14
137907,137753,11
137908,137753,13
137909,137754,15
137910,137755,14
137911,137755,15
137912,137756,14
137913,137756,12
137914,137757,11
137915,137758,13
137916,137758,15
137917,137760,15
137918,137761,14
137919,137761,11
137920,137763,14
137921,137763,11
137922,137764,11
137923,137764,11
137924,137765,14
137925,137765,14
137926,137766,12
137927,137767,13
137928,137768,12
137929,137769,11
137930,137769,14
137931,137771,11
137932,137771,15
137933,137772,13
137934,137772,13
137935,137773,14
137936,137774,12
137937,137777,11
137938,137778,14
137939,137784,13
137940,137785,12
137941,137787,14
137942,137788,12
137943,137789,11
137944,137790,14
137945,137790,11
137946,137792,13
137947,137792,13
137948,137794,14
137949,137794,15
137950,137795,15
137951,137795,11
137952,137797,12
137953,137798,11
137954,137798,14
137955,137799,11
137956,137799,11
137957,137800,15
137958,137800,14
137959,137801,14
137960,137805,15
137961,137807,15
137962,137807,12
137963,137808,15
137964,137809,12
137965,137809,14
137966,137810,12
137967,137810,15
137968,137812,12
137969,137813,13
137970,137813,15
137971,137814,15
137972,137815,14
137973,137816,11
137974,137818,12
137975,137819,11
137976,137820,14
137977,137821,14
137978,137821,13
137979,137823,14
137980,137823,15
137981,137824,13
137982,137826,13
137983,137826,11
137984,137827,14
137985,137828,12
137986,137829,11
137987,137830,14
137988,137831,15
137989,137832,11
137990,137832,13
137991,137836,13
137992,137836,12
137993,137838,15
137994,137839,14
137995,137839,15
137996,137840,12
137997,137841,12
137998,137843,15
137999,137846,12
138000,137847,13
138001,137847,13
138002,137850,13
138003,137850,13
138004,137852,15
138005,137852,14
138006,137853,12
138007,137853,15
138008,137854,15
138009,137856,13
138010,137856,13
138011,137857,11
138012,137857,15
138013,137858,12
138014,137859,11
138015,137860,12
138016,137860,13
138017,137861,15
138018,137862,13
138019,137863,12
138020,137863,12
138021,137864,12
138022,137864,15
138023,137867,11
138024,137867,11
138025,137869,15
138026,137872,12
138027,137873,13
138028,137873,15
138029,137874,15
138030,137875,12
138031,137876,13
138032,137877,15
138033,137877,15
138034,137878,11
138035,137879,15
138036,137879,15
138037,137880,15
138038,137880,13
138039,137882,13
138040,137883,14
138041,137883,12
138042,137886,13
138043,137887,15
138044,137888,14
138045,137889,11
138046,137891,15
138047,137892,15
138048,137893,14
138049,137893,14
138050,137894,15
138051,137894,12
138052,137896,13
138053,137896,12
138054,137898,15
138055,137898,14
138056,137899,12
138057,137901,15
138058,137902,12
138059,137902,11
138060,137903,13
138061,137905,13
138062,137906,12
138063,137906,14
138064,137907,11
138065,137907,14
138066,137908,13
138067,137908,11
138068,137909,12
138069,137909,13
138070,137910,12
138071,137910,12
138072,137911,12
138073,137912,15
138074,137912,15
138075,137913,11
138076,137913,11
138077,137914,12
138078,137914,11
138079,137915,14
138080,137915,15
138081,137916,13
138082,137916,14
138083,137917,15
138084,137917,11
138085,137918,12
138086,137920,14
138087,137923,15
138088,137924,12
138089,137924,14
138090,137925,15
138091,137926,13
138092,137927,14
138093,137929,14
138094,137931,11
138095,137931,11
138096,137933,13
138097,137934,14
138098,137936,12
138099,137937,11
138100,137937,11
138101,137938,12
138102,137938,13
138103,137939,14
138104,137940,14
138105,137941,14
138106,137941,11
138107,137944,15
138108,137944,12
138109,137945,15
138110,137948,11
138111,137948,13
138112,137949,11
138113,137950,12
138114,137954,13
138115,137955,12
138116,137957,13
138117,137960,13
138118,137961,11
138119,137961,15
138120,137964,11
138121,137964,15
138122,137965,13
138123,137965,12
138124,137966,12
138125,137966,11
138126,137967,14
138127,137968,13
138128,137968,11
138129,137969,11
138130,137969,14
138131,137971,15
138132,137972,14
138133,137973,11
138134,137973,13
138135,137976,13
138136,137976,14
138137,137978,15
138138,137979,15
138139,137980,15
138140,137980,14
138141,137983,15
138142,137983,11
138143,137984,11
138144,137986,14
138145,137986,13
138146,137988,12
138147,137990,14
138148,137990,12
138149,137991,12
138150,137992,12
138151,137993,11
138152,137994,12
138153,137996,11
138154,137996,13
138155,137997,14
138156,137999,13
138157,138000,14
138158,138000,15
138159,138001,13
138160,138001,13
138161,138002,12
138162,138002,15
138163,138003,14
138164,138003,15
138165,138005,11
138166,138007,15
138167,138007,13
138168,138008,14
138169,138008,15
138170,138009,12
138171,138009,13
138172,138010,11
138173,138011,14
138174,138012,13
138175,138014,13
138176,138017,13
138177,138022,14
138178,138023,15
138179,138023,11
138180,138024,15
138181,138024,11
138182,138026,12
138183,138027,13
138184,138027,14
138185,138028,15
138186,138029,15
138187,138029,14
138188,138030,13
138189,138031,13
138190,138032,12
138191,138033,12
138192,138033,12
138193,138034,12
138194,138034,14
138195,138035,14
138196,138038,15
138197,138039,15
138198,138039,11
138199,138040,11
138200,138041,11
138201,138042,12
138202,138043,13
138203,138044,13
138204,138044,11
138205,138047,13
138206,138050,11
138207,138050,11
138208,138051,13
138209,138051,15
138210,138052,14
138211,138052,15
138212,138053,15
138213,138053,13
138214,138054,12
138215,138054,15
138216,138056,13
138217,138057,11
138218,138058,11
138219,138059,14
138220,138060,15
138221,138061,12
138222,138063,15
138223,138065,11
138224,138065,14
138225,138066,12
138226,138067,11
138227,138067,12
138228,138068,14
138229,138068,12
138230,138069,13
138231,138069,15
138232,138072,12
138233,138072,13
138234,138074,13
138235,138074,14
138236,138075,11
138237,138075,12
138238,138076,14
138239,138077,15
138240,138077,15
138241,138078,14
138242,138078,14
138243,138079,11
138244,138079,14
138245,138080,14
138246,138081,14
138247,138081,15
138248,138082,14
138249,138085,13
138250,138085,12
138251,138086,11
138252,138087,13
138253,138089,11
138254,138089,11
138255,138091,14
138256,138091,15
138257,138093,11
138258,138094,12
138259,138094,14
138260,138095,12
138261,138095,12
138262,138096,11
138263,138096,14
138264,138098,13
138265,138099,11
138266,138100,13
138267,138102,13
138268,138102,11
138269,138104,13
138270,138106,11
138271,138106,14
138272,138107,15
138273,138107,13
138274,138108,15
138275,138108,15
138276,138110,11
138277,138110,14
138278,138111,11
138279,138112,13
138280,138112,12
138281,138113,15
138282,138113,15
138283,138114,15
138284,138114,14
138285,138115,15
138286,138115,12
138287,138117,15
138288,138117,12
138289,138118,13
138290,138118,11
138291,138119,13
138292,138119,13
138293,138120,15
138294,138120,14
138295,138122,14
138296,138124,15
138297,138124,12
138298,138125,15
138299,138125,14
138300,138127,11
138301,138128,13
138302,138128,15
138303,138129,13
138304,138131,14
138305,138131,14
138306,138133,12
138307,138134,11
138308,138135,14
138309,138136,12
138310,138136,13
138311,138137,13
138312,138137,11
138313,138140,14
138314,138142,14
138315,138142,13
138316,138143,11
138317,138145,13
138318,138146,15
138319,138146,12
138320,138148,14
138321,138148,13
138322,138149,15
138323,138149,11
138324,138152,11
138325,138152,12
138326,138154,15
138327,138154,12
138328,138155,11
138329,138156,11
138330,138157,15
138331,138161,15
138332,138162,11
138333,138163,15
138334,138163,13
138335,138167,14
138336,138167,15
138337,138168,15
138338,138170,13
138339,138170,12
138340,138171,15
138341,138172,14
138342,138173,15
138343,138174,11
138344,138174,14
138345,138175,13
138346,138177,14
138347,138177,13
138348,138178,15
138349,138178,13
138350,138179,13
138351,138180,13
138352,138180,13
138353,138183,13
138354,138184,11
138355,138184,13
138356,138185,14
138357,138185,11
138358,138186,13
138359,138186,13
138360,138187,11
138361,138187,12
138362,138188,13
138363,138188,14
138364,138189,14
138365,138189,15
138366,138190,11
138367,138191,11
138368,138192,14
138369,138193,15
138370,138194,14
138371,138194,11
138372,138195,11
138373,138195,13
138374,138196,12
138375,138197,13
138376,138198,13
138377,138198,14
138378,138199,12
138379,138200,12
138380,138201,13
138381,138201,12
138382,138206,11
138383,138207,12
138384,138209,15
138385,138211,12
138386,138211,11
138387,138216,12
138388,138216,12
138389,138218,15
138390,138218,12
138391,138219,11
138392,138219,12
138393,138220,15
138394,138221,12
138395,138221,15
138396,138223,12
138397,138224,11
138398,138224,12
138399,138225,14
138400,138225,14
138401,138226,12
138402,138228,12
138403,138234,11
138404,138236,11
138405,138239,13
138406,138239,14
138407,138240,12
138408,138240,15
138409,138242,14
138410,138243,13
138411,138244,15
138412,138245,12
138413,138246,12
138414,138246,15
138415,138247,11
138416,138248,11
138417,138249,11
138418,138251,13
138419,138251,13
138420,138252,14
138421,138254,12
138422,138254,13
138423,138255,12
138424,138255,11
138425,138256,14
138426,138257,11
138427,138257,12
138428,138259,12
138429,138259,13
138430,138261,14
138431,138261,12
138432,138262,13
138433,138263,14
138434,138263,13
138435,138265,13
138436,138266,12
138437,138269,14
138438,138270,13
138439,138270,11
138440,138273,13
138441,138274,15
138442,138276,14
138443,138277,12
138444,138277,13
138445,138279,12
138446,138279,13
138447,138280,11
138448,138281,12
138449,138283,14
138450,138284,12
138451,138284,11
138452,138285,12
138453,138286,13
138454,138287,14
138455,138288,13
138456,138288,12
138457,138291,12
138458,138291,15
138459,138292,14
138460,138293,14
138461,138294,13
138462,138296,13
138463,138296,13
138464,138297,13
138465,138298,12
138466,138298,15
138467,138302,13
138468,138302,12
138469,138303,14
138470,138304,11
138471,138305,12
138472,138307,13
138473,138307,15
138474,138308,14
138475,138309,15
138476,138309,12
138477,138312,12
138478,138312,11
138479,138313,11
138480,138313,12
138481,138314,12
138482,138314,15
138483,138315,13
138484,138319,13
138485,138320,11
138486,138320,13
138487,138321,11
138488,138321,14
138489,138323,13
138490,138323,11
138491,138324,12
138492,138325,14
138493,138327,13
138494,138327,15
138495,138328,11
138496,138330,15
138497,138330,12
138498,138331,11
138499,138332,15
138500,138333,11
138501,138333,12
138502,138334,11
138503,138334,15
138504,138335,15
138505,138339,12
138506,138340,12
138507,138341,15
138508,138341,11
138509,138344,12
138510,138347,14
138511,138347,13
138512,138348,15
138513,138349,14
138514,138349,11
138515,138350,11
138516,138351,15
138517,138351,13
138518,138352,11
138519,138352,13
138520,138353,11
138521,138356,12
138522,138356,15
138523,138359,14
138524,138360,14
138525,138361,12
138526,138362,15
138527,138362,15
138528,138363,14
138529,138363,11
138530,138365,14
138531,138366,14
138532,138366,13
138533,138367,14
138534,138367,15
138535,138369,11
138536,138369,12
138537,138371,15
138538,138371,13
138539,138373,12
138540,138373,11
138541,138374,15
138542,138374,11
138543,138375,14
138544,138376,13
138545,138376,12
138546,138377,14
138547,138380,13
138548,138381,15
138549,138382,11
138550,138383,11
138551,138384,12
138552,138384,15
138553,138385,15
138554,138385,13
138555,138386,13
138556,138386,12
138557,138387,11
138558,138387,11
138559,138388,13
138560,138388,14
138561,138389,11
138562,138389,14
138563,138390,14
138564,138392,14
138565,138394,13
138566,138394,14
138567,138395,14
138568,138396,13
138569,138396,13
138570,138398,15
138571,138399,15
138572,138401,12
138573,138402,12
138574,138403,15
138575,138405,11
138576,138405,12
138577,138406,12
138578,138406,13
138579,138408,13
138580,138414,12
138581,138414,15
138582,138416,14
138583,138418,11
138584,138419,15
138585,138419,11
138586,138420,11
138587,138420,15
138588,138421,14
138589,138421,11
138590,138422,15
138591,138422,15
138592,138423,12
138593,138423,12
138594,138425,11
138595,138427,12
138596,138428,11
138597,138429,15
138598,138430,15
138599,138431,14
138600,138431,15
138601,138432,13
138602,138432,13
138603,138433,12
138604,138433,13
138605,138434,11
138606,138434,13
138607,138435,11
138608,138435,15
138609,138436,12
138610,138436,13
138611,138438,14
138612,138438,15
138613,138439,12
138614,138439,13
138615,138440,11
138616,138442,13
138617,138442,15
138618,138443,14
138619,138444,15
138620,138444,12
138621,138447,14
138622,138448,13
138623,138448,12
138624,138452,11
138625,138453,15
138626,138455,11
138627,138455,11
138628,138457,12
138629,138457,12
138630,138458,11
138631,138458,15
138632,138461,12
138633,138461,13
138634,138462,11
138635,138462,12
138636,138463,14
138637,138463,15
138638,138464,14
138639,138465,12
138640,138465,14
138641,138466,15
138642,138466,14
138643,138467,11
138644,138467,13
138645,138468,11
138646,138468,12
138647,138469,15
138648,138469,15
138649,138470,11
138650,138470,13
138651,138471,14
138652,138472,11
138653,138472,12
138654,138473,14
138655,138473,11
138656,138474,15
138657,138475,13
138658,138477,12
138659,138477,14
138660,138479,15
138661,138480,13
138662,138483,12
138663,138483,14
138664,138484,13
138665,138485,12
138666,138487,14
138667,138488,15
138668,138490,11
138669,138490,15
138670,138492,14
138671,138493,14
138672,138494,12
138673,138495,13
138674,138495,12
138675,138496,11
138676,138498,13
138677,138499,11
138678,138499,12
138679,138500,12
138680,138500,15
138681,138501,11
138682,138502,11
138683,138502,12
138684,138503,13
138685,138503,15
138686,138504,11
138687,138504,15
138688,138505,11
138689,138505,14
138690,138506,13
138691,138507,12
138692,138507,13
138693,138508,11
138694,138509,11
138695,138510,14
138696,138511,11
138697,138511,13
138698,138512,13
138699,138513,15
138700,138513,11
138701,138514,12
138702,138515,14
138703,138516,12
138704,138517,15
138705,138518,14
138706,138518,14
138707,138520,14
138708,138520,14
138709,138521,15
138710,138522,15
138711,138522,15
138712,138523,11
138713,138525,15
138714,138525,13
138715,138529,15
138716,138529,13
138717,138530,11
138718,138534,14
138719,138534,12
138720,138538,15
138721,138540,11
138722,138540,11
138723,138541,11
138724,138542,12
138725,138542,13
138726,138543,14
138727,138543,15
138728,138544,15
138729,138544,14
138730,138546,13
138731,138546,15
138732,138548,12
138733,138548,11
138734,138550,13
138735,138552,15
138736,138552,12
138737,138553,14
138738,138554,14
138739,138556,14
138740,138556,11
138741,138557,12
138742,138557,13
138743,138559,12
138744,138559,14
138745,138561,14
138746,138564,13
138747,138564,14
138748,138566,11
138749,138566,15
138750,138567,13
138751,138567,15
138752,138568,14
138753,138570,11
138754,138571,13
138755,138572,13
138756,138572,11
138757,138573,13
138758,138574,13
138759,138575,12
138760,138575,13
138761,138576,11
138762,138576,15
138763,138578,15
138764,138580,14
138765,138580,12
138766,138581,15
138767,138581,14
138768,138583,13
138769,138583,12
138770,138586,12
138771,138587,15
138772,138587,15
138773,138588,15
138774,138589,15
138775,138590,14
138776,138590,15
138777,138591,15
138778,138592,14
138779,138592,11
138780,138593,11
138781,138593,11
138782,138594,14
138783,138595,12
138784,138595,13
138785,138597,15
138786,138598,13
138787,138598,15
138788,138599,15
138789,138599,11
138790,138602,11
138791,138602,12
138792,138605,13
138793,138606,14
138794,138607,14
138795,138607,11
138796,138608,15
138797,138609,12
138798,138609,11
138799,138611,13
138800,138612,12
138801,138612,13
138802,138614,11
138803,138614,12
138804,138616,11
138805,138616,15
138806,138617,14
138807,138618,12
138808,138618,15
138809,138622,15
138810,138623,13
138811,138623,14
138812,138624,15
138813,138625,13
138814,138625,13
138815,138627,11
138816,138628,11
138817,138628,12
138818,138629,15
138819,138630,11
138820,138630,11
138821,138631,12
138822,138633,15
138823,138633,15
138824,138634,14
138825,138634,14
138826,138637,11
138827,138637,13
138828,138638,15
138829,138638,12
138830,138639,14
138831,138639,15
138832,138640,14
138833,138640,14
138834,138641,14
138835,138642,11
138836,138643,11
138837,138646,11
138838,138646,11
138839,138647,15
138840,138647,14
138841,138648,11
138842,138648,13
138843,138649,14
138844,138650,15
138845,138650,13
138846,138652,15
138847,138652,15
138848,138653,15
138849,138654,13
138850,138657,13
138851,138658,13
138852,138658,12
138853,138659,15
138854,138659,13
138855,138660,12
138856,138660,13
138857,138662,15
138858,138662,12
138859,138663,14
138860,138663,12
138861,138665,14
138862,138665,15
138863,138667,14
138864,138667,15
138865,138669,13
138866,138669,13
138867,138671,12
138868,138671,12
138869,138674,13
138870,138674,15
138871,138675,12
138872,138675,13
138873,138676,11
138874,138678,11
138875,138679,15
138876,138682,13
138877,138683,12
138878,138683,15
138879,138686,12
138880,138686,14
138881,138687,13
138882,138689,11
138883,138691,12
138884,138691,13
138885,138692,14
138886,138696,11
138887,138696,15
138888,138697,15
138889,138697,11
138890,138699,11
138891,138700,15
138892,138701,15
138893,138702,11
138894,138705,13
138895,138705,11
138896,138706,11
138897,138706,15
138898,138707,12
138899,138708,12
138900,138710,14
138901,138711,15
138902,138713,11
138903,138714,13
138904,138715,15
138905,138717,15
138906,138718,12
138907,138719,12
138908,138721,14
138909,138722,14
138910,138722,15
138911,138723,13
138912,138724,12
138913,138724,15
138914,138725,14
138915,138725,13
138916,138726,15
138917,138726,11
138918,138727,12
138919,138729,11
138920,138729,13
138921,138731,11
138922,138731,13
138923,138733,12
138924,138734,15
138925,138734,12
138926,138735,14
138927,138736,15
138928,138736,12
138929,138738,15
138930,138742,13
138931,138742,15
138932,138743,11
138933,138744,12
138934,138744,12
138935,138745,11
138936,138745,15
138937,138746,12
138938,138747,12
138939,138749,11
138940,138751,12
138941,138751,12
138942,138753,13
138943,138754,13
138944,138754,12
138945,138757,15
138946,138758,15
138947,138759,11
138948,138763,11
138949,138764,11
138950,138767,15
138951,138768,15
138952,138768,11
138953,138769,11
138954,138770,11
138955,138771,14
138956,138771,12
138957,138773,14
138958,138773,15
138959,138775,11
138960,138775,13
138961,138776,12
138962,138776,15
138963,138777,14
138964,138777,14
138965,138778,12
138966,138778,12
138967,138779,13
138968,138779,11
138969,138781,13
138970,138782,12
138971,138783,15
138972,138783,14
138973,138784,14
138974,138786,14
138975,138788,14
138976,138788,14
138977,138789,12
138978,138796,14
138979,138796,11
138980,138797,11
138981,138798,13
138982,138800,15
138983,138800,15
138984,138802,12
138985,138802,15
138986,138803,11
138987,138804,11
138988,138805,11
138989,138806,11
138990,138807,12
138991,138807,12
138992,138809,14
138993,138809,15
138994,138810,15
138995,138810,15
138996,138811,15
138997,138811,14
138998,138812,14
138999,138812,15
139000,138814,14
139001,138815,14
139002,138816,15
139003,138816,12
139004,138817,12
139005,138818,13
139006,138821,15
139007,138822,14
139008,138823,11
139009,138823,15
139010,138826,15
139011,138826,11
139012,138828,13
139013,138829,15
139014,138832,14
139015,138833,12
139016,138834,14
139017,138834,11
139018,138837,13
139019,138837,11
139020,138838,14
139021,138840,12
139022,138840,14
139023,138841,12
139024,138841,12
139025,138843,15
139026,138844,12
139027,138845,12
139028,138846,14
139029,138847,12
139030,138848,14
139031,138848,15
139032,138849,13
139033,138849,13
139034,138850,13
139035,138850,11
139036,138851,12
139037,138852,14
139038,138853,15
139039,138855,13
139040,138856,11
139041,138856,13
139042,138857,13
139043,138857,15
139044,138858,15
139045,138859,13
139046,138862,15
139047,138863,11
139048,138863,12
139049,138864,14
139050,138865,15
139051,138866,13
139052,138867,12
139053,138867,13
139054,138868,13
139055,138868,13
139056,138869,11
139057,138869,14
139058,138871,15
139059,138874,14
139060,138874,14
139061,138875,14
139062,138875,13
139063,138876,14
139064,138880,11
139065,138880,13
139066,138881,11
139067,138881,11
139068,138882,12
139069,138884,15
139070,138884,11
139071,138887,13
139072,138888,14
139073,138889,12
139074,138891,15
139075,138891,14
139076,138893,13
139077,138894,11
139078,138895,11
139079,138895,13
139080,138896,14
139081,138896,11
139082,138899,11
139083,138900,11
139084,138900,15
139085,138902,11
139086,138903,14
139087,138903,11
139088,138904,12
139089,138905,15
139090,138905,12
139091,138906,14
139092,138906,13
139093,138907,13
139094,138908,15
139095,138908,15
139096,138909,15
139097,138909,11
139098,138910,12
139099,138910,11
139100,138911,11
139101,138914,11
139102,138915,15
139103,138915,11
139104,138916,15
139105,138918,12
139106,138918,15
139107,138919,15
139108,138921,14
139109,138921,12
139110,138923,11
139111,138926,13
139112,138927,12
139113,138927,15
139114,138928,12
139115,138928,14
139116,138929,14
139117,138929,11
139118,138930,12
139119,138931,12
139120,138932,13
139121,138932,14
139122,138933,14
139123,138933,11
139124,138934,11
139125,138934,14
139126,138936,14
139127,138937,12
139128,138937,14
139129,138938,15
139130,138941,15
139131,138941,15
139132,138942,14
139133,138942,15
139134,138943,12
139135,138944,12
139136,138945,13
139137,138946,12
139138,138948,11
139139,138950,11
139140,138951,14
139141,138952,11
139142,138952,11
139143,138953,14
139144,138953,14
139145,138954,14
139146,138957,12
139147,138957,14
139148,138958,15
139149,138958,11
139150,138960,11
139151,138961,15
139152,138962,13
139153,138964,11
139154,138965,15
139155,138965,14
139156,138966,11
139157,138967,14
139158,138967,12
139159,138968,14
139160,138968,14
139161,138969,12
139162,138969,14
139163,138971,14
139164,138971,12
139165,138973,14
139166,138974,13
139167,138975,12
139168,138975,15
139169,138977,15
139170,138978,11
139171,138979,14
139172,138981,11
139173,138983,11
139174,138984,13
139175,138985,12
139176,138986,12
139177,138986,13
139178,138987,11
139179,138988,14
139180,138988,11
139181,138990,15
139182,138990,13
139183,138991,11
139184,138991,15
139185,138993,12
139186,138994,11
139187,138994,15
139188,138995,14
139189,138997,14
139190,138997,14
139191,138998,14
139192,138998,15
139193,138999,14
139194,138999,12
139195,139000,12
139196,139000,15
139197,139001,15
139198,139001,13
139199,139002,15
139200,139004,12
139201,139004,13
139202,139006,11
139203,139007,14
139204,139007,12
139205,139009,15
139206,139009,13
139207,139011,15
139208,139011,14
139209,139012,12
139210,139012,11
139211,139014,14
139212,139015,12
139213,139016,15
139214,139016,12
139215,139017,12
139216,139017,14
139217,139018,15
139218,139018,15
139219,139019,11
139220,139021,14
139221,139022,11
139222,139022,15
139223,139023,11
139224,139025,11
139225,139029,14
139226,139029,13
139227,139031,13
139228,139032,13
139229,139032,12
139230,139033,15
139231,139033,13
139232,139034,13
139233,139036,13
139234,139036,13
139235,139037,14
139236,139038,13
139237,139038,13
139238,139039,13
139239,139039,13
139240,139040,13
139241,139040,14
139242,139043,11
139243,139043,12
139244,139045,15
139245,139046,13
139246,139046,13
139247,139047,15
139248,139047,15
139249,139049,14
139250,139050,12
139251,139050,15
139252,139051,14
139253,139051,14
139254,139052,11
139255,139052,11
139256,139053,15
139257,139053,15
139258,139054,11
139259,139055,12
139260,139056,13
139261,139056,13
139262,139057,12
139263,139057,11
139264,139058,12
139265,139058,12
139266,139060,12
139267,139060,13
139268,139061,14
139269,139061,13
139270,139062,11
139271,139063,12
139272,139063,12
139273,139064,14
139274,139066,11
139275,139067,13
139276,139067,13
139277,139068,15
139278,139069,13
139279,139069,11
139280,139070,15
139281,139070,13
139282,139075,13
139283,139075,14
139284,139076,12
139285,139077,12
139286,139079,15
139287,139080,15
139288,139081,13
139289,139081,15
139290,139082,13
139291,139082,14
139292,139083,14
139293,139084,13
139294,139085,14
139295,139086,12
139296,139086,12
139297,139088,11
139298,139088,11
139299,139089,13
139300,139092,15
139301,139093,15
139302,139094,13
139303,139094,15
139304,139100,15
139305,139100,12
139306,139103,11
139307,139103,15
139308,139105,11
139309,139105,11
139310,139106,13
139311,139106,14
139312,139109,12
139313,139112,14
139314,139112,13
139315,139113,12
139316,139113,11
139317,139114,11
139318,139115,11
139319,139115,11
139320,139117,13
139321,139120,12
139322,139120,15
139323,139121,13
139324,139121,13
139325,139122,13
139326,139122,11
139327,139125,14
139328,139125,14
139329,139127,15
139330,139127,13
139331,139129,11
139332,139129,13
139333,139131,11
139334,139132,12
139335,139132,11
139336,139133,13
139337,139133,13
139338,139134,13
139339,139135,15
139340,139136,15
139341,139136,15
139342,139137,15
139343,139138,12
139344,139139,14
139345,139140,15
139346,139141,14
139347,139143,14
139348,139144,14
139349,139144,12
139350,139145,14
139351,139145,14
139352,139146,13
139353,139146,13
139354,139147,11
139355,139147,12
139356,139151,12
139357,139152,11
139358,139152,11
139359,139154,11
139360,139154,13
139361,139155,11
139362,139156,14
139363,139158,15
139364,139159,14
139365,139159,11
139366,139160,15
139367,139160,13
139368,139161,14
139369,139161,14
139370,139162,15
139371,139165,14
139372,139165,13
139373,139167,15
139374,139167,15
139375,139168,11
139376,139168,15
139377,139170,12
139378,139170,12
139379,139171,11
139380,139172,12
139381,139173,11
139382,139173,13
139383,139174,13
139384,139174,14
139385,139175,11
139386,139175,11
139387,139177,13
139388,139178,13
139389,139178,14
139390,139179,11
139391,139181,12
139392,139182,15
139393,139183,13
139394,139183,12
139395,139185,13
139396,139185,15
139397,139186,13
139398,139186,11
139399,139187,14
139400,139188,11
139401,139189,14
139402,139191,13
139403,139191,15
139404,139193,15
139405,139193,14
139406,139195,12
139407,139198,15
139408,139198,11
139409,139199,14
139410,139199,11
139411,139200,11
139412,139201,11
139413,139201,13
139414,139203,12
139415,139204,11
139416,139204,14
139417,139208,14
139418,139210,14
139419,139210,11
139420,139211,13
139421,139211,13
139422,139212,13
139423,139216,12
139424,139216,11
139425,139217,15
139426,139217,13
139427,139219,12
139428,139223,15
139429,139223,12
139430,139224,12
139431,139226,12
139432,139227,15
139433,139227,14
139434,139228,15
139435,139229,12
139436,139231,11
139437,139231,15
139438,139232,13
139439,139232,11
139440,139233,14
139441,139233,12
139442,139236,13
139443,139237,15
139444,139237,14
139445,139238,15
139446,139239,13
139447,139240,11
139448,139240,15
139449,139241,13
139450,139244,13
139451,139245,11
139452,139247,14
139453,139247,13
139454,139248,14
139455,139248,12
139456,139250,11
139457,139250,14
139458,139251,11
139459,139252,11
139460,139252,14
139461,139253,15
139462,139253,15
139463,139254,11
139464,139255,15
139465,139256,13
139466,139256,15
139467,139257,14
139468,139257,15
139469,139259,13
139470,139259,13
139471,139260,15
139472,139260,11
139473,139261,15
139474,139262,15
139475,139263,15
139476,139264,11
139477,139266,15
139478,139266,13
139479,139267,11
139480,139268,15
139481,139269,13
139482,139270,13
139483,139270,13
139484,139271,11
139485,139271,13
139486,139272,13
139487,139272,11
139488,139274,12
139489,139274,14
139490,139276,15
139491,139278,12
139492,139280,15
139493,139281,12
139494,139282,13
139495,139282,12
139496,139283,11
139497,139284,13
139498,139285,14
139499,139286,12
139500,139287,12
139501,139287,12
139502,139288,14
139503,139288,11
139504,139289,12
139505,139290,11
139506,139292,12
139507,139292,12
139508,139293,14
139509,139294,11
139510,139295,11
139511,139295,14
139512,139296,15
139513,139297,15
139514,139299,11
139515,139300,15
139516,139301,11
139517,139302,11
139518,139302,13
139519,139303,14
139520,139303,14
139521,139304,12
139522,139304,15
139523,139305,14
139524,139305,12
139525,139306,13
139526,139306,13
139527,139307,14
139528,139309,14
139529,139310,14
139530,139311,12
139531,139311,12
139532,139312,12
139533,139313,13
139534,139313,12
139535,139315,13
139536,139316,13
139537,139316,15
139538,139317,12
139539,139317,13
139540,139319,12
139541,139319,11
139542,139320,11
139543,139322,15
139544,139322,14
139545,139324,12
139546,139324,12
139547,139326,15
139548,139326,13
139549,139327,14
139550,139328,12
139551,139328,15
139552,139330,13
139553,139330,13
139554,139331,11
139555,139331,13
139556,139332,12
139557,139336,12
139558,139336,14
139559,139338,11
139560,139340,11
139561,139340,15
139562,139341,13
139563,139342,13
139564,139342,13
139565,139343,15
139566,139345,15
139567,139345,15
139568,139349,11
139569,139350,11
139570,139350,13
139571,139351,15
139572,139352,15
139573,139354,13
139574,139354,14
139575,139356,12
139576,139357,11
139577,139358,11
139578,139358,12
139579,139359,15
139580,139360,13
139581,139362,12
139582,139362,14
139583,139363,15
139584,139364,15
139585,139365,15
139586,139365,12
139587,139366,11
139588,139366,14
139589,139367,12
139590,139367,12
139591,139368,11
139592,139368,11
139593,139369,11
139594,139370,13
139595,139370,15
139596,139371,13
139597,139371,12
139598,139373,15
139599,139375,11
139600,139376,15
139601,139378,11
139602,139378,14
139603,139379,14
139604,139379,12
139605,139380,14
139606,139381,14
139607,139382,11
139608,139383,13
139609,139385,13
139610,139385,13
139611,139387,12
139612,139390,11
139613,139390,14
139614,139391,13
139615,139391,15
139616,139392,11
139617,139392,15
139618,139394,12
139619,139395,15
139620,139395,12
139621,139396,12
139622,139396,13
139623,139398,15
139624,139398,15
139625,139400,13
139626,139400,15
139627,139402,13
139628,139405,12
139629,139405,11
139630,139409,14
139631,139410,11
139632,139410,11
139633,139411,12
139634,139411,13
139635,139412,12
139636,139412,14
139637,139414,11
139638,139414,12
139639,139417,13
139640,139420,14
139641,139421,11
139642,139421,11
139643,139422,13
139644,139422,11
139645,139423,13
139646,139424,13
139647,139426,15
139648,139426,12
139649,139429,15
139650,139431,13
139651,139432,12
139652,139432,14
139653,139433,15
139654,139434,11
139655,139435,14
139656,139435,13
139657,139437,13
139658,139437,15
139659,139439,13
139660,139440,13
139661,139441,13
139662,139444,11
139663,139446,14
139664,139446,14
139665,139447,15
139666,139448,11
139667,139449,11
139668,139450,14
139669,139450,11
139670,139452,11
139671,139452,11
139672,139454,13
139673,139454,14
139674,139455,12
139675,139455,13
139676,139456,11
139677,139456,15
139678,139457,15
139679,139458,13
139680,139458,13
139681,139460,13
139682,139460,15
139683,139461,13
139684,139462,12
139685,139463,11
139686,139464,12
139687,139469,15
139688,139472,13
139689,139472,15
139690,139474,14
139691,139475,12
139692,139476,15
139693,139477,15
139694,139479,15
139695,139479,14
139696,139483,12
139697,139485,15
139698,139486,11
139699,139487,15
139700,139487,14
139701,139489,11
139702,139490,14
139703,139490,12
139704,139491,13
139705,139491,14
139706,139493,15
139707,139493,14
139708,139494,15
139709,139495,14
139710,139495,14
139711,139496,14
139712,139496,14
139713,139497,14
139714,139497,14
139715,139499,15
139716,139499,13
139717,139500,11
139718,139500,11
139719,139505,14
139720,139505,14
139721,139506,15
139722,139506,12
139723,139507,13
139724,139508,13
139725,139508,14
139726,139512,14
139727,139512,14
139728,139515,11
139729,139521,11
139730,139521,12
139731,139523,11
139732,139523,13
139733,139524,11
139734,139525,15
139735,139525,15
139736,139526,13
139737,139526,12
139738,139527,14
139739,139529,14
139740,139530,13
139741,139530,13
139742,139531,12
139743,139532,11
139744,139532,11
139745,139533,11
139746,139534,15
139747,139534,14
139748,139536,14
139749,139536,14
139750,139537,13
139751,139538,15
139752,139538,12
139753,139539,14
139754,139541,12
139755,139542,15
139756,139545,12
139757,139546,13
139758,139546,13
139759,139548,12
139760,139548,13
139761,139549,12
139762,139549,15
139763,139550,12
139764,139550,15
139765,139552,12
139766,139553,11
139767,139554,14
139768,139554,15
139769,139555,15
139770,139557,14
139771,139558,13
139772,139558,14
139773,139559,14
139774,139559,15
139775,139560,12
139776,139560,14
139777,139562,15
139778,139562,14
139779,139564,15
139780,139564,15
139781,139566,11
139782,139566,15
139783,139569,14
139784,139569,12
139785,139570,14
139786,139571,13
139787,139571,15
139788,139572,14
139789,139574,12
139790,139574,12
139791,139575,12
139792,139575,11
139793,139576,11
139794,139577,14
139795,139577,11
139796,139578,12
139797,139579,11
139798,139579,15
139799,139581,14
139800,139581,12
139801,139582,15
139802,139583,13
139803,139583,13
139804,139584,14
139805,139586,15
139806,139587,15
139807,139589,14
139808,139590,11
139809,139590,13
139810,139591,11
139811,139592,14
139812,139592,15
139813,139594,11
139814,139594,12
139815,139595,14
139816,139596,15
139817,139596,14
139818,139597,11
139819,139598,14
139820,139598,13
139821,139599,15
139822,139599,15
139823,139602,12
139824,139602,15
139825,139604,12
139826,139604,12
139827,139606,11
139828,139606,12
139829,139607,11
139830,139607,13
139831,139608,11
139832,139610,11
139833,139610,15
139834,139612,13
139835,139613,11
139836,139614,13
139837,139614,13
139838,139615,15
139839,139616,15
139840,139616,13
139841,139617,13
139842,139617,14
139843,139618,11
139844,139619,13
139845,139622,13
139846,139623,15
139847,139623,12
139848,139626,15
139849,139626,12
139850,139628,13
139851,139628,14
139852,139630,13
139853,139633,14
139854,139634,15
139855,139635,14
139856,139635,11
139857,139637,14
139858,139637,11
139859,139638,14
139860,139638,11
139861,139640,12
139862,139640,14
139863,139641,12
139864,139641,15
139865,139642,11
139866,139643,15
139867,139646,14
139868,139646,14
139869,139647,11
139870,139649,13
139871,139649,11
139872,139650,11
139873,139650,12
139874,139652,12
139875,139652,15
139876,139653,13
139877,139654,11
139878,139654,11
139879,139655,12
139880,139656,14
139881,139656,11
139882,139657,13
139883,139659,12
139884,139659,11
139885,139660,14
139886,139661,14
139887,139663,15
139888,139664,14
139889,139665,12
139890,139665,12
139891,139666,12
139892,139666,13
139893,139668,13
139894,139668,12
139895,139669,12
139896,139670,11
139897,139670,11
139898,139673,12
139899,139673,15
139900,139677,15
139901,139678,15
139902,139678,15
139903,139679,14
139904,139679,15
139905,139682,12
139906,139682,15
139907,139683,13
139908,139685,11
139909,139687,12
139910,139687,15
139911,139688,11
139912,139689,12
139913,139692,11
139914,139693,14
139915,139694,11
139916,139694,11
139917,139696,15
139918,139697,12
139919,139697,14
139920,139699,12
139921,139700,11
139922,139700,11
139923,139702,15
139924,139704,11
139925,139706,15
139926,139706,15
139927,139707,11
139928,139707,14
139929,139708,11
139930,139708,11
139931,139709,13
139932,139710,11
139933,139710,13
139934,139711,12
139935,139711,15
139936,139712,11
139937,139713,12
139938,139714,11
139939,139714,11
139940,139715,15
139941,139715,11
139942,139716,15
139943,139716,15
139944,139717,11
139945,139717,12
139946,139718,14
139947,139718,15
139948,139719,14
139949,139720,13
139950,139723,13
139951,139723,14
139952,139724,14
139953,139724,12
139954,139726,13
139955,139726,11
139956,139727,14
139957,139727,14
139958,139729,13
139959,139730,12
139960,139731,12
139961,139732,15
139962,139733,15
139963,139736,12
139964,139737,14
139965,139741,14
139966,139744,14
139967,139746,12
139968,139747,14
139969,139748,13
139970,139749,12
139971,139749,13
139972,139750,13
139973,139751,13
139974,139751,14
139975,139752,13
139976,139753,13
139977,139753,11
139978,139754,14
139979,139754,14
139980,139755,12
139981,139755,13
139982,139757,12
139983,139757,15
139984,139758,14
139985,139759,15
139986,139760,12
139987,139760,11
139988,139761,15
139989,139761,12
139990,139762,13
139991,139762,12
139992,139764,11
139993,139764,13
139994,139766,15
139995,139767,12
139996,139767,15
139997,139768,12
139998,139769,13
139999,139769,12
140000,139770,11
140001,139770,14
140002,139771,15
140003,139772,15
140004,139774,14
140005,139774,12
140006,139775,11
140007,139775,13
140008,139776,13
140009,139777,15
140010,139777,14
140011,139778,14
140012,139778,15
140013,139779,13
140014,139779,14
140015,139781,14
140016,139781,11
140017,139782,13
140018,139782,15
140019,139784,15
140020,139785,15
140021,139787,11
140022,139788,15
140023,139789,15
140024,139790,13
140025,139791,13
140026,139792,14
140027,139792,14
140028,139793,14
140029,139795,13
140030,139795,15
140031,139796,14
140032,139796,12
140033,139798,12
140034,139799,13
140035,139800,11
140036,139801,12
140037,139803,13
140038,139803,13
140039,139804,12
140040,139804,12
140041,139805,14
140042,139805,14
140043,139806,14
140044,139807,11
140045,139807,11
140046,139808,11
140047,139811,13
140048,139816,15
140049,139817,11
140050,139817,14
140051,139818,12
140052,139820,13
140053,139820,13
140054,139821,12
140055,139822,11
140056,139824,15
140057,139824,14
140058,139825,14
140059,139826,11
140060,139828,12
140061,139829,11
140062,139829,13
140063,139830,11
140064,139830,15
140065,139831,15
140066,139832,12
140067,139832,15
140068,139833,12
140069,139837,14
140070,139837,15
140071,139838,11
140072,139838,11
140073,139839,11
140074,139839,11
140075,139840,15
140076,139840,12
140077,139841,12
140078,139841,12
140079,139843,15
140080,139844,11
140081,139845,15
140082,139846,11
140083,139848,12
140084,139848,15
140085,139849,11
140086,139851,15
140087,139852,14
140088,139852,11
140089,139854,14
140090,139854,13
140091,139855,12
140092,139855,13
140093,139858,12
140094,139865,15
140095,139865,15
140096,139866,13
140097,139868,15
140098,139869,15
140099,139869,11
140100,139870,11
140101,139870,11
140102,139871,15
140103,139873,13
140104,139873,15
140105,139874,15
140106,139874,12
140107,139876,11
140108,139876,13
140109,139877,15
140110,139879,13
140111,139879,12
140112,139880,12
140113,139880,15
140114,139882,14
140115,139882,11
140116,139883,13
140117,139885,14
140118,139885,15
140119,139886,15
140120,139886,13
140121,139888,15
140122,139891,12
140123,139892,14
140124,139893,14
140125,139894,11
140126,139895,12
140127,139896,11
140128,139896,11
140129,139897,12
140130,139899,15
140131,139899,13
140132,139900,11
140133,139902,13
140134,139904,11
140135,139904,13
140136,139905,11
140137,139905,15
140138,139907,13
140139,139909,14
140140,139909,13
140141,139910,15
140142,139911,12
140143,139913,11
140144,139913,14
140145,139915,12
140146,139915,14
140147,139916,11
140148,139917,11
140149,139918,13
140150,139918,12
140151,139919,15
140152,139920,13
140153,139920,11
140154,139921,13
140155,139922,14
140156,139923,14
140157,139923,13
140158,139924,13
140159,139925,15
140160,139926,13
140161,139926,13
140162,139927,12
140163,139927,14
140164,139930,12
140165,139935,13
140166,139935,15
140167,139936,13
140168,139937,13
140169,139939,11
140170,139939,12
140171,139940,11
140172,139942,11
140173,139943,11
140174,139943,13
140175,139944,13
140176,139946,14
140177,139947,15
140178,139948,14
140179,139948,14
140180,139949,11
140181,139949,11
140182,139951,12
140183,139952,14
140184,139953,13
140185,139954,13
140186,139958,11
140187,139960,15
140188,139960,11
140189,139961,11
140190,139963,14
140191,139965,15
140192,139965,12
140193,139967,12
140194,139968,13
140195,139968,12
140196,139969,12
140197,139969,14
140198,139971,15
140199,139973,11
140200,139973,11
140201,139974,15
140202,139974,12
140203,139976,15
140204,139976,13
140205,139978,13
140206,139980,12
140207,139981,11
140208,139985,11
140209,139985,15
140210,139987,15
140211,139987,13
140212,139988,13
140213,139989,14
140214,139989,12
140215,139991,11
140216,139991,12
140217,139992,14
140218,139992,14
140219,139993,12
140220,139993,15
140221,139994,13
140222,139994,12
140223,139996,14
140224,139996,14
140225,139999,11
140226,140000,12
140227,140002,12
140228,140003,11
140229,140003,12
140230,140004,11
140231,140004,13
140232,140005,13
140233,140006,14
140234,140006,13
140235,140007,12
140236,140007,13
140237,140008,14
140238,140011,13
140239,140011,15
140240,140012,13
140241,140013,14
140242,140014,14
140243,140014,14
140244,140017,11
140245,140017,13
140246,140018,14
140247,140018,11
140248,140019,15
140249,140020,11
140250,140020,12
140251,140022,11
140252,140022,15
140253,140023,12
140254,140025,13
140255,140025,11
140256,140026,13
140257,140027,13
140258,140027,13
140259,140029,14
140260,140029,12
140261,140036,13
140262,140038,14
140263,140039,14
140264,140039,15
140265,140041,12
140266,140043,11
140267,140045,14
140268,140045,14
140269,140046,11
140270,140046,12
140271,140047,12
140272,140047,11
140273,140049,12
140274,140050,13
140275,140051,11
140276,140051,13
140277,140052,13
140278,140052,15
140279,140053,15
140280,140053,11
140281,140055,11
140282,140056,15
140283,140056,12
140284,140057,12
140285,140057,12
140286,140058,11
140287,140058,15
140288,140060,11
140289,140060,12
140290,140064,12
140291,140066,11
140292,140067,12
140293,140067,11
140294,140068,15
140295,140068,14
140296,140070,13
140297,140070,13
140298,140071,11
140299,140072,12
140300,140073,12
140301,140074,13
140302,140074,14
140303,140075,12
140304,140076,12
140305,140077,14
140306,140077,15
140307,140079,14
140308,140081,14
140309,140081,13
140310,140082,13
140311,140083,15
140312,140085,12
140313,140087,15
140314,140088,14
140315,140088,13
140316,140089,11
140317,140089,14
140318,140090,13
140319,140093,15
140320,140096,11
140321,140096,13
140322,140101,11
140323,140101,13
140324,140102,11
140325,140103,13
140326,140104,13
140327,140105,13
140328,140105,15
140329,140106,15
140330,140106,11
140331,140107,11
140332,140108,12
140333,140109,13
140334,140110,13
140335,140110,13
140336,140111,13
140337,140113,14
140338,140113,15
140339,140115,13
140340,140115,13
140341,140116,13
140342,140116,11
140343,140117,14
140344,140118,12
140345,140118,11
140346,140119,12
140347,140119,12
140348,140120,13
140349,140121,12
140350,140121,11
140351,140122,14
140352,140122,14
140353,140123,14
140354,140124,13
140355,140128,12
140356,140128,12
140357,140129,12
140358,140130,12
140359,140132,13
140360,140133,15
140361,140133,14
140362,140136,15
140363,140139,15
140364,140139,11
140365,140140,13
140366,140140,13
140367,140141,14
140368,140142,11
140369,140142,15
140370,140144,11
140371,140144,14
140372,140145,12
140373,140145,12
140374,140146,11
140375,140146,15
140376,140147,11
140377,140147,14
140378,140149,11
140379,140149,12
140380,140150,13
140381,140150,12
140382,140151,13
140383,140151,15
140384,140152,12
140385,140152,13
140386,140153,11
140387,140153,11
140388,140154,14
140389,140157,14
140390,140159,13
140391,140160,13
140392,140161,14
140393,140161,12
140394,140163,15
140395,140164,14
140396,140165,11
140397,140166,14
140398,140166,14
140399,140168,11
140400,140168,12
140401,140169,12
140402,140169,14
140403,140170,12
140404,140170,12
140405,140171,13
140406,140171,14
140407,140173,14
140408,140176,11
140409,140177,13
140410,140177,13
140411,140178,15
140412,140178,14
140413,140179,11
140414,140179,12
140415,140180,11
140416,140182,13
140417,140183,12
140418,140183,13
140419,140187,15
140420,140188,12
140421,140188,13
140422,140190,12
140423,140190,14
140424,140191,12
140425,140192,11
140426,140192,13
140427,140193,13
140428,140193,14
140429,140195,13
140430,140196,13
140431,140197,15
140432,140197,14
140433,140198,11
140434,140199,13
140435,140199,15
140436,140200,11
140437,140200,14
140438,140201,11
140439,140202,15
140440,140203,13
140441,140204,15
140442,140204,14
140443,140206,14
140444,140206,14
140445,140207,11
140446,140210,15
140447,140210,15
140448,140211,15
140449,140212,12
140450,140213,11
140451,140214,14
140452,140214,12
140453,140215,15
140454,140216,12
140455,140216,11
140456,140217,15
140457,140218,12
140458,140218,12
140459,140220,12
140460,140220,11
140461,140221,14
140462,140221,15
140463,140224,13
140464,140224,11
140465,140225,11
140466,140225,15
140467,140226,13
140468,140227,11
140469,140228,13
140470,140230,13
140471,140231,15
140472,140235,14
140473,140236,15
140474,140237,12
140475,140237,11
140476,140238,14
140477,140238,11
140478,140239,15
140479,140240,15
140480,140240,15
140481,140241,15
140482,140241,14
140483,140242,11
140484,140243,15
140485,140243,12
140486,140244,14
140487,140244,15
140488,140245,13
140489,140248,14
140490,140249,15
140491,140254,12
140492,140254,15
140493,140255,11
140494,140255,12
140495,140256,15
140496,140257,12
140497,140259,13
140498,140259,15
140499,140270,14
140500,140272,13
140501,140277,11
140502,140277,15
140503,140278,14
140504,140278,13
140505,140281,14
140506,140283,15
140507,140283,13
140508,140284,15
140509,140285,13
140510,140285,12
140511,140286,13
140512,140286,12
140513,140287,12
140514,140287,13
140515,140289,13
140516,140290,12
140517,140290,11
140518,140291,12
140519,140292,15
140520,140294,13
140521,140294,15
140522,140295,15
140523,140296,13
140524,140297,11
140525,140298,14
140526,140299,11
140527,140299,11
140528,140300,11
140529,140300,12
140530,140302,14
140531,140303,11
140532,140303,12
140533,140304,13
140534,140306,13
140535,140306,13
140536,140307,11
140537,140309,14
140538,140309,15
140539,140311,14
140540,140311,11
140541,140312,12
140542,140312,13
140543,140313,14
140544,140313,15
140545,140314,14
140546,140315,11
140547,140316,11
140548,140317,13
140549,140317,15
140550,140318,14
140551,140320,14
140552,140320,15
140553,140321,15
140554,140322,13
140555,140322,13
140556,140325,12
140557,140326,13
140558,140327,13
140559,140327,14
140560,140329,14
140561,140330,11
140562,140331,15
140563,140331,15
140564,140333,15
140565,140334,15
140566,140335,12
140567,140335,14
140568,140336,12
140569,140336,14
140570,140338,13
140571,140339,11
140572,140340,12
140573,140340,13
140574,140341,14
140575,140341,11
140576,140342,13
140577,140343,13
140578,140345,14
140579,140345,14
140580,140347,13
140581,140347,13
140582,140349,12
140583,140349,13
140584,140350,14
140585,140350,13
140586,140351,15
140587,140353,13
140588,140354,13
140589,140355,12
140590,140356,13
140591,140357,11
140592,140358,12
140593,140359,14
140594,140359,11
140595,140360,15
140596,140361,15
140597,140362,14
140598,140362,13
140599,140363,12
140600,140363,11
140601,140364,14
140602,140367,14
140603,140368,15
140604,140370,11
140605,140370,13
140606,140373,11
140607,140376,12
140608,140377,12
140609,140379,13
140610,140380,14
140611,140381,13
140612,140384,15
140613,140384,12
140614,140385,13
140615,140388,12
140616,140388,12
140617,140389,14
140618,140389,15
140619,140390,14
140620,140390,11
140621,140391,11
140622,140391,15
140623,140392,14
140624,140394,12
140625,140394,11
140626,140395,11
140627,140396,14
140628,140396,12
140629,140397,15
140630,140398,13
140631,140398,14
140632,140399,15
140633,140400,15
140634,140400,15
140635,140402,11
140636,140404,13
140637,140405,11
140638,140406,11
140639,140406,11
140640,140407,14
140641,140411,11
140642,140412,13
140643,140413,11
140644,140414,14
140645,140417,13
140646,140418,13
140647,140418,11
140648,140419,11
140649,140419,11
140650,140420,13
140651,140420,12
140652,140421,14
140653,140424,13
140654,140427,12
140655,140427,15
140656,140429,14
140657,140430,14
140658,140431,14
140659,140432,15
140660,140433,12
140661,140433,13
140662,140434,14
140663,140434,14
140664,140436,14
140665,140436,15
140666,140437,13
140667,140437,11
140668,140439,13
140669,140439,11
140670,140440,13
140671,140441,13
140672,140442,15
140673,140444,15
140674,140444,11
140675,140445,12
140676,140445,13
140677,140446,15
140678,140447,15
140679,140447,11
140680,140448,12
140681,140449,11
140682,140449,15
140683,140450,15
140684,140450,12
140685,140451,14
140686,140453,11
140687,140454,13
140688,140455,14
140689,140455,11
140690,140457,15
140691,140458,11
140692,140458,13
140693,140462,12
140694,140462,13
140695,140463,15
140696,140467,14
140697,140469,14
140698,140469,14
140699,140470,13
140700,140470,15
140701,140471,11
140702,140472,13
140703,140474,11
140704,140474,13
140705,140478,14
140706,140478,15
140707,140479,11
140708,140479,13
140709,140481,12
140710,140481,12
140711,140482,11
140712,140483,15
140713,140483,14
140714,140486,15
140715,140486,11
140716,140489,14
140717,140489,12
140718,140490,11
140719,140491,13
140720,140492,15
140721,140492,15
140722,140493,15
140723,140493,15
140724,140494,15
140725,140494,12
140726,140497,12
140727,140497,14
140728,140498,15
140729,140498,12
140730,140499,13
140731,140500,11
140732,140501,11
140733,140501,11
140734,140502,14
140735,140502,15
140736,140503,15
140737,140503,14
140738,140504,15
140739,140504,12
140740,140505,11
140741,140506,14
140742,140506,15
140743,140507,12
140744,140507,15
140745,140511,11
140746,140512,11
140747,140512,11
140748,140513,12
140749,140515,14
140750,140516,12
140751,140520,14
140752,140520,13
140753,140521,12
140754,140521,13
140755,140522,13
140756,140525,12
140757,140525,12
140758,140526,14
140759,140527,14
140760,140529,11
140761,140529,11
140762,140531,14
140763,140531,13
140764,140533,12
140765,140534,14
140766,140535,13
140767,140536,15
140768,140537,13
140769,140537,14
140770,140538,11
140771,140539,15
140772,140539,14
140773,140541,11
140774,140541,14
140775,140545,13
140776,140545,12
140777,140546,14
140778,140546,15
140779,140547,12
140780,140547,14
140781,140548,12
140782,140548,15
140783,140549,12
140784,140549,14
140785,140550,14
140786,140552,15
140787,140552,11
140788,140556,11
140789,140556,11
140790,140557,12
140791,140558,13
140792,140559,12
140793,140560,12
140794,140560,13
140795,140562,11
140796,140563,13
140797,140563,15
140798,140564,14
140799,140565,15
140800,140566,11
140801,140566,14
140802,140569,13
140803,140570,15
140804,140571,12
140805,140571,14
140806,140574,14
140807,140574,12
140808,140575,12
140809,140575,14
140810,140576,14
140811,140576,13
140812,140579,15
140813,140580,12
140814,140580,11
140815,140581,12
140816,140583,12
140817,140584,12
140818,140584,13
140819,140585,15
140820,140587,15
140821,140588,13
140822,140588,14
140823,140589,11
140824,140592,11
140825,140593,14
140826,140595,15
140827,140596,13
140828,140596,11
140829,140597,11
140830,140600,13
140831,140601,14
140832,140601,15
140833,140604,14
140834,140604,13
140835,140606,12
140836,140606,11
140837,140609,14
140838,140609,15
140839,140610,13
140840,140610,13
140841,140611,14
140842,140612,13
140843,140612,13
140844,140613,15
140845,140614,12
140846,140614,12
140847,140615,15
140848,140615,13
140849,140616,13
140850,140616,12
140851,140618,15
140852,140619,14
140853,140620,11
140854,140623,14
140855,140627,11
140856,140627,13
140857,140629,13
140858,140629,12
140859,140630,15
140860,140631,14
140861,140631,13
140862,140632,11
140863,140633,15
140864,140633,13
140865,140634,11
140866,140634,11
140867,140636,11
140868,140636,12
140869,140637,11
140870,140638,12
140871,140638,11
140872,140639,15
140873,140640,15
140874,140640,13
140875,140641,13
140876,140641,14
140877,140643,14
140878,140643,15
140879,140646,14
140880,140648,11
140881,140649,12
140882,140652,11
140883,140653,13
140884,140654,12
140885,140656,11
140886,140656,14
140887,140658,14
140888,140658,11
140889,140661,13
140890,140662,14
140891,140663,14
140892,140664,13
140893,140665,13
140894,140665,13
140895,140667,15
140896,140667,11
140897,140668,13
140898,140673,12
140899,140673,14
140900,140675,11
140901,140675,14
140902,140677,14
140903,140678,13
140904,140680,13
140905,140680,15
140906,140681,14
140907,140682,11
140908,140682,13
140909,140683,13
140910,140684,15
140911,140685,14
140912,140686,12
140913,140688,14
140914,140689,11
140915,140690,12
140916,140691,13
140917,140692,14
140918,140693,12
140919,140695,11
140920,140696,14
140921,140697,14
140922,140698,14
140923,140698,13
140924,140699,14
140925,140699,13
140926,140700,12
140927,140701,14
140928,140701,15
140929,140702,12
140930,140703,15
140931,140703,13
140932,140704,12
140933,140708,12
140934,140708,14
140935,140710,13
140936,140711,14
140937,140711,11
140938,140712,11
140939,140712,14
140940,140716,12
140941,140716,15
140942,140717,14
140943,140717,11
140944,140718,11
140945,140718,13
140946,140719,13
140947,140720,12
140948,140720,12
140949,140722,13
140950,140726,11
140951,140726,13
140952,140727,11
140953,140731,11
140954,140731,13
140955,140732,14
140956,140732,15
140957,140733,15
140958,140734,15
140959,140735,11
140960,140736,15
140961,140737,15
140962,140737,14
140963,140738,12
140964,140738,11
140965,140740,12
140966,140740,13
140967,140741,14
140968,140742,14
140969,140743,13
140970,140744,14
140971,140745,13
140972,140746,12
140973,140747,14
140974,140749,11
140975,140749,15
140976,140750,14
140977,140751,11
140978,140751,12
140979,140753,11
140980,140754,11
140981,140755,11
140982,140755,13
140983,140756,13
140984,140756,11
140985,140757,14
140986,140760,11
140987,140763,11
140988,140763,14
140989,140764,13
140990,140765,12
140991,140766,13
140992,140768,14
140993,140768,15
140994,140769,11
140995,140769,14
140996,140772,15
140997,140773,12
140998,140773,15
140999,140774,14
141000,140774,15
141001,140775,13
141002,140775,11
141003,140777,13
141004,140777,13
141005,140778,11
141006,140779,11
141007,140779,15
141008,140780,13
141009,140780,11
141010,140781,14
141011,140782,15
141012,140782,15
141013,140783,12
141014,140783,11
141015,140784,15
141016,140784,14
141017,140786,12
141018,140787,11
141019,140787,12
141020,140789,11
141021,140789,15
141022,140790,11
141023,140791,14
141024,140791,15
141025,140792,15
141026,140792,14
141027,140793,11
141028,140793,15
141029,140796,15
141030,140796,12
141031,140797,13
141032,140798,12
141033,140798,15
141034,140799,12
141035,140799,15
141036,140800,12
141037,140800,15
141038,140801,15
141039,140801,12
141040,140805,13
141041,140806,14
141042,140807,14
141043,140809,13
141044,140810,14
141045,140811,13
141046,140811,15
141047,140812,12
141048,140812,13
141049,140813,14
141050,140814,11
141051,140815,13
141052,140817,13
141053,140818,12
141054,140818,14
141055,140819,15
141056,140819,15
141057,140822,11
141058,140822,11
141059,140823,11
141060,140824,11
141061,140824,15
141062,140825,15
141063,140826,11
141064,140827,12
141065,140827,15
141066,140828,12
141067,140829,12
141068,140829,13
141069,140832,12
141070,140834,13
141071,140835,12
141072,140835,14
141073,140836,12
141074,140837,13
141075,140838,14
141076,140838,14
141077,140839,14
141078,140840,13
141079,140841,13
141080,140842,11
141081,140843,15
141082,140844,15
141083,140848,13
141084,140848,11
141085,140849,12
141086,140850,12
141087,140850,12
141088,140851,15
141089,140851,13
141090,140852,12
141091,140853,12
141092,140854,15
141093,140854,14
141094,140855,12
141095,140855,15
141096,140856,11
141097,140856,11
141098,140857,14
141099,140858,11
141100,140860,15
141101,140861,12
141102,140861,15
141103,140862,15
141104,140863,12
141105,140863,13
141106,140864,12
141107,140864,11
141108,140866,12
141109,140868,13
141110,140869,13
141111,140870,13
141112,140871,15
141113,140873,14
141114,140873,12
141115,140874,13
141116,140874,12
141117,140875,15
141118,140878,11
141119,140878,11
141120,140880,11
141121,140880,13
141122,140883,14
141123,140883,14
141124,140884,12
141125,140885,12
141126,140886,11
141127,140886,12
141128,140887,13
141129,140887,13
141130,140888,11
141131,140888,11
141132,140890,13
141133,140890,14
141134,140891,15
141135,140891,15
141136,140892,13
141137,140892,15
141138,140894,15
141139,140895,14
141140,140895,14
141141,140897,14
141142,140898,11
141143,140898,15
141144,140899,13
141145,140899,12
141146,140900,12
141147,140900,11
141148,140903,12
141149,140904,15
141150,140905,15
141151,140905,15
141152,140906,11
141153,140909,15
141154,140910,11
141155,140911,12
141156,140912,11
141157,140914,13
141158,140914,12
141159,140915,12
141160,140915,15
141161,140916,15
141162,140917,15
141163,140917,14
141164,140918,14
141165,140918,11
141166,140919,13
141167,140919,14
141168,140920,14
141169,140921,12
141170,140922,12
141171,140922,15
141172,140923,11
141173,140923,15
141174,140925,11
141175,140926,12
141176,140927,15
141177,140927,14
141178,140928,15
141179,140928,13
141180,140929,14
141181,140929,12
141182,140930,15
141183,140930,11
141184,140932,12
141185,140933,14
141186,140933,13
141187,140934,13
141188,140935,14
141189,140935,15
141190,140936,14
141191,140937,14
141192,140938,11
141193,140940,13
141194,140941,13
141195,140942,14
141196,140943,12
141197,140943,11
141198,140946,15
141199,140947,12
141200,140948,15
141201,140949,14
141202,140949,14
141203,140952,15
141204,140953,12
141205,140953,13
141206,140954,15
141207,140955,14
141208,140957,13
141209,140958,14
141210,140959,13
141211,140960,13
141212,140962,14
141213,140963,13
141214,140963,11
141215,140964,15
141216,140964,15
141217,140965,12
141218,140966,14
141219,140967,14
141220,140968,14
141221,140968,14
141222,140969,11
141223,140969,13
141224,140970,12
141225,140970,11
141226,140971,15
141227,140972,13
141228,140972,13
141229,140974,11
141230,140974,12
141231,140977,12
141232,140978,14
141233,140980,13
141234,140980,14
141235,140981,11
141236,140981,15
141237,140983,13
141238,140985,13
141239,140985,12
141240,140988,14
141241,140988,11
141242,140990,12
141243,140991,12
141244,140992,14
141245,140992,13
141246,140993,11
141247,140994,12
141248,140994,12
141249,140995,13
141250,140997,12
141251,140998,12
141252,140998,11
141253,140999,15
141254,140999,12
141255,141000,12
141256,141000,13
141257,141001,13
141258,141001,13
141259,141002,14
141260,141003,13
141261,141003,13
141262,141004,14
141263,141004,13
141264,141005,11
141265,141005,12
141266,141009,14
141267,141011,14
141268,141011,11
141269,141012,14
141270,141013,12
141271,141014,13
141272,141014,14
141273,141017,15
141274,141019,12
141275,141019,14
141276,141020,11
141277,141020,11
141278,141022,11
141279,141024,14
141280,141024,15
141281,141026,13
141282,141026,13
141283,141027,15
141284,141029,11
141285,141030,15
141286,141031,14
141287,141031,13
141288,141033,11
141289,141033,15
141290,141035,13
141291,141035,13
141292,141037,13
141293,141038,15
141294,141039,11
141295,141041,11
141296,141042,13
141297,141042,14
141298,141043,12
141299,141044,12
141300,141046,14
141301,141047,13
141302,141048,14
141303,141048,15
141304,141050,11
141305,141050,14
141306,141052,14
141307,141052,14
141308,141053,14
141309,141054,15
141310,141054,14
141311,141055,11
141312,141055,13
141313,141056,15
141314,141056,15
141315,141060,12
141316,141060,14
141317,141061,14
141318,141063,11
141319,141064,12
141320,141064,12
141321,141065,14
141322,141066,15
141323,141067,15
141324,141067,14
141325,141070,15
141326,141071,15
141327,141071,15
141328,141074,14
141329,141075,11
141330,141075,12
141331,141076,11
141332,141077,13
141333,141078,11
141334,141080,14
141335,141081,11
141336,141082,12
141337,141086,12
141338,141086,15
141339,141087,13
141340,141087,12
141341,141088,15
141342,141088,15
141343,141090,13
141344,141091,11
141345,141092,14
141346,141092,13
141347,141094,12
141348,141097,15
141349,141097,11
141350,141100,15
141351,141100,14
141352,141101,13
141353,141102,13
141354,141103,14
141355,141103,12
141356,141109,13
141357,141111,12
141358,141112,14
141359,141112,12
141360,141113,13
141361,141113,11
141362,141114,13
141363,141115,14
141364,141116,14
141365,141118,15
141366,141119,11
141367,141120,13
141368,141121,14
141369,141123,14
141370,141124,15
141371,141124,12
141372,141125,12
141373,141126,15
141374,141128,12
141375,141129,11
141376,141130,15
141377,141130,12
141378,141131,11
141379,141131,14
141380,141133,12
141381,141133,11
141382,141134,11
141383,141135,15
141384,141135,12
141385,141136,15
141386,141138,13
141387,141139,13
141388,141140,11
141389,141140,13
141390,141143,15
141391,141143,13
141392,141145,11
141393,141146,13
141394,141148,11
141395,141148,11
141396,141150,12
141397,141150,12
141398,141151,14
141399,141151,13
141400,141152,13
141401,141156,12
141402,141156,13
141403,141157,14
141404,141158,13
141405,141160,11
141406,141160,11
141407,141162,14
141408,141162,12
141409,141163,12
141410,141163,13
141411,141164,14
141412,141165,15
141413,141165,14
141414,141166,14
141415,141167,12
141416,141168,13
141417,141170,11
141418,141172,13
141419,141175,11
141420,141175,15
141421,141179,11
141422,141180,13
141423,141181,15
141424,141181,15
141425,141182,15
141426,141182,13
141427,141183,14
141428,141184,15
141429,141184,11
141430,141185,12
141431,141185,12
141432,141186,15
141433,141187,15
141434,141191,13
141435,141191,11
141436,141192,14
141437,141195,14
141438,141195,13
141439,141196,12
141440,141201,15
141441,141201,14
141442,141202,13
141443,141203,11
141444,141207,12
141445,141207,14
141446,141208,14
141447,141208,15
141448,141210,15
141449,141210,15
141450,141211,13
141451,141211,14
141452,141212,11
141453,141212,13
141454,141213,11
141455,141213,12
141456,141214,13
141457,141214,14
141458,141215,11
141459,141215,15
141460,141218,14
141461,141218,15
141462,141219,15
141463,141222,13
141464,141222,13
141465,141223,15
141466,141224,15
141467,141229,11
141468,141231,14
141469,141232,12
141470,141234,11
141471,141235,11
141472,141237,12
141473,141237,13
141474,141240,13
141475,141240,15
141476,141241,15
141477,141241,15
141478,141242,11
141479,141242,14
141480,141243,13
141481,141243,15
141482,141244,12
141483,141244,12
141484,141245,15
141485,141245,13
141486,141246,12
141487,141246,15
141488,141247,13
141489,141247,11
141490,141249,11
141491,141250,13
141492,141250,15
141493,141254,11
141494,141254,12
141495,141255,15
141496,141255,13
141497,141257,15
141498,141257,15
141499,141258,11
141500,141258,14
141501,141259,14
141502,141259,13
141503,141260,12
141504,141261,15
141505,141261,13
141506,141262,11
141507,141262,11
141508,141263,13
141509,141263,14
141510,141264,14
141511,141264,13
141512,141265,15
141513,141265,15
141514,141267,14
141515,141267,13
141516,141270,14
141517,141270,15
141518,141271,12
141519,141271,15
141520,141274,15
141521,141276,11
141522,141279,13
141523,141280,11
141524,141280,11
141525,141282,15
141526,141283,12
141527,141283,11
141528,141284,11
141529,141285,15
141530,141285,13
141531,141286,15
141532,141287,14
141533,141288,15
141534,141289,12
141535,141289,15
141536,141290,12
141537,141291,13
141538,141292,14
141539,141292,13
141540,141293,12
141541,141293,15
141542,141294,14
141543,141294,15
141544,141295,12
141545,141296,15
141546,141296,14
141547,141298,11
141548,141299,14
141549,141301,12
141550,141302,15
141551,141302,13
141552,141303,15
141553,141304,11
141554,141309,12
141555,141310,12
141556,141311,15
141557,141311,13
141558,141312,13
141559,141312,11
141560,141314,14
141561,141314,12
141562,141316,13
141563,141316,12
141564,141318,11
141565,141319,14
141566,141319,15
141567,141321,11
141568,141322,11
141569,141322,13
141570,141323,13
141571,141323,11
141572,141326,12
141573,141326,14
141574,141327,14
141575,141328,12
141576,141328,15
141577,141329,15
141578,141329,15
141579,141331,14
141580,141331,13
141581,141332,15
141582,141336,13
141583,141336,15
141584,141337,13
141585,141337,15
141586,141339,13
141587,141339,15
141588,141341,15
141589,141342,11
141590,141343,11
141591,141344,13
141592,141347,15
141593,141347,15
141594,141351,15
141595,141352,11
141596,141353,14
141597,141354,11
141598,141355,11
141599,141355,11
141600,141357,11
141601,141358,14
141602,141358,14
141603,141359,11
141604,141360,12
141605,141361,14
141606,141362,13
141607,141363,11
141608,141363,15
141609,141365,14
141610,141365,11
141611,141366,12
141612,141366,15
141613,141367,15
141614,141367,11
141615,141368,15
141616,141370,14
141617,141371,11
141618,141372,11
141619,141372,12
141620,141373,12
141621,141374,15
141622,141376,11
141623,141376,14
141624,141377,12
141625,141377,11
141626,141379,13
141627,141379,13
141628,141380,13
141629,141380,13
141630,141383,12
141631,141383,15
141632,141387,15
141633,141387,15
141634,141388,15
141635,141388,11
141636,141390,13
141637,141390,11
141638,141391,12
141639,141391,15
141640,141394,12
141641,141396,12
141642,141396,11
141643,141397,13
141644,141398,11
141645,141399,13
141646,141399,12
141647,141401,15
141648,141401,11
141649,141402,11
141650,141402,13
141651,141404,14
141652,141404,13
141653,141405,11
141654,141406,11
141655,141407,11
141656,141407,15
141657,141408,15
141658,141408,12
141659,141409,14
141660,141410,13
141661,141410,12
141662,141412,15
141663,141412,13
141664,141413,14
141665,141414,14
141666,141416,12
141667,141416,15
141668,141417,14
141669,141419,12
141670,141419,13
141671,141420,13
141672,141420,15
141673,141422,13
141674,141423,14
141675,141423,11
141676,141424,13
141677,141424,13
141678,141427,13
141679,141427,11
141680,141428,15
141681,141429,13
141682,141429,13
141683,141432,12
141684,141432,15
141685,141434,15
141686,141434,13
141687,141435,13
141688,141439,13
141689,141440,13
141690,141440,13
141691,141441,14
141692,141442,13
141693,141443,15
141694,141444,12
141695,141444,12
141696,141447,11
141697,141448,13
141698,141452,12
141699,141452,15
141700,141454,12
141701,141454,12
141702,141456,13
141703,141457,11
141704,141458,14
141705,141458,14
141706,141459,14
141707,141459,13
141708,141461,13
141709,141462,13
141710,141462,12
141711,141463,12
141712,141463,15
141713,141464,13
141714,141464,11
141715,141466,11
141716,141466,11
141717,141468,15
141718,141469,15
141719,141470,12
141720,141471,11
141721,141471,11
141722,141472,11
141723,141473,12
141724,141473,11
141725,141475,11
141726,141476,11
141727,141476,12
141728,141479,13
141729,141479,13
141730,141480,11
141731,141480,13
141732,141481,13
141733,141483,11
141734,141488,14
141735,141489,12
141736,141489,15
141737,141490,13
141738,141493,12
141739,141495,11
141740,141497,12
141741,141498,15
141742,141500,13
141743,141501,12
141744,141501,13
141745,141502,11
141746,141503,11
141747,141504,12
141748,141504,11
141749,141505,14
141750,141505,11
141751,141506,13
141752,141506,15
141753,141508,13
141754,141509,14
141755,141510,11
141756,141510,12
141757,141511,12
141758,141512,14
141759,141512,12
141760,141513,12
141761,141514,15
141762,141516,13
141763,141518,15
141764,141518,15
141765,141519,11
141766,141519,12
141767,141520,12
141768,141520,11
141769,141521,12
141770,141521,15
141771,141522,12
141772,141522,13
141773,141523,14
141774,141523,12
141775,141524,14
141776,141524,15
141777,141526,14
141778,141526,14
141779,141527,11
141780,141529,14
141781,141530,11
141782,141532,15
141783,141533,15
141784,141534,15
141785,141535,11
141786,141536,14
141787,141536,13
141788,141537,14
141789,141538,15
141790,141539,12
141791,141539,11
141792,141540,13
141793,141541,15
141794,141544,12
141795,141544,14
141796,141545,14
141797,141546,14
141798,141546,15
141799,141547,12
141800,141547,12
141801,141548,11
141802,141553,13
141803,141553,12
141804,141557,13
141805,141557,11
141806,141559,12
141807,141560,13
141808,141561,12
141809,141563,13
141810,141563,12
141811,141564,14
141812,141564,13
141813,141565,12
141814,141567,14
141815,141569,12
141816,141570,15
141817,141570,15
141818,141571,13
141819,141571,12
141820,141572,11
141821,141572,11
141822,141573,14
141823,141573,12
141824,141574,11
141825,141575,13
141826,141575,12
141827,141576,13
141828,141578,13
141829,141579,14
141830,141579,11
141831,141580,12
141832,141580,15
141833,141581,13
141834,141581,12
141835,141585,12
141836,141586,14
141837,141587,12
141838,141588,11
141839,141589,13
141840,141590,11
141841,141591,14
141842,141592,12
141843,141592,15
141844,141593,13
141845,141593,14
141846,141595,11
141847,141595,15
141848,141596,15
141849,141596,14
141850,141597,14
141851,141597,13
141852,141598,14
141853,141599,14
141854,141599,11
141855,141600,14
141856,141601,11
141857,141602,15
141858,141603,14
141859,141604,15
141860,141605,15
141861,141607,15
141862,141607,15
141863,141608,13
141864,141608,13
141865,141609,14
141866,141610,15
141867,141610,13
141868,141611,13
141869,141612,15
141870,141614,11
141871,141614,11
141872,141615,11
141873,141616,12
141874,141616,12
141875,141617,13
141876,141617,11
141877,141619,11
141878,141620,12
141879,141620,12
141880,141621,14
141881,141622,13
141882,141624,11
141883,141624,11
141884,141626,15
141885,141627,13
141886,141627,14
141887,141628,13
141888,141629,11
141889,141630,15
141890,141631,11
141891,141631,12
141892,141632,14
141893,141632,13
141894,141633,15
141895,141634,12
141896,141635,11
141897,141636,14
141898,141636,11
141899,141637,14
141900,141637,13
141901,141638,11
141902,141638,11
141903,141639,15
141904,141639,14
141905,141640,12
141906,141643,13
141907,141643,12
141908,141644,12
141909,141645,15
141910,141645,14
141911,141646,11
141912,141647,13
141913,141647,12
141914,141648,14
141915,141648,15
141916,141650,15
141917,141652,14
141918,141652,15
141919,141653,13
141920,141653,14
141921,141654,12
141922,141655,14
141923,141657,14
141924,141657,14
141925,141658,15
141926,141658,13
141927,141659,12
141928,141661,12
141929,141665,12
141930,141665,12
141931,141666,15
141932,141667,15
141933,141667,11
141934,141669,15
141935,141669,12
141936,141670,15
141937,141671,13
141938,141674,11
141939,141676,13
141940,141676,14
141941,141677,15
141942,141679,13
141943,141680,15
141944,141680,12
141945,141681,11
141946,141681,13
141947,141682,11
141948,141682,11
141949,141686,15
141950,141688,12
141951,141689,13
141952,141691,14
141953,141692,12
141954,141692,14
141955,141693,12
141956,141693,13
141957,141695,11
141958,141696,12
141959,141698,11
141960,141699,12
141961,141699,15
141962,141700,11
141963,141700,13
141964,141703,13
141965,141705,11
141966,141705,15
141967,141706,15
141968,141707,12
141969,141709,14
141970,141709,14
141971,141710,15
141972,141710,13
141973,141711,12
141974,141713,14
141975,141714,11
141976,141715,12
141977,141716,14
141978,141716,13
141979,141717,14
141980,141717,15
141981,141719,11
141982,141720,14
141983,141720,14
141984,141722,13
141985,141722,14
141986,141725,15
141987,141725,13
141988,141728,11
141989,141731,13
141990,141731,15
141991,141732,15
141992,141733,15
141993,141733,13
141994,141734,12
141995,141734,12
141996,141736,12
141997,141739,14
141998,141739,14
141999,141740,15
142000,141740,12
142001,141745,12
142002,141746,13
142003,141746,11
142004,141747,13
142005,141748,14
142006,141750,14
142007,141750,13
142008,141751,12
142009,141751,11
142010,141752,11
142011,141753,11
142012,141753,14
142013,141754,13
142014,141754,13
142015,141755,14
142016,141755,14
142017,141756,14
142018,141757,13
142019,141757,13
142020,141760,12
142021,141763,14
142022,141763,11
142023,141765,14
142024,141766,14
142025,141766,14
142026,141769,12
142027,141770,11
142028,141770,15
142029,141775,11
142030,141777,14
142031,141779,12
142032,141780,11
142033,141780,15
142034,141781,12
142035,141781,14
142036,141782,11
142037,141783,12
142038,141786,12
142039,141789,12
142040,141789,14
142041,141790,12
142042,141790,15
142043,141791,12
142044,141792,13
142045,141792,12
142046,141793,14
142047,141793,15
142048,141794,15
142049,141794,14
142050,141795,13
142051,141795,11
142052,141796,11
142053,141799,12
142054,141800,14
142055,141801,12
142056,141801,14
142057,141803,14
142058,141803,15
142059,141807,11
142060,141809,15
142061,141809,12
142062,141810,11
142063,141810,14
142064,141814,15
142065,141814,12
142066,141816,14
142067,141816,12
142068,141817,14
142069,141818,12
142070,141818,11
142071,141819,11
142072,141819,12
142073,141820,14
142074,141820,15
142075,141823,12
142076,141823,15
142077,141824,12
142078,141824,11
142079,141826,13
142080,141827,14
142081,141828,11
142082,141829,14
142083,141829,11
142084,141831,12
142085,141831,13
142086,141833,15
142087,141834,15
142088,141835,15
142089,141835,15
142090,141838,15
142091,141838,14
142092,141840,14
142093,141840,13
142094,141842,11
142095,141843,13
142096,141844,14
142097,141844,12
142098,141845,11
142099,141845,14
142100,141846,11
142101,141849,11
142102,141852,15
142103,141852,12
142104,141855,12
142105,141857,14
142106,141857,12
142107,141858,12
142108,141860,13
142109,141860,15
142110,141862,11
142111,141862,14
142112,141863,15
142113,141865,12
142114,141869,11
142115,141869,14
142116,141872,12
142117,141872,12
142118,141874,15
142119,141875,11
142120,141876,14
142121,141878,15
142122,141879,14
142123,141879,15
142124,141881,15
142125,141881,12
142126,141883,11
142127,141883,13
142128,141884,15
142129,141886,12
142130,141887,12
142131,141887,13
142132,141888,11
142133,141889,15
142134,141889,11
142135,141890,14
142136,141890,11
142137,141892,11
142138,141894,13
142139,141896,15
142140,141896,13
142141,141897,11
142142,141897,13
142143,141900,11
142144,141900,13
142145,141901,13
142146,141901,15
142147,141902,12
142148,141905,13
142149,141907,11
142150,141907,14
142151,141908,12
142152,141909,14
142153,141909,11
142154,141910,14
142155,141910,11
142156,141911,14
142157,141912,14
142158,141912,14
142159,141913,12
142160,141913,15
142161,141914,11
142162,141915,11
142163,141916,14
142164,141919,12
142165,141920,13
142166,141921,15
142167,141921,13
142168,141922,12
142169,141922,12
142170,141923,15
142171,141923,15
142172,141924,12
142173,141924,11
142174,141925,14
142175,141925,15
142176,141927,15
142177,141928,11
142178,141929,12
142179,141929,11
142180,141930,15
142181,141930,14
142182,141931,15
142183,141932,15
142184,141933,15
142185,141933,11
142186,141934,12
142187,141934,12
142188,141935,12
142189,141935,12
142190,141936,12
142191,141936,14
142192,141939,12
142193,141939,11
142194,141940,15
142195,141940,15
142196,141944,13
142197,141944,13
142198,141945,15
142199,141946,12
142200,141946,12
142201,141947,15
142202,141950,11
142203,141951,12
142204,141951,15
142205,141952,14
142206,141952,12
142207,141953,13
142208,141954,13
142209,141954,12
142210,141955,11
142211,141956,14
142212,141957,11
142213,141957,13
142214,141958,11
142215,141958,15
142216,141960,11
142217,141960,12
142218,141961,14
142219,141961,11
142220,141962,15
142221,141963,12
142222,141964,11
142223,141964,15
142224,141967,13
142225,141967,13
142226,141968,14
142227,141968,13
142228,141970,12
142229,141970,15
142230,141971,13
142231,141971,11
142232,141972,14
142233,141973,15
142234,141973,13
142235,141976,14
142236,141977,12
142237,141978,11
142238,141981,13
142239,141982,11
142240,141982,13
142241,141983,11
142242,141983,15
142243,141984,15
142244,141984,14
142245,141985,11
142246,141986,14
142247,141989,13
142248,141990,11
142249,141991,15
142250,141992,12
142251,141995,14
142252,141997,11
142253,141999,14
142254,141999,15
142255,142000,13
142256,142001,14
142257,142002,11
142258,142002,13
142259,142003,15
142260,142004,13
142261,142004,12
142262,142005,12
142263,142006,12
142264,142006,14
142265,142007,13
142266,142007,13
142267,142009,11
142268,142010,11
142269,142011,12
142270,142011,11
142271,142012,13
142272,142013,14
142273,142014,14
142274,142014,15
142275,142016,14
142276,142016,12
142277,142018,12
142278,142020,14
142279,142021,11
142280,142021,15
142281,142023,15
142282,142024,13
142283,142024,15
142284,142025,14
142285,142025,13
142286,142027,13
142287,142027,11
142288,142028,11
142289,142031,13
142290,142032,14
142291,142032,15
142292,142034,12
142293,142036,11
142294,142038,11
142295,142038,12
142296,142039,12
142297,142039,11
142298,142040,11
142299,142040,13
142300,142042,13
142301,142046,11
142302,142046,12
142303,142048,13
142304,142049,13
142305,142049,14
142306,142050,12
142307,142050,15
142308,142052,14
142309,142052,11
142310,142053,15
142311,142054,15
142312,142055,11
142313,142057,13
142314,142057,12
142315,142058,12
142316,142059,11
142317,142061,13
142318,142061,14
142319,142062,12
142320,142062,11
142321,142063,11
142322,142063,13
142323,142064,11
142324,142065,14
142325,142065,12
142326,142067,15
142327,142069,12
142328,142070,13
142329,142071,11
142330,142071,14
142331,142072,11
142332,142072,12
142333,142074,12
142334,142074,12
142335,142076,11
142336,142076,12
142337,142077,15
142338,142079,14
142339,142079,15
142340,142080,12
142341,142081,12
142342,142081,13
142343,142082,14
142344,142082,15
142345,142083,11
142346,142084,13
142347,142085,12
142348,142086,12
142349,142086,11
142350,142089,15
142351,142089,12
142352,142090,11
142353,142093,11
142354,142093,14
142355,142094,11
142356,142095,11
142357,142096,13
142358,142097,12
142359,142097,11
142360,142099,12
142361,142102,11
142362,142102,14
142363,142103,11
142364,142103,13
142365,142105,12
142366,142107,14
142367,142107,13
142368,142109,15
142369,142109,13
142370,142110,14
142371,142112,11
142372,142112,13
142373,142113,11
142374,142113,13
142375,142114,13
142376,142115,15
142377,142115,15
142378,142116,14
142379,142117,12
142380,142119,13
142381,142120,11
142382,142120,11
142383,142121,13
142384,142123,15
142385,142126,14
142386,142128,14
142387,142129,13
142388,142130,15
142389,142132,12
142390,142132,15
142391,142133,11
142392,142133,14
142393,142135,14
142394,142137,11
142395,142137,13
142396,142138,13
142397,142139,14
142398,142139,15
142399,142141,14
142400,142142,11
142401,142142,12
142402,142144,12
142403,142144,15
142404,142147,13
142405,142147,12
142406,142148,15
142407,142149,15
142408,142150,11
142409,142150,12
142410,142151,12
142411,142152,13
142412,142154,11
142413,142154,11
142414,142155,11
142415,142155,14
142416,142156,13
142417,142156,13
142418,142157,13
142419,142159,12
142420,142159,13
142421,142160,15
142422,142161,15
142423,142161,14
142424,142163,14
142425,142165,15
142426,142166,14
142427,142167,15
142428,142167,13
142429,142170,11
142430,142170,11
142431,142171,12
142432,142172,12
142433,142173,11
142434,142175,15
142435,142176,12
142436,142176,15
142437,142177,15
142438,142178,14
142439,142179,15
142440,142179,11
142441,142180,15
142442,142181,13
142443,142185,15
142444,142185,13
142445,142187,12
142446,142190,13
142447,142190,12
142448,142191,14
142449,142192,11
142450,142192,13
142451,142198,12
142452,142199,13
142453,142199,11
142454,142200,13
142455,142201,12
142456,142202,15
142457,142203,15
142458,142204,14
142459,142204,13
142460,142205,12
142461,142205,11
142462,142208,13
142463,142208,14
142464,142210,15
142465,142210,12
142466,142211,15
142467,142212,12
142468,142215,14
142469,142215,12
142470,142216,14
142471,142216,12
142472,142217,12
142473,142217,13
142474,142218,11
142475,142219,13
142476,142220,12
142477,142221,14
142478,142222,11
142479,142223,15
142480,142226,14
142481,142226,13
142482,142227,15
142483,142227,14
142484,142229,15
142485,142229,14
142486,142232,14
142487,142232,11
142488,142233,15
142489,142234,15
142490,142234,11
142491,142235,15
142492,142236,12
142493,142238,13
142494,142239,14
142495,142241,15
142496,142242,14
142497,142245,15
142498,142245,12
142499,142246,11
142500,142248,15
142501,142248,13
142502,142249,15
142503,142252,15
142504,142253,11
142505,142254,14
142506,142254,13
142507,142255,12
142508,142255,12
142509,142258,13
142510,142258,15
142511,142260,13
142512,142261,11
142513,142263,11
142514,142267,11
142515,142269,15
142516,142269,11
142517,142270,12
142518,142271,12
142519,142272,14
142520,142272,14
142521,142273,11
142522,142273,13
142523,142274,11
142524,142275,12
142525,142275,15
142526,142276,12
142527,142277,12
142528,142278,14
142529,142278,15
142530,142280,13
142531,142280,14
142532,142281,12
142533,142281,13
142534,142282,11
142535,142282,13
142536,142283,11
142537,142283,12
142538,142284,12
142539,142284,11
142540,142286,12
142541,142287,12
142542,142289,11
142543,142289,13
142544,142294,14
142545,142295,13
142546,142296,12
142547,142296,15
142548,142297,12
142549,142298,11
142550,142298,15
142551,142299,11
142552,142299,15
142553,142301,14
142554,142301,13
142555,142302,11
142556,142302,13
142557,142303,12
142558,142304,13
142559,142304,11
142560,142305,12
142561,142306,12
142562,142308,15
142563,142308,11
142564,142309,14
142565,142309,12
142566,142310,12
142567,142310,15
142568,142311,14
142569,142311,14
142570,142313,11
142571,142313,11
142572,142314,13
142573,142315,13
142574,142315,14
142575,142317,13
142576,142317,12
142577,142319,12
142578,142319,12
142579,142320,13
142580,142321,15
142581,142324,11
142582,142324,15
142583,142327,11
142584,142329,15
142585,142331,14
142586,142334,14
142587,142334,14
142588,142336,12
142589,142338,14
142590,142338,12
142591,142340,11
142592,142340,11
142593,142341,11
142594,142341,11
142595,142342,15
142596,142343,12
142597,142344,15
142598,142345,12
142599,142345,12
142600,142346,14
142601,142347,15
142602,142347,12
142603,142349,12
142604,142351,14
142605,142351,15
142606,142352,12
142607,142352,12
142608,142353,14
142609,142355,11
142610,142357,11
142611,142358,14
142612,142359,13
142613,142360,13
142614,142360,13
142615,142361,11
142616,142362,15
142617,142365,12
142618,142365,15
142619,142367,15
142620,142369,11
142621,142374,15
142622,142374,11
142623,142375,12
142624,142376,11
142625,142376,12
142626,142379,11
142627,142380,12
142628,142383,13
142629,142384,12
142630,142384,14
142631,142386,13
142632,142386,12
142633,142387,12
142634,142390,14
142635,142390,15
142636,142393,14
142637,142394,14
142638,142395,13
142639,142397,14
142640,142398,15
142641,142401,15
142642,142402,11
142643,142403,11
142644,142403,14
142645,142405,12
142646,142407,13
142647,142407,14
142648,142408,13
142649,142410,15
142650,142414,15
142651,142414,11
142652,142415,15
142653,142415,12
142654,142416,11
142655,142417,15
142656,142417,15
142657,142418,11
142658,142418,13
142659,142420,13
142660,142420,14
142661,142421,15
142662,142421,12
142663,142422,15
142664,142423,11
142665,142423,13
142666,142424,11
142667,142424,11
142668,142425,15
142669,142425,13
142670,142427,15
142671,142428,13
142672,142428,13
142673,142430,15
142674,142431,13
142675,142431,11
142676,142434,14
142677,142435,15
142678,142435,12
142679,142437,14
142680,142438,11
142681,142438,11
142682,142439,12
142683,142440,14
142684,142442,12
142685,142442,13
142686,142444,14
142687,142447,12
142688,142447,13
142689,142448,13
142690,142450,15
142691,142450,11
142692,142451,12
142693,142452,11
142694,142453,12
142695,142454,15
142696,142455,13
142697,142456,14
142698,142456,12
142699,142457,11
142700,142458,14
142701,142459,12
142702,142460,13
142703,142461,12
142704,142464,13
142705,142464,15
142706,142466,11
142707,142466,11
142708,142467,14
142709,142467,15
142710,142468,15
142711,142469,13
142712,142469,12
142713,142470,15
142714,142472,15
142715,142473,14
142716,142474,11
142717,142476,13
142718,142477,14
142719,142479,14
142720,142480,11
142721,142480,14
142722,142481,13
142723,142481,11
142724,142482,12
142725,142482,11
142726,142483,11
142727,142483,13
142728,142484,13
142729,142484,11
142730,142485,15
142731,142485,13
142732,142487,11
142733,142487,13
142734,142488,12
142735,142490,13
142736,142490,14
142737,142491,13
142738,142492,15
142739,142493,13
142740,142496,12
142741,142497,15
142742,142499,13
142743,142500,13
142744,142501,13
142745,142501,12
142746,142502,13
142747,142504,14
142748,142505,14
142749,142511,12
142750,142512,14
142751,142512,13
142752,142513,13
142753,142513,13
142754,142514,12
142755,142514,14
142756,142515,15
142757,142516,12
142758,142516,11
142759,142519,13
142760,142519,15
142761,142520,12
142762,142520,15
142763,142521,14
142764,142523,14
142765,142523,11
142766,142524,12
142767,142524,15
142768,142525,14
142769,142527,14
142770,142527,13
142771,142528,13
142772,142529,11
142773,142530,15
142774,142531,12
142775,142533,12
142776,142534,11
142777,142534,12
142778,142536,13
142779,142536,12
142780,142537,15
142781,142537,11
142782,142538,13
142783,142540,15
142784,142540,12
142785,142543,15
142786,142543,13
142787,142547,11
142788,142547,15
142789,142548,15
142790,142553,12
142791,142553,14
142792,142554,12
142793,142554,15
142794,142555,13
142795,142556,11
142796,142558,15
142797,142558,13
142798,142561,15
142799,142562,12
142800,142562,12
142801,142563,13
142802,142565,11
142803,142566,13
142804,142566,15
142805,142567,13
142806,142567,13
142807,142568,14
142808,142569,12
142809,142569,11
142810,142570,11
142811,142570,13
142812,142571,13
142813,142573,12
142814,142573,12
142815,142574,13
142816,142575,11
142817,142577,12
142818,142577,11
142819,142578,15
142820,142579,12
142821,142580,13
142822,142580,14
142823,142581,14
142824,142582,12
142825,142582,13
142826,142583,11
142827,142583,12
142828,142584,13
142829,142584,14
142830,142585,12
142831,142585,14
142832,142586,13
142833,142587,15
142834,142587,15
142835,142588,15
142836,142588,15
142837,142589,12
142838,142591,11
142839,142592,11
142840,142592,11
142841,142593,12
142842,142594,12
142843,142594,15
142844,142597,12
142845,142599,12
142846,142601,14
142847,142601,11
142848,142602,12
142849,142603,14
142850,142603,11
142851,142604,15
142852,142604,15
142853,142605,14
142854,142606,15
142855,142607,11
142856,142607,12
142857,142608,13
142858,142609,13
142859,142610,12
142860,142611,13
142861,142612,14
142862,142615,14
142863,142616,12
142864,142616,11
142865,142617,12
142866,142618,15
142867,142618,14
142868,142619,13
142869,142620,12
142870,142621,11
142871,142621,14
142872,142622,15
142873,142624,15
142874,142624,14
142875,142625,11
142876,142625,13
142877,142628,15
142878,142628,15
142879,142630,11
142880,142631,11
142881,142633,12
142882,142633,12
142883,142634,14
142884,142636,15
142885,142638,15
142886,142638,14
142887,142639,12
142888,142639,12
142889,142640,11
142890,142640,12
142891,142642,11
142892,142642,14
142893,142643,15
142894,142644,14
142895,142644,12
142896,142645,14
142897,142646,11
142898,142646,13
142899,142648,11
142900,142648,14
142901,142649,15
142902,142651,13
142903,142651,14
142904,142652,13
142905,142652,13
142906,142654,11
142907,142654,15
142908,142655,11
142909,142656,14
142910,142656,12
142911,142660,11
142912,142660,14
142913,142661,12
142914,142661,13
142915,142662,13
142916,142663,12
142917,142664,11
142918,142665,15
142919,142665,14
142920,142666,13
142921,142667,11
142922,142667,11
142923,142671,14
142924,142672,13
142925,142673,15
142926,142674,11
142927,142675,15
142928,142676,11
142929,142676,12
142930,142677,13
142931,142677,11
142932,142678,12
142933,142679,13
142934,142680,15
142935,142681,13
142936,142683,12
142937,142683,15
142938,142684,15
142939,142684,14
142940,142685,13
142941,142689,12
142942,142691,11
142943,142691,11
142944,142692,12
142945,142693,11
142946,142694,13
142947,142697,12
142948,142699,15
142949,142700,14
142950,142700,12
142951,142701,15
142952,142701,14
142953,142702,12
142954,142702,12
142955,142703,12
142956,142704,12
142957,142705,12
142958,142705,13
142959,142707,11
142960,142709,14
142961,142709,11
142962,142712,11
142963,142714,14
142964,142715,14
142965,142715,11
142966,142716,13
142967,142716,11
142968,142717,12
142969,142717,14
142970,142718,12
142971,142719,15
142972,142720,12
142973,142721,15
142974,142724,12
142975,142725,14
142976,142725,12
142977,142726,11
142978,142727,11
142979,142728,15
142980,142729,15
142981,142729,15
142982,142730,11
142983,142730,15
142984,142731,11
142985,142731,11
142986,142732,15
142987,142733,14
142988,142733,13
142989,142734,13
142990,142734,12
142991,142736,12
142992,142736,13
142993,142737,11
142994,142737,13
142995,142738,15
142996,142739,14
142997,142740,14
142998,142741,12
142999,142742,13
143000,142743,12
143001,142743,11
143002,142744,12
143003,142744,13
143004,142745,12
143005,142746,15
143006,142746,11
143007,142747,15
143008,142748,15
143009,142748,11
143010,142749,13
143011,142750,13
143012,142750,11
143013,142751,11
143014,142752,14
143015,142753,11
143016,142754,11
143017,142754,15
143018,142755,14
143019,142755,14
143020,142756,12
143021,142757,13
143022,142757,13
143023,142759,13
143024,142760,11
143025,142761,13
143026,142761,12
143027,142763,14
143028,142764,14
143029,142765,15
143030,142766,15
143031,142767,15
143032,142767,12
143033,142768,12
143034,142768,13
143035,142769,14
143036,142769,14
143037,142770,13
143038,142774,11
143039,142775,11
143040,142775,12
143041,142777,15
143042,142778,11
143043,142780,15
143044,142781,14
143045,142783,12
143046,142784,15
143047,142785,13
143048,142789,14
143049,142790,13
143050,142790,11
143051,142792,14
143052,142793,14
143053,142793,14
143054,142794,11
143055,142794,14
143056,142795,14
143057,142795,13
143058,142797,15
143059,142798,15
143060,142798,15
143061,142799,12
143062,142800,11
143063,142800,14
143064,142801,14
143065,142802,13
143066,142802,11
143067,142804,13
143068,142806,15
143069,142807,11
143070,142807,13
143071,142808,12
143072,142808,12
143073,142809,13
143074,142809,14
143075,142810,11
143076,142811,14
143077,142811,14
143078,142812,12
143079,142812,12
143080,142813,13
143081,142814,13
143082,142814,11
143083,142816,14
143084,142816,11
143085,142817,11
143086,142817,15
143087,142819,13
143088,142822,15
143089,142822,13
143090,142823,13
143091,142823,14
143092,142825,12
143093,142827,12
143094,142827,13
143095,142828,14
143096,142829,15
143097,142831,15
143098,142832,15
143099,142833,12
143100,142834,12
143101,142837,13
143102,142838,11
143103,142838,13
143104,142839,11
143105,142840,14
143106,142840,15
143107,142841,15
143108,142841,15
143109,142843,12
143110,142845,12
143111,142846,11
143112,142847,13
143113,142847,12
143114,142850,15
143115,142850,14
143116,142851,15
143117,142851,12
143118,142852,12
143119,142853,15
143120,142853,15
143121,142854,15
143122,142854,11
143123,142855,11
143124,142855,12
143125,142858,15
143126,142859,13
143127,142860,14
143128,142860,15
143129,142861,15
143130,142861,13
143131,142862,15
143132,142862,14
143133,142863,12
143134,142866,11
143135,142867,13
143136,142867,12
143137,142868,13
143138,142868,11
143139,142869,11
143140,142870,12
143141,142874,13
143142,142875,15
143143,142877,15
143144,142877,13
143145,142878,11
143146,142880,13
143147,142880,14
143148,142881,14
143149,142883,13
143150,142884,11
143151,142885,12
143152,142885,14
143153,142886,11
143154,142887,15
143155,142888,15
143156,142888,15
143157,142889,13
143158,142889,12
143159,142890,12
143160,142890,13
143161,142891,14
143162,142891,14
143163,142892,12
143164,142892,11
143165,142894,11
143166,142895,11
143167,142895,13
143168,142897,12
143169,142897,14
143170,142898,12
143171,142898,14
143172,142900,13
143173,142900,11
143174,142903,13
143175,142903,15
143176,142904,15
143177,142905,12
143178,142907,13
143179,142907,14
143180,142909,13
143181,142909,11
143182,142910,14
143183,142912,12
143184,142912,15
143185,142913,15
143186,142913,12
143187,142914,12
143188,142914,14
143189,142915,15
143190,142917,13
143191,142918,12
143192,142918,15
143193,142919,11
143194,142919,12
143195,142920,11
143196,142921,14
143197,142922,15
143198,142922,13
143199,142923,11
143200,142925,15
143201,142925,11
143202,142928,15
143203,142928,12
143204,142930,14
143205,142932,15
143206,142933,12
143207,142933,15
143208,142934,12
143209,142935,13
143210,142935,12
143211,142936,11
143212,142940,12
143213,142940,11
143214,142941,12
143215,142941,11
143216,142942,12
143217,142943,13
143218,142944,15
143219,142944,13
143220,142945,15
143221,142946,14
143222,142947,15
143223,142947,14
143224,142948,12
143225,142950,13
143226,142952,14
143227,142952,11
143228,142953,15
143229,142955,15
143230,142955,14
143231,142957,14
143232,142957,13
143233,142960,11
143234,142961,14
143235,142961,12
143236,142963,14
143237,142963,11
143238,142964,11
143239,142965,15
143240,142966,11
143241,142966,13
143242,142968,15
143243,142968,12
143244,142969,14
143245,142969,14
143246,142974,15
143247,142974,15
143248,142975,15
143249,142976,14
143250,142977,12
143251,142979,14
143252,142979,14
143253,142980,14
143254,142980,15
143255,142981,15
143256,142981,15
143257,142982,13
143258,142982,15
143259,142983,12
143260,142983,12
143261,142985,13
143262,142985,14
143263,142986,11
143264,142986,12
143265,142988,15
143266,142988,11
143267,142990,11
143268,142991,13
143269,142991,13
143270,142992,15
143271,142995,14
143272,142997,14
143273,142997,11
143274,142998,12
143275,142998,11
143276,142999,15
143277,143000,13
143278,143000,11
143279,143001,13
143280,143002,14
143281,143003,13
143282,143003,14
143283,143004,12
143284,143005,11
143285,143006,13
143286,143006,15
143287,143007,15
143288,143007,13
143289,143008,13
143290,143009,13
143291,143010,12
143292,143010,11
143293,143011,15
143294,143013,11
143295,143013,12
143296,143017,12
143297,143017,15
143298,143018,14
143299,143018,12
143300,143020,15
143301,143020,13
143302,143021,13
143303,143021,12
143304,143026,12
143305,143026,11
143306,143027,15
143307,143029,14
143308,143030,11
143309,143032,11
143310,143035,12
143311,143035,15
143312,143036,14
143313,143038,15
143314,143038,13
143315,143039,12
143316,143040,13
143317,143040,12
143318,143042,14
143319,143042,15
143320,143044,15
143321,143044,13
143322,143047,12
143323,143049,14
143324,143049,15
143325,143050,15
143326,143051,12
143327,143053,11
143328,143053,13
143329,143054,13
143330,143055,15
143331,143055,13
143332,143056,15
143333,143057,13
143334,143057,13
143335,143058,15
143336,143058,13
143337,143059,12
143338,143060,14
143339,143060,13
143340,143062,12
143341,143062,11
143342,143065,14
143343,143066,12
143344,143067,11
143345,143069,14
143346,143070,13
143347,143070,13
143348,143071,12
143349,143073,14
143350,143073,11
143351,143074,15
143352,143074,12
143353,143075,12
143354,143076,14
143355,143076,11
143356,143077,13
143357,143077,15
143358,143078,12
143359,143078,12
143360,143079,12
143361,143080,11
143362,143084,14
143363,143084,15
143364,143085,11
143365,143085,14
143366,143086,15
143367,143086,13
143368,143087,13
143369,143088,13
143370,143088,13
143371,143089,14
143372,143093,14
143373,143094,15
143374,143095,14
143375,143095,14
143376,143096,14
143377,143096,14
143378,143098,12
143379,143099,15
143380,143100,11
143381,143100,11
143382,143101,11
143383,143101,11
143384,143102,13
143385,143103,13
143386,143104,11
143387,143104,11
143388,143105,14
143389,143105,13
143390,143111,14
143391,143112,13
143392,143113,12
143393,143113,11
143394,143115,14
143395,143115,14
143396,143116,13
143397,143117,15
143398,143119,13
143399,143119,13
143400,143120,13
143401,143123,12
143402,143125,12
143403,143126,13
143404,143128,11
143405,143128,11
143406,143129,13
143407,143129,12
143408,143132,12
143409,143132,14
143410,143133,12
143411,143134,11
143412,143134,11
143413,143135,14
143414,143135,12
143415,143136,12
143416,143136,12
143417,143137,11
143418,143137,15
143419,143139,11
143420,143139,14
143421,143143,11
143422,143143,14
143423,143144,12
143424,143144,15
143425,143145,14
143426,143146,13
143427,143147,13
143428,143147,11
143429,143149,11
143430,143150,14
143431,143152,11
143432,143154,13
143433,143157,11
143434,143157,13
143435,143158,11
143436,143159,12
143437,143160,12
143438,143161,12
143439,143161,11
143440,143162,11
143441,143162,15
143442,143165,14
143443,143165,15
143444,143166,14
143445,143166,12
143446,143169,11
143447,143169,12
143448,143171,11
143449,143172,14
143450,143173,12
143451,143175,14
143452,143175,12
143453,143177,14
143454,143178,14
143455,143179,12
143456,143180,14
143457,143183,14
143458,143183,14
143459,143184,13
143460,143184,11
143461,143185,11
143462,143185,11
143463,143186,13
143464,143186,12
143465,143189,12
143466,143189,11
143467,143192,13
143468,143193,15
143469,143193,11
143470,143194,14
143471,143196,11
143472,143197,12
143473,143199,11
143474,143199,12
143475,143200,13
143476,143200,14
143477,143201,14
143478,143202,13
143479,143203,13
143480,143203,12
143481,143204,13
143482,143206,12
143483,143207,11
143484,143207,13
143485,143208,14
143486,143209,11
143487,143210,11
143488,143211,11
143489,143212,15
143490,143212,12
143491,143214,11
143492,143217,15
143493,143218,15
143494,143219,11
143495,143219,13
143496,143221,12
143497,143221,15
143498,143222,13
143499,143223,14
143500,143223,14
143501,143224,15
143502,143224,13
143503,143225,14
143504,143225,11
143505,143226,11
143506,143226,11
143507,143227,13
143508,143228,14
143509,143228,15
143510,143229,15
143511,143230,12
143512,143231,13
143513,143232,12
143514,143232,11
143515,143233,13
143516,143233,13
143517,143234,13
143518,143235,12
143519,143235,11
143520,143236,11
143521,143236,12
143522,143237,14
143523,143238,13
143524,143239,15
143525,143240,15
143526,143240,15
143527,143242,15
143528,143243,13
143529,143244,13
143530,143244,14
143531,143245,11
143532,143246,13
143533,143246,14
143534,143247,14
143535,143249,14
143536,143252,15
143537,143252,11
143538,143254,14
143539,143254,15
143540,143256,13
143541,143257,13
143542,143257,14
143543,143258,14
143544,143258,15
143545,143259,11
143546,143259,15
143547,143260,12
143548,143260,12
143549,143261,11
143550,143261,15
143551,143262,15
143552,143264,13
143553,143265,15
143554,143266,11
143555,143266,14
143556,143267,13
143557,143267,14
143558,143268,13
143559,143270,11
143560,143274,12
143561,143274,11
143562,143275,13
143563,143276,11
143564,143278,11
143565,143281,11
143566,143281,15
143567,143282,15
143568,143283,14
143569,143283,13
143570,143284,14
143571,143286,11
143572,143286,12
143573,143287,13
143574,143289,14
143575,143290,15
143576,143292,14
143577,143292,12
143578,143293,11
143579,143294,11
143580,143294,12
143581,143297,14
143582,143298,15
143583,143298,14
143584,143299,11
143585,143300,14
143586,143300,15
143587,143301,13
143588,143304,11
143589,143305,14
143590,143305,13
143591,143306,12
143592,143307,12
143593,143310,11
143594,143312,15
143595,143315,11
143596,143316,11
143597,143319,15
143598,143319,13
143599,143320,13
143600,143320,12
143601,143321,14
143602,143323,11
143603,143325,11
143604,143326,14
143605,143327,14
143606,143330,14
143607,143330,12
143608,143332,15
143609,143333,13
143610,143333,13
143611,143334,11
143612,143334,13
143613,143335,11
143614,143335,12
143615,143336,12
143616,143338,14
143617,143338,11
143618,143339,14
143619,143340,11
143620,143340,13
143621,143342,13
143622,143342,11
143623,143344,13
143624,143346,12
143625,143347,12
143626,143347,13
143627,143348,13
143628,143348,14
143629,143350,14
143630,143353,12
143631,143353,13
143632,143354,13
143633,143355,14
143634,143356,11
143635,143357,14
143636,143358,14
143637,143358,13
143638,143359,13
143639,143359,14
143640,143360,15
143641,143361,14
143642,143361,13
143643,143364,11
143644,143364,11
143645,143365,11
143646,143366,12
143647,143366,13
143648,143367,15
143649,143368,13
143650,143369,15
143651,143369,15
143652,143371,14
143653,143371,15
143654,143372,13
143655,143373,15
143656,143373,14
143657,143375,12
143658,143375,14
143659,143376,13
143660,143376,12
143661,143377,15
143662,143378,14
143663,143380,11
143664,143380,11
143665,143381,15
143666,143381,11
143667,143384,14
143668,143385,12
143669,143386,12
143670,143386,11
143671,143388,14
143672,143390,12
143673,143390,11
143674,143391,12
143675,143393,11
143676,143393,12
143677,143396,13
143678,143396,11
143679,143398,11
143680,143399,14
143681,143401,14
143682,143401,13
143683,143402,12
143684,143404,14
143685,143404,14
143686,143405,13
143687,143405,14
143688,143406,11
143689,143407,15
143690,143409,15
143691,143410,12
143692,143410,15
143693,143413,14
143694,143414,11
143695,143414,13
143696,143415,13
143697,143415,11
143698,143418,13
143699,143419,11
143700,143419,11
143701,143421,13
143702,143421,13
143703,143425,11
143704,143425,15
143705,143426,15
143706,143428,13
143707,143429,15
143708,143429,11
143709,143430,15
143710,143431,13
143711,143432,13
143712,143433,12
143713,143434,13
143714,143435,14
143715,143435,15
143716,143436,12
143717,143437,14
143718,143438,13
143719,143438,14
143720,143439,12
143721,143439,13
143722,143440,13
143723,143442,11
143724,143443,15
143725,143443,12
143726,143446,13
143727,143447,15
143728,143447,13
143729,143448,13
143730,143449,11
143731,143449,12
143732,143450,12
143733,143451,14
143734,143451,14
143735,143452,15
143736,143452,12
143737,143454,14
143738,143455,12
143739,143458,13
143740,143460,12
143741,143460,12
143742,143461,14
143743,143464,11
143744,143464,14
143745,143465,12
143746,143465,15
143747,143466,15
143748,143466,14
143749,143468,14
143750,143469,11
143751,143470,12
143752,143471,12
143753,143471,13
143754,143472,15
143755,143473,11
143756,143474,11
143757,143475,12
143758,143475,12
143759,143476,15
143760,143476,13
143761,143477,13
143762,143478,12
143763,143479,14
143764,143479,13
143765,143481,11
143766,143481,13
143767,143482,13
143768,143482,15
143769,143483,12
143770,143484,12
143771,143485,12
143772,143487,11
143773,143487,15
143774,143489,13
143775,143489,11
143776,143491,11
143777,143492,15
143778,143493,14
143779,143494,11
143780,143494,12
143781,143495,15
143782,143495,13
143783,143496,13
143784,143497,15
143785,143498,14
143786,143499,14
143787,143499,15
143788,143501,14
143789,143502,13
143790,143504,12
143791,143504,12
143792,143505,14
143793,143506,14
143794,143506,15
143795,143507,13
143796,143507,11
143797,143509,12
143798,143510,13
143799,143512,12
143800,143512,15
143801,143514,12
143802,143515,12
143803,143516,11
143804,143516,12
143805,143517,12
143806,143518,11
143807,143519,13
143808,143520,15
143809,143521,13
143810,143522,13
143811,143522,12
143812,143524,14
143813,143526,13
143814,143526,14
143815,143528,12
143816,143528,14
143817,143536,11
143818,143536,11
143819,143538,12
143820,143539,15
143821,143540,15
143822,143540,13
143823,143541,11
143824,143545,14
143825,143545,11
143826,143547,13
143827,143547,15
143828,143549,14
143829,143549,11
143830,143550,14
143831,143551,11
143832,143553,12
143833,143553,15
143834,143554,11
143835,143554,15
143836,143556,14
143837,143556,11
143838,143557,13
143839,143557,11
143840,143558,15
143841,143558,12
143842,143560,15
143843,143562,15
143844,143563,12
143845,143563,13
143846,143564,11
143847,143564,12
143848,143565,11
143849,143566,15
143850,143566,13
143851,143567,14
143852,143567,14
143853,143568,12
143854,143568,15
143855,143569,15
143856,143569,13
143857,143570,12
143858,143570,12
143859,143571,15
143860,143573,15
143861,143573,15
143862,143574,15
143863,143575,15
143864,143576,14
143865,143577,15
143866,143578,13
143867,143578,15
143868,143580,12
143869,143580,12
143870,143584,12
143871,143586,12
143872,143587,11
143873,143587,15
143874,143589,11
143875,143590,11
143876,143590,13
143877,143594,12
143878,143596,14
143879,143596,12
143880,143598,15
143881,143598,15
143882,143603,12
143883,143604,13
143884,143605,12
143885,143605,13
143886,143606,15
143887,143608,13
143888,143608,11
143889,143609,14
143890,143609,14
143891,143610,11
143892,143612,15
143893,143614,11
143894,143614,14
143895,143616,12
143896,143616,12
143897,143618,11
143898,143619,15
143899,143619,14
143900,143621,11
143901,143621,13
143902,143622,11
143903,143623,15
143904,143624,13
143905,143624,13
143906,143625,15
143907,143625,13
143908,143626,11
143909,143626,14
143910,143627,12
143911,143627,14
143912,143628,12
143913,143628,13
143914,143629,11
143915,143630,13
143916,143631,12
143917,143631,13
143918,143632,11
143919,143632,12
143920,143634,11
143921,143635,12
143922,143635,11
143923,143636,12
143924,143636,12
143925,143637,14
143926,143637,12
143927,143638,15
143928,143638,14
143929,143640,11
143930,143641,12
143931,143641,15
143932,143646,12
143933,143646,15
143934,143647,15
143935,143649,13
143936,143650,11
143937,143650,14
143938,143652,13
143939,143653,13
143940,143653,15
143941,143655,11
143942,143655,11
143943,143658,12
143944,143659,12
143945,143660,12
143946,143660,13
143947,143661,15
143948,143661,15
143949,143662,12
143950,143663,15
143951,143664,13
143952,143664,14
143953,143665,13
143954,143665,15
143955,143667,12
143956,143667,12
143957,143668,11
143958,143669,14
143959,143669,13
143960,143671,13
143961,143671,13
143962,143672,13
143963,143673,11
143964,143674,15
143965,143674,13
143966,143676,14
143967,143676,13
143968,143677,15
143969,143677,15
143970,143678,11
143971,143678,11
143972,143681,13
143973,143683,13
143974,143684,15
143975,143687,14
143976,143688,12
143977,143688,15
143978,143690,12
143979,143692,15
143980,143693,14
143981,143694,14
143982,143694,14
143983,143695,11
143984,143696,14
143985,143696,11
143986,143697,15
143987,143698,12
143988,143699,11
143989,143700,12
143990,143700,14
143991,143701,14
143992,143702,15
143993,143703,14
143994,143703,13
143995,143705,11
143996,143707,13
143997,143707,14
143998,143708,15
143999,143709,11
144000,143710,13
144001,143712,15
144002,143713,15
144003,143715,14
144004,143715,12
144005,143717,14
144006,143718,15
144007,143719,12
144008,143719,11
144009,143720,12
144010,143720,15
144011,143721,14
144012,143721,13
144013,143722,14
144014,143724,11
144015,143725,11
144016,143727,13
144017,143727,14
144018,143728,11
144019,143729,13
144020,143730,13
144021,143732,14
144022,143733,15
144023,143733,11
144024,143734,14
144025,143734,13
144026,143736,14
144027,143736,12
144028,143737,14
144029,143738,12
144030,143739,12
144031,143740,11
144032,143740,13
144033,143741,14
144034,143742,13
144035,143742,12
144036,143743,14
144037,143744,12
144038,143746,11
144039,143747,14
144040,143747,12
144041,143748,15
144042,143748,13
144043,143750,11
144044,143750,13
144045,143752,11
144046,143752,13
144047,143754,15
144048,143754,12
144049,143755,14
144050,143757,15
144051,143759,11
144052,143759,12
144053,143760,12
144054,143761,13
144055,143761,15
144056,143762,11
144057,143764,13
144058,143766,13
144059,143766,15
144060,143767,14
144061,143768,14
144062,143768,15
144063,143771,13
144064,143771,14
144065,143772,15
144066,143774,14
144067,143775,15
144068,143776,11
144069,143777,12
144070,143777,14
144071,143779,13
144072,143779,15
144073,143780,13
144074,143781,11
144075,143781,11
144076,143782,11
144077,143784,14
144078,143784,12
144079,143785,11
144080,143786,12
144081,143787,11
144082,143787,11
144083,143788,15
144084,143788,11
144085,143790,15
144086,143790,14
144087,143791,11
144088,143791,13
144089,143793,15
144090,143794,11
144091,143795,12
144092,143796,15
144093,143797,13
144094,143797,13
144095,143798,15
144096,143798,11
144097,143799,13
144098,143800,13
144099,143801,11
144100,143804,15
144101,143804,12
144102,143807,15
144103,143809,12
144104,143809,11
144105,143810,12
144106,143810,12
144107,143811,13
144108,143811,15
144109,143812,12
144110,143812,15
144111,143813,14
144112,143814,11
144113,143815,12
144114,143815,13
144115,143816,11
144116,143817,14
144117,143818,12
144118,143818,12
144119,143819,15
144120,143820,13
144121,143821,12
144122,143822,14
144123,143824,14
144124,143825,12
144125,143827,15
144126,143827,13
144127,143828,14
144128,143828,11
144129,143829,12
144130,143830,12
144131,143831,15
144132,143832,11
144133,143833,14
144134,143833,15
144135,143835,13
144136,143836,14
144137,143838,13
144138,143838,13
144139,143839,13
144140,143841,15
144141,143842,11
144142,143843,13
144143,143843,15
144144,143845,14
144145,143845,12
144146,143846,15
144147,143847,13
144148,143847,13
144149,143849,14
144150,143850,14
144151,143852,13
144152,143852,12
144153,143853,11
144154,143854,12
144155,143855,14
144156,143856,13
144157,143858,14
144158,143861,15
144159,143861,14
144160,143862,15
144161,143863,12
144162,143863,14
144163,143864,11
144164,143865,13
144165,143865,11
144166,143866,15
144167,143869,15
144168,143870,11
144169,143870,13
144170,143872,15
144171,143873,14
144172,143873,11
144173,143874,12
144174,143877,14
144175,143877,13
144176,143878,12
144177,143880,11
144178,143880,13
144179,143881,14
144180,143882,12
144181,143884,14
144182,143884,12
144183,143886,14
144184,143887,13
144185,143888,11
144186,143888,12
144187,143894,13
144188,143895,14
144189,143899,11
144190,143900,12
144191,143902,15
144192,143902,12
144193,143904,13
144194,143904,11
144195,143905,11
144196,143905,11
144197,143907,11
144198,143907,12
144199,143908,14
144200,143908,13
144201,143909,11
144202,143909,11
144203,143910,12
144204,143910,11
144205,143914,13
144206,143916,13
144207,143916,15
144208,143917,12
144209,143919,15
144210,143919,11
144211,143920,15
144212,143921,15
144213,143921,13
144214,143922,15
144215,143923,11
144216,143924,11
144217,143925,15
144218,143926,15
144219,143926,13
144220,143928,13
144221,143928,15
144222,143929,15
144223,143930,13
144224,143930,15
144225,143931,14
144226,143931,13
144227,143932,11
144228,143933,12
144229,143934,11
144230,143937,13
144231,143937,15
144232,143938,12
144233,143938,11
144234,143939,12
144235,143940,12
144236,143941,15
144237,143942,13
144238,143943,12
144239,143943,13
144240,143944,15
144241,143944,14
144242,143945,12
144243,143946,13
144244,143947,11
144245,143948,12
144246,143948,14
144247,143950,11
144248,143950,13
144249,143951,15
144250,143951,11
144251,143953,15
144252,143953,15
144253,143954,15
144254,143955,12
144255,143955,13
144256,143956,11
144257,143956,15
144258,143957,12
144259,143957,15
144260,143959,13
144261,143959,13
144262,143961,15
144263,143962,13
144264,143963,12
144265,143964,11
144266,143965,12
144267,143966,12
144268,143966,12
144269,143968,14
144270,143971,11
144271,143972,11
144272,143972,14
144273,143973,14
144274,143975,11
144275,143975,14
144276,143976,12
144277,143977,15
144278,143977,14
144279,143978,13
144280,143978,15
144281,143979,13
144282,143979,11
144283,143980,12
144284,143980,12
144285,143981,11
144286,143981,11
144287,143982,11
144288,143983,11
144289,143983,12
144290,143984,14
144291,143984,12
144292,143985,14
144293,143985,14
144294,143986,14
144295,143986,11
144296,143987,11
144297,143987,12
144298,143988,13
144299,143989,13
144300,143991,12
144301,143993,14
144302,143994,14
144303,143994,12
144304,143995,12
144305,143996,15
144306,143997,11
144307,143998,11
144308,143998,14
144309,143999,15
144310,143999,15
144311,144000,14
144312,144001,14
144313,144001,12
144314,144002,14
144315,144005,13
144316,144005,15
144317,144007,12
144318,144007,14
144319,144008,12
144320,144008,12
144321,144009,13
144322,144010,11
144323,144012,14
144324,144012,14
144325,144013,14
144326,144014,12
144327,144014,13
144328,144016,13
144329,144017,14
144330,144018,12
144331,144019,13
144332,144019,15
144333,144020,13
144334,144020,14
144335,144021,14
144336,144022,12
144337,144023,13
144338,144023,14
144339,144024,13
144340,144026,13
144341,144026,12
144342,144028,11
144343,144029,13
144344,144029,14
144345,144030,12
144346,144030,14
144347,144031,14
144348,144031,15
144349,144032,14
144350,144033,14
144351,144033,11
144352,144038,12
144353,144038,15
144354,144040,14
144355,144040,11
144356,144041,12
144357,144041,12
144358,144042,11
144359,144042,14
144360,144043,13
144361,144043,12
144362,144044,12
144363,144045,12
144364,144045,11
144365,144046,14
144366,144049,14
144367,144049,15
144368,144052,11
144369,144054,12
144370,144054,12
144371,144055,15
144372,144056,14
144373,144056,13
144374,144059,12
144375,144062,14
144376,144062,11
144377,144063,15
144378,144064,13
144379,144064,13
144380,144065,15
144381,144065,12
144382,144067,12
144383,144068,15
144384,144069,11
144385,144069,11
144386,144070,15
144387,144070,12
144388,144071,11
144389,144073,11
144390,144075,12
144391,144076,11
144392,144077,15
144393,144081,13
144394,144081,14
144395,144083,12
144396,144084,11
144397,144084,12
144398,144086,14
144399,144086,13
144400,144087,14
144401,144087,12
144402,144088,14
144403,144088,15
144404,144089,14
144405,144090,11
144406,144090,12
144407,144091,15
144408,144091,14
144409,144092,13
144410,144092,13
144411,144093,12
144412,144093,12
144413,144094,14
144414,144095,14
144415,144097,12
144416,144097,13
144417,144098,13
144418,144099,12
144419,144101,15
144420,144101,13
144421,144102,13
144422,144102,14
144423,144104,11
144424,144105,11
144425,144105,14
144426,144106,11
144427,144106,14
144428,144108,14
144429,144108,11
144430,144109,13
144431,144109,15
144432,144111,14
144433,144112,13
144434,144112,14
144435,144113,11
144436,144114,14
144437,144114,15
144438,144115,14
144439,144115,12
144440,144116,13
144441,144116,15
144442,144118,11
144443,144118,12
144444,144119,14
144445,144119,15
144446,144120,13
144447,144121,14
144448,144121,12
144449,144122,15
144450,144123,14
144451,144123,12
144452,144126,13
144453,144127,13
144454,144128,12
144455,144128,13
144456,144129,11
144457,144131,14
144458,144131,14
144459,144132,14
144460,144133,12
144461,144134,12
144462,144134,11
144463,144135,14
144464,144135,14
144465,144136,13
144466,144137,15
144467,144137,11
144468,144138,14
144469,144138,12
144470,144143,15
144471,144144,14
144472,144147,12
144473,144147,11
144474,144148,14
144475,144148,15
144476,144153,11
144477,144154,13
144478,144155,14
144479,144156,15
144480,144156,12
144481,144157,11
144482,144157,14
144483,144159,14
144484,144159,15
144485,144160,11
144486,144161,11
144487,144161,14
144488,144162,12
144489,144163,13
144490,144164,14
144491,144165,12
144492,144165,13
144493,144167,12
144494,144167,11
144495,144168,15
144496,144168,15
144497,144169,15
144498,144170,12
144499,144171,11
144500,144176,11
144501,144176,11
144502,144178,13
144503,144181,14
144504,144181,14
144505,144182,13
144506,144183,12
144507,144184,12
144508,144185,12
144509,144185,13
144510,144187,14
144511,144187,11
144512,144188,12
144513,144189,11
144514,144189,15
144515,144191,13
144516,144192,11
144517,144192,12
144518,144193,13
144519,144193,11
144520,144195,13
144521,144195,12
144522,144196,11
144523,144199,11
144524,144200,14
144525,144200,13
144526,144201,15
144527,144202,13
144528,144205,11
144529,144205,14
144530,144209,13
144531,144209,15
144532,144210,14
144533,144211,13
144534,144211,13
144535,144213,14
144536,144213,15
144537,144214,12
144538,144214,11
144539,144215,15
144540,144216,13
144541,144216,13
144542,144218,12
144543,144218,11
144544,144221,12
144545,144221,13
144546,144225,12
144547,144225,15
144548,144227,15
144549,144227,13
144550,144228,13
144551,144228,11
144552,144229,15
144553,144229,11
144554,144230,13
144555,144231,12
144556,144231,13
144557,144232,15
144558,144233,15
144559,144233,14
144560,144234,12
144561,144234,14
144562,144235,12
144563,144236,14
144564,144238,11
144565,144239,12
144566,144239,15
144567,144241,12
144568,144241,14
144569,144242,15
144570,144242,12
144571,144243,13
144572,144244,12
144573,144245,14
144574,144247,13
144575,144247,12
144576,144249,12
144577,144250,13
144578,144251,15
144579,144251,12
144580,144252,15
144581,144252,12
144582,144253,14
144583,144254,14
144584,144255,12
144585,144256,13
144586,144257,14
144587,144257,14
144588,144259,11
144589,144259,15
144590,144262,11
144591,144262,12
144592,144263,12
144593,144263,13
144594,144264,12
144595,144264,15
144596,144265,15
144597,144265,11
144598,144268,14
144599,144268,13
144600,144269,12
144601,144269,11
144602,144270,14
144603,144270,15
144604,144272,11
144605,144272,15
144606,144273,15
144607,144273,15
144608,144275,15
144609,144276,13
144610,144276,14
144611,144277,15
144612,144280,12
144613,144280,14
144614,144284,14
144615,144284,13
144616,144286,13
144617,144286,12
144618,144287,13
144619,144289,14
144620,144289,12
144621,144290,11
144622,144292,13
144623,144294,15
144624,144295,14
144625,144295,11
144626,144296,12
144627,144302,11
144628,144303,14
144629,144303,15
144630,144304,15
144631,144304,15
144632,144305,12
144633,144306,14
144634,144307,15
144635,144307,11
144636,144312,15
144637,144314,11
144638,144314,11
144639,144315,12
144640,144317,12
144641,144318,11
144642,144318,11
144643,144319,13
144644,144319,15
144645,144321,14
144646,144321,11
144647,144322,13
144648,144323,13
144649,144323,11
144650,144324,13
144651,144324,15
144652,144326,14
144653,144326,12
144654,144327,13
144655,144327,15
144656,144328,15
144657,144328,15
144658,144329,13
144659,144330,11
144660,144331,14
144661,144334,15
144662,144335,12
144663,144335,15
144664,144336,11
144665,144337,12
144666,144338,14
144667,144339,13
144668,144340,14
144669,144340,12
144670,144341,12
144671,144341,11
144672,144344,15
144673,144344,11
144674,144345,14
144675,144345,11
144676,144347,11
144677,144347,12
144678,144348,13
144679,144348,14
144680,144350,11
144681,144351,12
144682,144354,13
144683,144354,13
144684,144355,15
144685,144355,11
144686,144356,13
144687,144357,15
144688,144358,13
144689,144358,14
144690,144360,12
144691,144361,15
144692,144362,13
144693,144362,15
144694,144363,12
144695,144363,13
144696,144365,13
144697,144366,12
144698,144367,11
144699,144367,13
144700,144370,11
144701,144374,14
144702,144374,13
144703,144375,15
144704,144376,15
144705,144376,12
144706,144377,14
144707,144377,14
144708,144379,15
144709,144380,11
144710,144381,12
144711,144382,13
144712,144383,14
144713,144384,15
144714,144385,13
144715,144386,11
144716,144386,14
144717,144387,13
144718,144387,12
144719,144390,14
144720,144391,12
144721,144391,15
144722,144392,11
144723,144394,15
144724,144395,15
144725,144395,15
144726,144397,11
144727,144399,14
144728,144401,15
144729,144401,13
144730,144402,13
144731,144402,15
144732,144403,14
144733,144403,11
144734,144404,14
144735,144407,12
144736,144407,12
144737,144408,12
144738,144408,12
144739,144409,11
144740,144410,15
144741,144410,12
144742,144412,15
144743,144412,11
144744,144413,13
144745,144413,15
144746,144415,15
144747,144416,13
144748,144416,13
144749,144418,13
144750,144418,13
144751,144419,13
144752,144420,15
144753,144420,13
144754,144421,11
144755,144422,13
144756,144422,15
144757,144423,15
144758,144424,14
144759,144424,15
144760,144425,12
144761,144425,14
144762,144426,12
144763,144431,14
144764,144432,12
144765,144433,15
144766,144433,12
144767,144434,15
144768,144434,14
144769,144436,12
144770,144436,11
144771,144439,11
144772,144442,14
144773,144443,13
144774,144443,13
144775,144445,15
144776,144445,12
144777,144447,13
144778,144449,15
144779,144450,13
144780,144450,12
144781,144451,12
144782,144452,14
144783,144453,13
144784,144454,12
144785,144454,14
144786,144455,13
144787,144458,14
144788,144459,13
144789,144460,15
144790,144461,12
144791,144461,13
144792,144462,12
144793,144462,14
144794,144463,15
144795,144463,12
144796,144464,11
144797,144465,15
144798,144465,15
144799,144466,11
144800,144467,15
144801,144468,15
144802,144469,11
144803,144470,14
144804,144470,15
144805,144472,12
144806,144472,14
144807,144475,13
144808,144475,13
144809,144478,13
144810,144478,13
144811,144480,13
144812,144480,15
144813,144481,11
144814,144482,14
144815,144487,14
144816,144487,12
144817,144488,13
144818,144488,13
144819,144490,13
144820,144491,12
144821,144491,12
144822,144492,12
144823,144493,12
144824,144493,11
144825,144494,12
144826,144494,13
144827,144495,13
144828,144496,13
144829,144497,15
144830,144498,15
144831,144498,14
144832,144500,14
144833,144501,11
144834,144501,12
144835,144502,12
144836,144502,11
144837,144503,12
144838,144504,15
144839,144505,11
144840,144505,12
144841,144507,11
144842,144509,12
144843,144509,11
144844,144510,13
144845,144511,13
144846,144513,13
144847,144514,11
144848,144514,11
144849,144517,13
144850,144518,15
144851,144518,14
144852,144519,13
144853,144519,14
144854,144521,15
144855,144521,13
144856,144523,13
144857,144523,12
144858,144524,11
144859,144525,12
144860,144525,12
144861,144527,15
144862,144527,12
144863,144530,15
144864,144530,15
144865,144531,11
144866,144531,15
144867,144532,13
144868,144532,15
144869,144534,15
144870,144535,11
144871,144535,11
144872,144536,15
144873,144540,15
144874,144540,14
144875,144542,14
144876,144542,14
144877,144546,12
144878,144547,15
144879,144548,11
144880,144550,12
144881,144550,13
144882,144551,14
144883,144552,13
144884,144552,11
144885,144555,12
144886,144556,12
144887,144557,11
144888,144557,12
144889,144559,11
144890,144559,12
144891,144561,11
144892,144561,15
144893,144562,13
144894,144562,12
144895,144564,13
144896,144565,14
144897,144566,11
144898,144567,15
144899,144569,13
144900,144571,13
144901,144572,13
144902,144572,15
144903,144573,12
144904,144573,14
144905,144574,11
144906,144575,11
144907,144575,12
144908,144577,13
144909,144578,12
144910,144578,13
144911,144579,15
144912,144580,12
144913,144581,14
144914,144581,12
144915,144582,11
144916,144582,13
144917,144583,11
144918,144583,15
144919,144584,15
144920,144584,11
144921,144585,15
144922,144589,14
144923,144590,13
144924,144590,11
144925,144592,14
144926,144593,13
144927,144593,11
144928,144594,11
144929,144594,13
144930,144597,13
144931,144597,11
144932,144598,14
144933,144598,15
144934,144600,14
144935,144601,13
144936,144601,14
144937,144602,12
144938,144604,14
144939,144604,14
144940,144607,11
144941,144607,15
144942,144609,12
144943,144610,13
144944,144611,15
144945,144611,14
144946,144612,11
144947,144612,11
144948,144614,14
144949,144614,11
144950,144616,15
144951,144616,11
144952,144617,14
144953,144618,13
144954,144622,15
144955,144622,12
144956,144623,13
144957,144624,14
144958,144624,13
144959,144625,15
144960,144627,14
144961,144628,12
144962,144628,11
144963,144629,12
144964,144629,12
144965,144630,15
144966,144630,14
144967,144631,11
144968,144632,12
144969,144632,15
144970,144633,12
144971,144634,11
144972,144634,11
144973,144635,12
144974,144636,11
144975,144636,15
144976,144637,11
144977,144640,14
144978,144640,13
144979,144641,11
144980,144642,13
144981,144643,13
144982,144644,11
144983,144646,15
144984,144646,15
144985,144651,15
144986,144652,11
144987,144653,12
144988,144653,15
144989,144656,11
144990,144656,14
144991,144657,12
144992,144658,15
144993,144659,13
144994,144660,12
144995,144661,14
144996,144661,12
144997,144663,15
144998,144665,13
144999,144665,12
145000,144666,13
145001,144667,13
145002,144669,13
145003,144670,12
145004,144672,11
145005,144672,13
145006,144673,12
145007,144674,13
145008,144676,11
145009,144677,15
145010,144679,14
145011,144680,11
145012,144681,11
145013,144683,15
145014,144685,15
145015,144685,15
145016,144687,13
145017,144687,12
145018,144688,14
145019,144688,12
145020,144689,13
145021,144689,14
145022,144691,15
145023,144692,14
145024,144692,14
145025,144693,11
145026,144696,12
145027,144696,13
145028,144697,12
145029,144697,12
145030,144698,14
145031,144698,11
145032,144699,12
145033,144700,11
145034,144702,11
145035,144702,11
145036,144704,13
145037,144704,15
145038,144705,11
145039,144705,14
145040,144707,15
145041,144707,13
145042,144708,11
145043,144709,15
145044,144710,11
145045,144710,14
145046,144712,15
145047,144713,12
145048,144713,12
145049,144715,13
145050,144717,11
145051,144717,13
145052,144718,13
145053,144718,11
145054,144719,15
145055,144720,15
145056,144722,15
145057,144722,12
145058,144725,11
145059,144725,15
145060,144727,13
145061,144727,15
145062,144728,12
145063,144728,15
145064,144729,15
145065,144729,14
145066,144732,14
145067,144734,13
145068,144734,14
145069,144735,12
145070,144737,15
145071,144737,15
145072,144738,14
145073,144738,15
145074,144739,11
145075,144739,14
145076,144744,15
145077,144745,11
145078,144745,13
145079,144748,11
145080,144749,13
145081,144749,14
145082,144750,14
145083,144750,14
145084,144751,12
145085,144751,12
145086,144752,14
145087,144752,14
145088,144754,12
145089,144754,12
145090,144756,15
145091,144758,11
145092,144759,12
145093,144761,15
145094,144761,13
145095,144762,13
145096,144763,14
145097,144765,15
145098,144765,12
145099,144766,14
145100,144766,14
145101,144767,14
145102,144770,15
145103,144772,12
145104,144774,12
145105,144774,11
145106,144776,11
145107,144778,11
145108,144778,15
145109,144779,15
145110,144781,14
145111,144782,15
145112,144783,12
145113,144784,12
145114,144784,12
145115,144785,11
145116,144785,12
145117,144786,12
145118,144788,12
145119,144788,11
145120,144789,15
145121,144789,13
145122,144791,14
145123,144792,11
145124,144792,15
145125,144793,13
145126,144794,12
145127,144794,11
145128,144795,11
145129,144797,12
145130,144797,13
145131,144798,12
145132,144798,12
145133,144799,12
145134,144800,14
145135,144800,12
145136,144803,12
145137,144803,15
145138,144804,14
145139,144806,11
145140,144807,14
145141,144807,14
145142,144808,11
145143,144809,13
145144,144809,14
145145,144811,13
145146,144812,11
145147,144812,14
145148,144814,13
145149,144814,15
145150,144818,14
145151,144818,13
145152,144820,12
145153,144821,12
145154,144821,14
145155,144823,13
145156,144823,12
145157,144824,15
145158,144825,12
145159,144827,12
145160,144827,11
145161,144830,15
145162,144832,15
145163,144833,13
145164,144833,13
145165,144834,12
145166,144836,13
145167,144837,13
145168,144837,12
145169,144838,11
145170,144838,12
145171,144839,11
145172,144840,13
145173,144840,12
145174,144841,14
145175,144841,15
145176,144842,15
145177,144842,11
145178,144843,11
145179,144843,14
145180,144844,15
145181,144845,14
145182,144845,12
145183,144846,11
145184,144846,14
145185,144847,11
145186,144848,13
145187,144849,13
145188,144849,13
145189,144851,13
145190,144851,14
145191,144856,11
145192,144858,15
145193,144858,12
145194,144860,15
145195,144861,12
145196,144864,12
145197,144864,11
145198,144867,15
145199,144868,14
145200,144868,11
145201,144872,12
145202,144877,13
145203,144877,11
145204,144878,11
145205,144879,14
145206,144881,13
145207,144883,14
145208,144883,13
145209,144884,13
145210,144884,12
145211,144885,14
145212,144885,11
145213,144886,11
145214,144886,12
145215,144887,14
145216,144888,13
145217,144888,12
145218,144889,14
145219,144889,12
145220,144893,12
145221,144893,15
145222,144894,13
145223,144894,13
145224,144896,15
145225,144897,13
145226,144898,12
145227,144899,12
145228,144899,11
145229,144900,12
145230,144900,13
145231,144903,15
145232,144906,13
145233,144908,12
145234,144908,12
145235,144910,14
145236,144912,13
145237,144912,11
145238,144913,14
145239,144913,14
145240,144914,13
145241,144915,12
145242,144916,11
145243,144916,12
145244,144917,13
145245,144919,14
145246,144919,11
145247,144920,12
145248,144921,13
145249,144921,15
145250,144927,14
145251,144928,11
145252,144929,12
145253,144929,11
145254,144930,12
145255,144930,12
145256,144931,12
145257,144931,14
145258,144932,13
145259,144936,14
145260,144939,14
145261,144939,15
145262,144940,12
145263,144941,12
145264,144941,11
145265,144942,15
145266,144943,12
145267,144943,15
145268,144944,15
145269,144945,11
145270,144946,13
145271,144948,12
145272,144950,15
145273,144953,12
145274,144953,13
145275,144954,13
145276,144958,15
145277,144959,13
145278,144959,13
145279,144961,14
145280,144962,15
145281,144962,15
145282,144964,12
145283,144965,12
145284,144965,11
145285,144967,11
145286,144967,14
145287,144968,12
145288,144969,13
145289,144971,12
145290,144972,11
145291,144973,11
145292,144973,15
145293,144974,11
145294,144974,12
145295,144975,12
145296,144976,13
145297,144976,12
145298,144977,15
145299,144977,14
145300,144978,11
145301,144978,14
145302,144980,12
145303,144982,15
145304,144982,15
145305,144984,11
145306,144984,11
145307,144985,13
145308,144986,15
145309,144987,11
145310,144990,13
145311,144990,14
145312,144992,11
145313,144994,11
145314,144994,12
145315,144995,15
145316,144995,13
145317,144996,12
145318,144996,13
145319,144997,14
145320,144997,14
145321,144998,14
145322,144999,14
145323,144999,15
145324,145000,15
145325,145000,14
145326,145001,12
145327,145003,14
145328,145011,14
145329,145011,11
145330,145012,13
145331,145013,15
145332,145013,12
145333,145015,11
145334,145015,15
145335,145016,14
145336,145016,12
145337,145017,15
145338,145018,15
145339,145019,13
145340,145020,11
145341,145020,13
145342,145022,13
145343,145022,11
145344,145024,13
145345,145024,15
145346,145025,14
145347,145025,13
145348,145026,13
145349,145027,13
145350,145028,11
145351,145029,13
145352,145030,12
145353,145034,11
145354,145034,13
145355,145035,12
145356,145039,12
145357,145039,14
145358,145040,14
145359,145043,14
145360,145044,14
145361,145045,13
145362,145045,12
145363,145046,14
145364,145047,12
145365,145048,14
145366,145051,15
145367,145052,15
145368,145054,13
145369,145054,13
145370,145055,11
145371,145055,14
145372,145056,11
145373,145056,13
145374,145057,12
145375,145059,11
145376,145059,12
145377,145060,12
145378,145060,13
145379,145061,15
145380,145063,15
145381,145065,12
145382,145070,13
145383,145070,13
145384,145072,14
145385,145072,15
145386,145073,11
145387,145073,14
145388,145075,12
145389,145075,11
145390,145076,11
145391,145076,12
145392,145078,13
145393,145079,13
145394,145079,12
145395,145080,14
145396,145080,12
145397,145082,12
145398,145082,11
145399,145083,15
145400,145083,13
145401,145084,13
145402,145085,12
145403,145087,13
145404,145087,12
145405,145088,13
145406,145088,15
145407,145089,12
145408,145089,14
145409,145091,14
145410,145092,13
145411,145094,11
145412,145094,15
145413,145096,13
145414,145097,11
145415,145098,12
145416,145100,14
145417,145100,15
145418,145101,14
145419,145101,12
145420,145102,11
145421,145103,12
145422,145103,12
145423,145104,11
145424,145104,13
145425,145105,15
145426,145107,12
145427,145107,14
145428,145108,15
145429,145109,15
145430,145110,13
145431,145110,12
145432,145111,11
145433,145111,15
145434,145112,15
145435,145112,15
145436,145113,12
145437,145115,14
145438,145115,14
145439,145116,12
145440,145119,13
145441,145122,15
145442,145124,13
145443,145125,14
145444,145125,11
145445,145127,12
145446,145128,15
145447,145129,15
145448,145129,13
145449,145130,15
145450,145132,15
145451,145132,13
145452,145135,12
145453,145136,15
145454,145137,13
145455,145139,11
145456,145139,11
145457,145140,11
145458,145143,15
145459,145144,11
145460,145146,11
145461,145146,15
145462,145147,11
145463,145148,11
145464,145149,11
145465,145149,15
145466,145151,15
145467,145151,14
145468,145152,14
145469,145153,15
145470,145153,13
145471,145156,11
145472,145157,12
145473,145157,11
145474,145158,15
145475,145158,13
145476,145159,13
145477,145162,11
145478,145163,14
145479,145163,12
145480,145169,14
145481,145170,13
145482,145170,15
145483,145172,12
145484,145172,14
145485,145173,12
145486,145174,13
145487,145176,14
145488,145176,13
145489,145177,15
145490,145178,15
145491,145180,14
145492,145180,11
145493,145183,14
145494,145184,11
145495,145184,11
145496,145187,14
145497,145187,12
145498,145188,14
145499,145188,13
145500,145190,14
145501,145190,15
145502,145191,15
145503,145192,15
145504,145192,11
145505,145194,13
145506,145194,11
145507,145195,11
145508,145195,11
145509,145196,15
145510,145196,15
145511,145197,12
145512,145198,11
145513,145199,11
145514,145200,11
145515,145201,12
145516,145201,15
145517,145202,14
145518,145202,11
145519,145203,14
145520,145203,11
145521,145205,12
145522,145208,14
145523,145213,15
145524,145214,13
145525,145216,14
145526,145216,15
145527,145218,14
145528,145218,11
145529,145219,14
145530,145220,13
145531,145224,15
145532,145225,15
145533,145225,13
145534,145226,13
145535,145227,13
145536,145228,11
145537,145231,12
145538,145232,12
145539,145232,12
145540,145233,15
145541,145234,15
145542,145236,15
145543,145236,14
145544,145238,12
145545,145238,12
145546,145239,12
145547,145240,11
145548,145240,14
145549,145241,13
145550,145243,11
145551,145246,12
145552,145249,12
145553,145251,15
145554,145251,14
145555,145252,12
145556,145252,15
145557,145253,14
145558,145253,15
145559,145254,13
145560,145256,13
145561,145256,14
145562,145260,12
145563,145260,13
145564,145261,15
145565,145261,14
145566,145262,12
145567,145262,14
145568,145263,15
145569,145264,12
145570,145264,15
145571,145265,14
145572,145266,12
145573,145267,15
145574,145268,13
145575,145271,11
145576,145271,15
145577,145272,14
145578,145274,14
145579,145274,11
145580,145276,12
145581,145280,13
145582,145282,11
145583,145282,15
145584,145283,14
145585,145283,11
145586,145286,11
145587,145287,12
145588,145287,11
145589,145288,12
145590,145288,11
145591,145289,15
145592,145289,15
145593,145290,12
145594,145290,14
145595,145291,14
145596,145291,14
145597,145292,13
145598,145296,14
145599,145296,11
145600,145297,12
145601,145299,14
145602,145299,15
145603,145300,12
145604,145300,13
145605,145303,14
145606,145303,15
145607,145304,12
145608,145305,13
145609,145305,13
145610,145307,15
145611,145309,15
145612,145310,12
145613,145312,12
145614,145312,12
145615,145314,12
145616,145315,11
145617,145317,12
145618,145317,15
145619,145320,15
145620,145320,15
145621,145321,13
145622,145321,12
145623,145322,12
145624,145323,14
145625,145324,14
145626,145324,15
145627,145325,12
145628,145325,13
145629,145326,12
145630,145327,14
145631,145327,11
145632,145328,13
145633,145328,12
145634,145330,12
145635,145330,14
145636,145331,12
145637,145331,14
145638,145335,15
145639,145335,11
145640,145339,11
145641,145339,12
145642,145340,13
145643,145344,12
145644,145345,14
145645,145346,11
145646,145346,12
145647,145347,11
145648,145348,11
145649,145349,11
145650,145352,15
145651,145354,14
145652,145354,14
145653,145355,12
145654,145357,12
145655,145357,12
145656,145359,13
145657,145359,12
145658,145360,15
145659,145361,11
145660,145361,14
145661,145362,13
145662,145362,11
145663,145363,12
145664,145363,14
145665,145364,12
145666,145364,11
145667,145365,14
145668,145366,14
145669,145366,11
145670,145367,12
145671,145368,14
145672,145370,14
145673,145371,11
145674,145371,15
145675,145372,11
145676,145373,11
145677,145373,14
145678,145377,15
145679,145378,13
145680,145378,14
145681,145380,14
145682,145380,15
145683,145382,11
145684,145383,14
145685,145384,12
145686,145387,12
145687,145388,13
145688,145388,11
145689,145389,15
145690,145390,14
145691,145390,12
145692,145391,14
145693,145392,14
145694,145392,11
145695,145393,15
145696,145395,15
145697,145396,11
145698,145396,14
145699,145397,15
145700,145398,15
145701,145399,11
145702,145401,15
145703,145402,14
145704,145402,12
145705,145403,12
145706,145403,12
145707,145404,15
145708,145405,13
145709,145406,13
145710,145406,11
145711,145411,12
145712,145413,12
145713,145415,14
145714,145415,11
145715,145416,15
145716,145416,14
145717,145417,13
145718,145417,11
145719,145419,12
145720,145420,14
145721,145420,15
145722,145423,13
145723,145424,13
145724,145425,15
145725,145425,11
145726,145426,12
145727,145426,13
145728,145428,15
145729,145429,14
145730,145429,14
145731,145430,12
145732,145431,15
145733,145431,13
145734,145432,14
145735,145432,14
145736,145433,14
145737,145433,15
145738,145436,11
145739,145436,14
145740,145440,14
145741,145441,11
145742,145442,15
145743,145443,12
145744,145445,14
145745,145445,14
145746,145446,15
145747,145448,13
145748,145449,12
145749,145451,13
145750,145453,15
145751,145453,11
145752,145454,12
145753,145454,11
145754,145455,13
145755,145456,14
145756,145457,12
145757,145457,14
145758,145458,11
145759,145458,14
145760,145459,11
145761,145459,14
145762,145460,15
145763,145460,15
145764,145461,14
145765,145463,15
145766,145463,12
145767,145464,13
145768,145464,15
145769,145465,11
145770,145465,12
145771,145469,14
145772,145470,15
145773,145470,13
145774,145471,12
145775,145473,13
145776,145474,15
145777,145475,15
145778,145476,14
145779,145476,11
145780,145477,11
145781,145477,12
145782,145479,11
145783,145479,13
145784,145480,11
145785,145481,12
145786,145481,15
145787,145482,14
145788,145482,14
145789,145483,14
145790,145484,12
145791,145484,11
145792,145485,15
145793,145488,13
145794,145489,12
145795,145489,12
145796,145490,14
145797,145492,13
145798,145492,11
145799,145493,11
145800,145494,12
145801,145494,11
145802,145497,13
145803,145497,15
145804,145500,12
145805,145501,11
145806,145501,13
145807,145502,12
145808,145503,11
145809,145504,12
145810,145504,14
145811,145505,15
145812,145505,12
145813,145510,12
145814,145511,12
145815,145511,13
145816,145512,15
145817,145514,15
145818,145514,13
145819,145515,14
145820,145515,15
145821,145517,12
145822,145518,11
145823,145519,15
145824,145519,14
145825,145520,14
145826,145520,13
145827,145521,15
145828,145521,15
145829,145522,12
145830,145522,12
145831,145526,13
145832,145528,12
145833,145529,15
145834,145529,15
145835,145530,13
145836,145530,12
145837,145532,15
145838,145533,12
145839,145533,15
145840,145536,14
145841,145536,12
145842,145539,14
145843,145540,12
145844,145540,11
145845,145542,11
145846,145542,12
145847,145543,14
145848,145545,15
145849,145546,15
145850,145547,12
145851,145547,11
145852,145550,15
145853,145550,14
145854,145552,13
145855,145553,13
145856,145553,12
145857,145554,13
145858,145555,14
145859,145556,14
145860,145557,15
145861,145558,12
145862,145558,12
145863,145559,15
145864,145559,15
145865,145560,11
145866,145560,15
145867,145561,12
145868,145561,12
145869,145562,13
145870,145563,13
145871,145563,15
145872,145565,13
145873,145568,12
145874,145568,15
145875,145570,12
145876,145570,14
145877,145572,13
145878,145573,12
145879,145573,15
145880,145575,13
145881,145576,14
145882,145576,11
145883,145577,13
145884,145578,13
145885,145581,11
145886,145582,12
145887,145585,12
145888,145586,15
145889,145587,11
145890,145587,15
145891,145588,11
145892,145589,12
145893,145591,13
145894,145591,15
145895,145593,14
145896,145594,12
145897,145594,12
145898,145595,11
145899,145597,11
145900,145598,12
145901,145599,13
145902,145599,12
145903,145600,13
145904,145604,14
145905,145605,15
145906,145605,15
145907,145606,14
145908,145606,14
145909,145607,12
145910,145607,15
145911,145609,14
145912,145611,14
145913,145612,12
145914,145613,12
145915,145613,14
145916,145614,11
145917,145615,11
145918,145618,14
145919,145618,13
145920,145620,15
145921,145622,12
145922,145622,14
145923,145624,15
145924,145625,14
145925,145625,15
145926,145627,12
145927,145628,11
145928,145628,14
145929,145629,13
145930,145630,15
145931,145631,13
145932,145631,13
145933,145632,12
145934,145633,15
145935,145633,13
145936,145635,11
145937,145635,11
145938,145636,11
145939,145636,12
145940,145638,14
145941,145640,13
145942,145640,11
145943,145641,12
145944,145641,15
145945,145642,11
145946,145642,15
145947,145643,11
145948,145644,14
145949,145644,14
145950,145646,14
145951,145647,11
145952,145647,12
145953,145648,15
145954,145649,14
145955,145650,14
145956,145651,12
145957,145652,14
145958,145653,12
145959,145653,12
145960,145654,11
145961,145655,12
145962,145655,12
145963,145656,15
145964,145656,11
145965,145657,11
145966,145658,13
145967,145658,11
145968,145661,12
145969,145662,15
145970,145662,12
145971,145666,14
145972,145667,15
145973,145669,13
145974,145669,15
145975,145670,12
145976,145672,11
145977,145674,15
145978,145675,11
145979,145676,15
145980,145677,14
145981,145678,15
145982,145679,11
145983,145679,11
145984,145680,11
145985,145680,11
145986,145681,13
145987,145681,12
145988,145682,14
145989,145684,14
145990,145686,11
145991,145686,13
145992,145689,11
145993,145689,12
145994,145692,15
145995,145693,12
145996,145693,15
145997,145696,14
145998,145697,14
145999,145698,11
146000,145698,12
146001,145699,11
146002,145700,11
146003,145701,12
146004,145702,12
146005,145702,14
146006,145703,13
146007,145703,13
146008,145704,14
146009,145705,12
146010,145705,13
146011,145706,13
146012,145706,11
146013,145708,15
146014,145708,13
146015,145709,12
146016,145709,12
146017,145710,12
146018,145710,12
146019,145711,11
146020,145711,15
146021,145713,12
146022,145713,11
146023,145715,15
146024,145715,12
146025,145716,15
146026,145716,14
146027,145717,14
146028,145719,11
146029,145719,14
146030,145720,14
146031,145721,13
146032,145721,11
146033,145723,11
146034,145723,15
146035,145724,12
146036,145724,14
146037,145729,14
146038,145729,13
146039,145731,14
146040,145733,14
146041,145738,14
146042,145738,11
146043,145739,14
146044,145739,12
146045,145741,13
146046,145743,11
146047,145744,15
146048,145745,14
146049,145746,13
146050,145746,11
146051,145747,11
146052,145747,12
146053,145748,13
146054,145748,14
146055,145752,11
146056,145753,15
146057,145754,14
146058,145754,15
146059,145756,14
146060,145757,12
146061,145757,11
146062,145758,13
146063,145760,13
146064,145762,14
146065,145763,14
146066,145763,13
146067,145765,15
146068,145768,15
146069,145769,11
146070,145770,14
146071,145770,14
146072,145771,11
146073,145772,11
146074,145772,14
146075,145776,14
146076,145779,15
146077,145780,12
146078,145780,11
146079,145781,13
146080,145782,12
146081,145782,13
146082,145783,14
146083,145785,12
146084,145785,13
146085,145786,15
146086,145787,11
146087,145787,13
146088,145789,11
146089,145790,15
146090,145791,15
146091,145794,11
146092,145797,12
146093,145798,14
146094,145798,15
146095,145801,12
146096,145801,15
146097,145802,13
146098,145806,14
146099,145807,14
146100,145807,14
146101,145811,13
146102,145813,13
146103,145814,12
146104,145816,11
146105,145818,13
146106,145818,15
146107,145819,13
146108,145821,13
146109,145823,12
146110,145823,13
146111,145824,12
146112,145825,14
146113,145825,14
146114,145826,11
146115,145827,13
146116,145828,11
146117,145828,13
146118,145829,14
146119,145829,14
146120,145831,12
146121,145832,13
146122,145832,12
146123,145833,11
146124,145833,13
146125,145834,14
146126,145834,11
146127,145835,13
146128,145835,13
146129,145836,14
146130,145839,11
146131,145839,13
146132,145840,15
146133,145840,14
146134,145843,11
146135,145843,15
146136,145845,15
146137,145847,15
146138,145847,13
146139,145848,12
146140,145849,12
146141,145850,13
146142,145851,15
146143,145851,13
146144,145854,11
146145,145856,13
146146,145857,12
146147,145858,11
146148,145859,12
146149,145859,12
146150,145860,14
146151,145861,15
146152,145862,15
146153,145862,13
146154,145863,12
146155,145863,15
146156,145864,13
146157,145865,11
146158,145865,14
146159,145866,15
146160,145866,15
146161,145867,13
146162,145867,13
146163,145869,14
146164,145870,15
146165,145871,15
146166,145872,12
146167,145873,11
146168,145874,12
146169,145874,12
146170,145876,11
146171,145876,11
146172,145878,12
146173,145879,12
146174,145879,12
146175,145880,13
146176,145880,13
146177,145882,13
146178,145882,13
146179,145883,15
146180,145884,14
146181,145884,15
146182,145887,14
146183,145888,11
146184,145888,12
146185,145889,13
146186,145889,15
146187,145890,11
146188,145890,15
146189,145891,11
146190,145891,11
146191,145892,13
146192,145893,14
146193,145893,14
146194,145894,12
146195,145894,13
146196,145895,15
146197,145896,12
146198,145896,13
146199,145897,11
146200,145897,12
146201,145898,13
146202,145899,11
146203,145899,14
146204,145901,12
146205,145903,14
146206,145905,15
146207,145906,11
146208,145907,14
146209,145907,14
146210,145908,15
146211,145910,12
146212,145911,13
146213,145913,13
146214,145913,12
146215,145914,15
146216,145914,12
146217,145916,15
146218,145918,15
146219,145918,15
146220,145920,14
146221,145921,14
146222,145923,14
146223,145923,12
146224,145925,11
146225,145925,12
146226,145926,13
146227,145926,14
146228,145927,11
146229,145927,12
146230,145928,11
146231,145928,13
146232,145930,11
146233,145931,14
146234,145932,15
146235,145932,15
146236,145933,15
146237,145934,14
146238,145934,14
146239,145935,11
146240,145937,12
146241,145940,15
146242,145941,12
146243,145942,13
146244,145942,12
146245,145943,13
146246,145944,13
146247,145944,12
146248,145945,15
146249,145945,12
146250,145947,14
146251,145948,15
146252,145949,13
146253,145950,15
146254,145950,15
146255,145951,13
146256,145951,13
146257,145952,13
146258,145952,12
146259,145953,11
146260,145954,12
146261,145955,13
146262,145956,13
146263,145956,12
146264,145957,12
146265,145958,12
146266,145958,15
146267,145959,14
146268,145959,12
146269,145960,15
146270,145963,13
146271,145965,15
146272,145965,15
146273,145966,15
146274,145967,13
146275,145969,12
146276,145969,11
146277,145970,11
146278,145970,15
146279,145973,15
146280,145974,13
146281,145975,13
146282,145976,13
146283,145978,11
146284,145980,11
146285,145981,11
146286,145981,13
146287,145983,15
146288,145984,11
146289,145984,12
146290,145985,14
146291,145985,15
146292,145986,11
146293,145986,15
146294,145987,11
146295,145990,12
146296,145990,14
146297,145991,14
146298,145991,14
146299,145992,15
146300,145992,11
146301,145993,14
146302,145994,12
146303,145994,12
146304,145995,14
146305,145995,13
146306,145996,12
146307,145996,14
146308,145997,14
146309,145997,11
146310,145998,12
146311,145999,11
146312,146000,15
146313,146003,13
146314,146007,11
146315,146011,11
146316,146011,11
146317,146013,12
146318,146014,12
146319,146014,13
146320,146017,12
146321,146019,13
146322,146019,14
146323,146020,11
146324,146022,12
146325,146022,12
146326,146023,11
146327,146023,12
146328,146024,14
146329,146025,15
146330,146027,11
146331,146027,15
146332,146028,14
146333,146028,13
146334,146029,11
146335,146029,12
146336,146031,15
146337,146031,14
146338,146032,15
146339,146033,11
146340,146035,11
146341,146036,15
146342,146037,12
146343,146037,14
146344,146038,12
146345,146038,12
146346,146039,12
146347,146040,13
146348,146041,13
146349,146041,12
146350,146043,13
146351,146044,15
146352,146044,12
146353,146045,13
146354,146045,13
146355,146046,12
146356,146046,15
146357,146047,14
146358,146048,13
146359,146049,12
146360,146050,15
146361,146050,14
146362,146052,15
146363,146054,11
146364,146056,15
146365,146058,11
146366,146058,11
146367,146062,14
146368,146063,13
146369,146064,13
146370,146064,14
146371,146065,14
146372,146066,12
146373,146066,14
146374,146067,13
146375,146067,11
146376,146069,14
146377,146070,15
146378,146070,12
146379,146072,14
146380,146073,14
146381,146073,11
146382,146075,13
146383,146078,13
146384,146078,13
146385,146080,12
146386,146080,13
146387,146083,13
146388,146087,13
146389,146087,15
146390,146088,13
146391,146089,15
146392,146089,15
146393,146090,15
146394,146091,14
146395,146092,13
146396,146092,11
146397,146093,11
146398,146093,12
146399,146094,15
146400,146098,14
146401,146100,15
146402,146100,13
146403,146101,12
146404,146101,12
146405,146103,11
146406,146105,13
146407,146106,14
146408,146111,11
146409,146112,14
146410,146112,11
146411,146116,11
146412,146118,11
146413,146119,15
146414,146121,15
146415,146121,15
146416,146122,15
146417,146122,14
146418,146123,15
146419,146123,15
146420,146124,14
146421,146124,12
146422,146125,12
146423,146126,12
146424,146128,11
146425,146128,14
146426,146129,11
146427,146130,14
146428,146131,11
146429,146131,14
146430,146133,11
146431,146133,12
146432,146134,15
146433,146134,11
146434,146135,15
146435,146136,13
146436,146136,13
146437,146137,12
146438,146137,12
146439,146139,13
146440,146139,12
146441,146140,13
146442,146140,11
146443,146142,14
146444,146142,11
146445,146143,15
146446,146143,15
146447,146144,14
146448,146144,15
146449,146145,13
146450,146145,14
146451,146147,14
146452,146147,15
146453,146152,11
146454,146152,13
146455,146153,13
146456,146155,14
146457,146155,15
146458,146156,13
146459,146160,15
146460,146161,13
146461,146162,14
146462,146162,14
146463,146164,15
146464,146166,11
146465,146166,12
146466,146174,14
146467,146174,13
146468,146176,14
146469,146177,12
146470,146177,14
146471,146178,13
146472,146179,13
146473,146180,12
146474,146183,12
146475,146183,11
146476,146184,11
146477,146185,13
146478,146185,15
146479,146186,14
146480,146186,13
146481,146187,11
146482,146188,12
146483,146189,13
146484,146190,11
146485,146190,15
146486,146192,11
146487,146192,13
146488,146194,12
146489,146196,15
146490,146197,14
146491,146197,14
146492,146198,15
146493,146198,14
146494,146200,12
146495,146200,12
146496,146201,13
146497,146203,14
146498,146203,12
146499,146204,15
146500,146205,13
146501,146205,14
146502,146208,12
146503,146208,14
146504,146209,14
146505,146209,15
146506,146210,12
146507,146211,12
146508,146211,13
146509,146214,11
146510,146215,14
146511,146216,15
146512,146218,15
146513,146220,13
146514,146223,13
146515,146224,11
146516,146228,11
146517,146228,12
146518,146229,11
146519,146229,13
146520,146231,14
146521,146232,11
146522,146232,15
146523,146233,14
146524,146233,15
146525,146235,13
146526,146236,15
146527,146237,15
146528,146240,11
146529,146241,13
146530,146241,12
146531,146243,13
146532,146244,14
146533,146244,13
146534,146245,13
146535,146246,11
146536,146246,15
146537,146247,12
146538,146247,11
146539,146250,13
146540,146252,14
146541,146252,14
146542,146254,12
146543,146254,15
146544,146255,14
146545,146255,14
146546,146256,11
146547,146257,14
146548,146261,12
146549,146262,14
146550,146263,14
146551,146267,14
146552,146269,15
146553,146269,11
146554,146270,13
146555,146272,14
146556,146272,11
146557,146273,12
146558,146273,11
146559,146274,13
146560,146274,12
146561,146276,11
146562,146276,11
146563,146278,14
146564,146278,14
146565,146280,11
146566,146280,13
146567,146281,12
146568,146283,13
146569,146283,15
146570,146284,13
146571,146284,15
146572,146285,13
146573,146287,15
146574,146287,15
146575,146288,11
146576,146288,13
146577,146289,11
146578,146289,13
146579,146292,14
146580,146293,15
146581,146293,12
146582,146296,11
146583,146297,11
146584,146297,15
146585,146298,14
146586,146299,11
146587,146299,11
146588,146300,14
146589,146301,13
146590,146302,14
146591,146303,15
146592,146304,13
146593,146304,14
146594,146306,11
146595,146306,14
146596,146310,11
146597,146310,15
146598,146311,15
146599,146311,14
146600,146312,15
146601,146313,11
146602,146313,15
146603,146317,14
146604,146319,13
146605,146319,14
146606,146320,13
146607,146321,13
146608,146321,15
146609,146322,12
146610,146325,12
146611,146325,15
146612,146327,14
146613,146327,14
146614,146328,11
146615,146330,14
146616,146331,12
146617,146331,11
146618,146332,15
146619,146334,12
146620,146335,14
146621,146336,15
146622,146336,11
146623,146338,12
146624,146339,11
146625,146339,15
146626,146340,12
146627,146340,14
146628,146344,12
146629,146344,13
146630,146347,11
146631,146348,15
146632,146350,13
146633,146351,11
146634,146351,11
146635,146353,15
146636,146354,15
146637,146354,13
146638,146356,15
146639,146356,14
146640,146358,13
146641,146358,11
146642,146360,15
146643,146361,12
146644,146361,14
146645,146362,14
146646,146363,15
146647,146363,15
146648,146364,13
146649,146364,13
146650,146365,14
146651,146365,12
146652,146367,12
146653,146369,12
146654,146369,11
146655,146370,13
146656,146370,13
146657,146371,13
146658,146371,12
146659,146372,13
146660,146373,13
146661,146374,14
146662,146375,14
146663,146376,14
146664,146376,15
146665,146378,13
146666,146379,14
146667,146380,15
146668,146385,15
146669,146387,11
146670,146387,11
146671,146388,14
146672,146389,14
146673,146389,12
146674,146390,13
146675,146390,14
146676,146391,13
146677,146392,12
146678,146394,12
146679,146394,12
146680,146395,13
146681,146395,11
146682,146398,11
146683,146398,14
146684,146400,13
146685,146400,11
146686,146401,11
146687,146402,14
146688,146403,14
146689,146404,13
146690,146405,13
146691,146405,12
146692,146406,13
146693,146407,13
146694,146407,13
146695,146409,11
146696,146413,12
146697,146413,14
146698,146414,12
146699,146414,15
146700,146415,13
146701,146415,13
146702,146421,13
146703,146425,13
146704,146426,15
146705,146430,11
146706,146431,14
146707,146432,15
146708,146432,12
146709,146433,12
146710,146434,11
146711,146435,14
146712,146435,12
146713,146436,14
146714,146437,12
146715,146438,11
146716,146438,14
146717,146440,11
146718,146443,13
146719,146444,13
146720,146444,11
146721,146446,12
146722,146446,14
146723,146447,11
146724,146447,12
146725,146448,11
146726,146448,14
146727,146449,13
146728,146449,15
146729,146450,12
146730,146450,14
146731,146452,14
146732,146453,13
146733,146454,15
146734,146455,15
146735,146456,15
146736,146457,12
146737,146457,13
146738,146458,11
146739,146458,14
146740,146460,14
146741,146463,14
146742,146465,12
146743,146465,15
146744,146466,13
146745,146466,13
146746,146467,12
146747,146467,12
146748,146468,15
146749,146468,11
146750,146469,11
146751,146469,12
146752,146470,13
146753,146472,15
146754,146472,13
146755,146473,13
146756,146474,14
146757,146478,12
146758,146478,14
146759,146479,13
146760,146479,13
146761,146480,13
146762,146480,13
146763,146481,12
146764,146481,14
146765,146482,12
146766,146483,13
146767,146483,12
146768,146484,14
146769,146484,12
146770,146485,14
146771,146485,14
146772,146486,14
146773,146486,12
146774,146487,15
146775,146490,14
146776,146490,15
146777,146492,12
146778,146492,12
146779,146493,11
146780,146493,15
146781,146494,14
146782,146494,14
146783,146495,13
146784,146496,15
146785,146497,14
146786,146497,13
146787,146498,13
146788,146500,13
146789,146502,11
146790,146503,12
146791,146503,15
146792,146504,12
146793,146504,14
146794,146505,15
146795,146506,12
146796,146508,11
146797,146514,11
146798,146514,11
146799,146516,13
146800,146517,13
146801,146517,15
146802,146518,15
146803,146520,12
146804,146521,14
146805,146521,15
146806,146523,14
146807,146523,14
146808,146526,15
146809,146526,13
146810,146527,15
146811,146528,14
146812,146530,13
146813,146531,13
146814,146532,13
146815,146532,11
146816,146533,11
146817,146534,15
146818,146534,11
146819,146535,13
146820,146535,12
146821,146538,12
146822,146540,15
146823,146540,12
146824,146541,11
146825,146542,15
146826,146542,14
146827,146544,12
146828,146549,14
146829,146550,15
146830,146550,14
146831,146551,14
146832,146554,11
146833,146555,15
146834,146555,14
146835,146556,13
146836,146557,14
146837,146557,12
146838,146558,11
146839,146558,14
146840,146560,15
146841,146560,13
146842,146562,13
146843,146562,15
146844,146563,12
146845,146565,13
146846,146566,12
146847,146567,15
146848,146567,12
146849,146570,14
146850,146570,14
146851,146572,15
146852,146574,13
146853,146574,15
146854,146576,11
146855,146577,12
146856,146577,14
146857,146578,12
146858,146578,13
146859,146579,13
146860,146579,13
146861,146581,14
146862,146581,14
146863,146583,14
146864,146585,12
146865,146586,11
146866,146586,11
146867,146587,15
146868,146588,12
146869,146588,13
146870,146589,14
146871,146590,12
146872,146593,12
146873,146593,13
146874,146594,13
146875,146595,13
146876,146597,12
146877,146597,11
146878,146598,12
146879,146599,12
146880,146599,15
146881,146600,14
146882,146602,15
146883,146602,15
146884,146603,11
146885,146604,13
146886,146604,15
146887,146605,14
146888,146606,11
146889,146606,13
146890,146607,12
146891,146607,15
146892,146610,14
146893,146610,15
146894,146611,14
146895,146611,12
146896,146613,11
146897,146613,12
146898,146614,13
146899,146619,14
146900,146619,14
146901,146620,15
146902,146621,13
146903,146621,11
146904,146622,12
146905,146622,15
146906,146623,14
146907,146624,14
146908,146626,11
146909,146626,13
146910,146628,11
146911,146628,14
146912,146629,15
146913,146629,15
146914,146630,13
146915,146631,11
146916,146631,13
146917,146632,14
146918,146632,15
146919,146634,13
146920,146634,11
146921,146636,15
146922,146636,11
146923,146638,15
146924,146638,12
146925,146639,12
146926,146639,14
146927,146640,11
146928,146640,11
146929,146641,13
146930,146641,14
146931,146642,15
146932,146644,12
146933,146645,13
146934,146645,15
146935,146646,14
146936,146647,15
146937,146647,13
146938,146648,13
146939,146648,14
146940,146649,15
146941,146650,14
146942,146650,15
146943,146652,14
146944,146653,12
146945,146653,11
146946,146654,11
146947,146657,13
146948,146658,15
146949,146658,13
146950,146659,14
146951,146660,12
146952,146663,15
146953,146664,15
146954,146664,15
146955,146668,13
146956,146669,15
146957,146671,11
146958,146673,11
146959,146674,14
146960,146674,11
146961,146675,11
146962,146677,14
146963,146679,11
146964,146679,14
146965,146680,11
146966,146681,13
146967,146681,14
146968,146683,14
146969,146684,15
146970,146685,12
146971,146686,12
146972,146687,14
146973,146687,15
146974,146688,15
146975,146690,15
146976,146691,11
146977,146691,13
146978,146692,12
146979,146692,11
146980,146694,15
146981,146694,11
146982,146695,15
146983,146696,11
146984,146697,11
146985,146698,11
146986,146698,14
146987,146705,12
146988,146705,14
146989,146706,14
146990,146706,14
146991,146707,15
146992,146708,15
146993,146708,11
146994,146709,13
146995,146709,15
146996,146711,15
146997,146711,11
146998,146712,13
146999,146712,15
147000,146713,13
147001,146713,14
147002,146715,14
147003,146715,14
147004,146716,13
147005,146719,11
147006,146719,13
147007,146720,12
147008,146724,11
147009,146727,11
147010,146727,13
147011,146728,11
147012,146729,14
147013,146729,11
147014,146731,14
147015,146731,13
147016,146732,15
147017,146733,11
147018,146734,14
147019,146734,14
147020,146736,11
147021,146737,11
147022,146739,11
147023,146740,14
147024,146741,14
147025,146742,13
147026,146743,12
147027,146744,13
147028,146747,15
147029,146747,15
147030,146748,15
147031,146748,13
147032,146750,12
147033,146751,14
147034,146752,13
147035,146752,14
147036,146755,13
147037,146755,15
147038,146760,15
147039,146762,13
147040,146763,11
147041,146765,15
147042,146765,14
147043,146766,14
147044,146766,11
147045,146767,14
147046,146767,15
147047,146768,15
147048,146769,14
147049,146770,14
147050,146770,12
147051,146771,15
147052,146772,13
147053,146773,12
147054,146775,12
147055,146775,11
147056,146776,11
147057,146776,15
147058,146777,15
147059,146777,12
147060,146778,14
147061,146779,14
147062,146780,11
147063,146780,12
147064,146781,12
147065,146781,14
147066,146782,15
147067,146783,15
147068,146783,11
147069,146785,11
147070,146786,11
147071,146786,11
147072,146788,15
147073,146788,12
147074,146789,14
147075,146790,12
147076,146793,11
147077,146794,14
147078,146794,13
147079,146795,11
147080,146795,14
147081,146796,12
147082,146797,11
147083,146797,13
147084,146798,12
147085,146798,13
147086,146799,14
147087,146800,15
147088,146801,13
147089,146802,12
147090,146802,15
147091,146803,14
147092,146805,12
147093,146805,15
147094,146807,13
147095,146807,12
147096,146810,12
147097,146810,13
147098,146811,14
147099,146813,14
147100,146814,11
147101,146814,14
147102,146816,11
147103,146817,15
147104,146817,12
147105,146818,15
147106,146820,12
147107,146821,13
147108,146822,12
147109,146823,14
147110,146825,13
147111,146825,13
147112,146826,15
147113,146826,15
147114,146827,14
147115,146828,11
147116,146828,11
147117,146830,15
147118,146830,11
147119,146831,13
147120,146833,14
147121,146835,13
147122,146836,12
147123,146836,13
147124,146837,13
147125,146837,15
147126,146838,13
147127,146839,14
147128,146839,11
147129,146840,13
147130,146840,12
147131,146843,14
147132,146843,11
147133,146846,13
147134,146847,15
147135,146849,13
147136,146851,14
147137,146852,15
147138,146852,15
147139,146854,11
147140,146855,14
147141,146855,15
147142,146857,11
147143,146857,13
147144,146858,13
147145,146858,13
147146,146859,11
147147,146859,15
147148,146860,11
147149,146861,15
147150,146862,14
147151,146862,15
147152,146866,14
147153,146870,15
147154,146871,14
147155,146872,12
147156,146874,15
147157,146875,12
147158,146875,14
147159,146877,14
147160,146877,12
147161,146878,15
147162,146879,11
147163,146880,15
147164,146880,14
147165,146881,15
147166,146882,11
147167,146883,14
147168,146885,12
147169,146886,14
147170,146887,11
147171,146887,12
147172,146892,12
147173,146894,14
147174,146896,15
147175,146897,12
147176,146900,12
147177,146900,12
147178,146902,11
147179,146902,14
147180,146903,12
147181,146903,15
147182,146905,11
147183,146905,15
147184,146907,11
147185,146907,14
147186,146908,12
147187,146908,15
147188,146909,12
147189,146909,15
147190,146911,14
147191,146911,15
147192,146912,12
147193,146912,14
147194,146913,11
147195,146914,12
147196,146915,11
147197,146915,12
147198,146916,14
147199,146916,11
147200,146917,11
147201,146918,11
147202,146919,13
147203,146919,12
147204,146920,11
147205,146921,15
147206,146921,15
147207,146922,13
147208,146922,14
147209,146923,11
147210,146924,15
147211,146924,13
147212,146925,11
147213,146925,13
147214,146926,11
147215,146928,14
147216,146929,15
147217,146931,14
147218,146931,12
147219,146932,11
147220,146933,15
147221,146935,11
147222,146936,11
147223,146938,15
147224,146938,15
147225,146939,13
147226,146939,14
147227,146940,15
147228,146940,14
147229,146941,15
147230,146942,14
147231,146942,12
147232,146944,15
147233,146945,11
147234,146946,15
147235,146947,13
147236,146948,14
147237,146948,14
147238,146949,14
147239,146949,14
147240,146950,11
147241,146951,13
147242,146952,11
147243,146953,15
147244,146953,14
147245,146954,15
147246,146956,12
147247,146956,12
147248,146957,14
147249,146957,14
147250,146958,11
147251,146958,14
147252,146959,12
147253,146961,15
147254,146962,14
147255,146962,11
147256,146963,13
147257,146964,15
147258,146965,13
147259,146966,15
147260,146967,14
147261,146967,14
147262,146970,12
147263,146971,13
147264,146971,13
147265,146973,11
147266,146974,11
147267,146974,12
147268,146976,15
147269,146976,14
147270,146977,12
147271,146977,14
147272,146978,12
147273,146978,15
147274,146982,14
147275,146982,12
147276,146983,11
147277,146983,15
147278,146986,15
147279,146988,12
147280,146989,12
147281,146989,15
147282,146990,11
147283,146991,14
147284,146991,14
147285,146992,15
147286,146993,15
147287,146994,15
147288,146999,14
147289,146999,13
147290,147000,13
147291,147001,12
147292,147001,13
147293,147002,14
147294,147002,14
147295,147003,13
147296,147004,13
147297,147005,13
147298,147005,11
147299,147006,14
147300,147008,12
147301,147009,14
147302,147009,14
147303,147010,14
147304,147011,12
147305,147012,11
147306,147012,14
147307,147017,11
147308,147017,14
147309,147018,15
147310,147018,13
147311,147019,11
147312,147019,12
147313,147021,13
147314,147022,13
147315,147022,11
147316,147023,13
147317,147024,13
147318,147025,11
147319,147026,12
147320,147026,14
147321,147031,14
147322,147032,11
147323,147034,13
147324,147036,15
147325,147036,14
147326,147037,15
147327,147037,13
147328,147039,12
147329,147039,11
147330,147041,13
147331,147042,12
147332,147042,12
147333,147043,11
147334,147044,15
147335,147046,13
147336,147047,12
147337,147047,15
147338,147048,15
147339,147048,13
147340,147049,13
147341,147049,14
147342,147051,12
147343,147051,13
147344,147055,12
147345,147056,12
147346,147056,13
147347,147060,11
147348,147062,11
147349,147062,11
147350,147063,14
147351,147064,13
147352,147064,13
147353,147066,11
147354,147067,14
147355,147067,15
147356,147068,13
147357,147070,13
147358,147070,13
147359,147071,15
147360,147072,13
147361,147073,11
147362,147074,15
147363,147075,15
147364,147075,13
147365,147076,12
147366,147076,11
147367,147077,15
147368,147077,14
147369,147078,14
147370,147079,14
147371,147079,13
147372,147080,14
147373,147080,14
147374,147081,15
147375,147082,13
147376,147085,14
147377,147085,13
147378,147086,13
147379,147088,15
147380,147089,12
147381,147090,15
147382,147090,14
147383,147091,11
147384,147092,13
147385,147095,11
147386,147095,14
147387,147096,11
147388,147096,15
147389,147097,11
147390,147097,12
147391,147098,14
147392,147098,14
147393,147099,11
147394,147099,14
147395,147100,15
147396,147101,13
147397,147102,11
147398,147102,14
147399,147104,11
147400,147104,14
147401,147105,12
147402,147106,12
147403,147106,13
147404,147107,12
147405,147107,13
147406,147108,12
147407,147108,11
147408,147109,13
147409,147110,15
147410,147111,14
147411,147111,15
147412,147113,15
147413,147114,15
147414,147114,13
147415,147115,13
147416,147116,15
147417,147118,11
147418,147120,15
147419,147121,14
147420,147121,14
147421,147122,14
147422,147122,15
147423,147124,11
147424,147124,12
147425,147126,11
147426,147127,15
147427,147128,12
147428,147128,13
147429,147129,11
147430,147129,12
147431,147131,12
147432,147132,14
147433,147133,13
147434,147134,13
147435,147135,14
147436,147135,12
147437,147137,14
147438,147138,15
147439,147139,13
147440,147144,15
147441,147144,12
147442,147145,14
147443,147145,13
147444,147146,15
147445,147146,13
147446,147147,11
147447,147147,12
147448,147148,14
147449,147148,14
147450,147149,13
147451,147149,11
147452,147151,14
147453,147151,11
147454,147152,15
147455,147152,13
147456,147153,12
147457,147154,12
147458,147154,15
147459,147155,14
147460,147155,15
147461,147156,14
147462,147156,15
147463,147157,11
147464,147158,12
147465,147159,14
147466,147160,13
147467,147160,13
147468,147161,15
147469,147161,12
147470,147163,13
147471,147163,11
147472,147166,13
147473,147166,15
147474,147167,11
147475,147169,14
147476,147169,14
147477,147170,12
147478,147172,13
147479,147174,15
147480,147174,12
147481,147176,13
147482,147176,11
147483,147177,13
147484,147177,15
147485,147178,15
147486,147178,11
147487,147180,13
147488,147180,12
147489,147181,12
147490,147183,14
147491,147183,14
147492,147184,14
147493,147185,12
147494,147185,14
147495,147186,11
147496,147186,11
147497,147187,11
147498,147190,11
147499,147190,13
147500,147191,12
147501,147192,11
147502,147192,13
147503,147193,15
147504,147193,14
147505,147195,14
147506,147195,13
147507,147196,15
147508,147196,11
147509,147197,15
147510,147198,11
147511,147201,13
147512,147201,14
147513,147202,15
147514,147202,11
147515,147205,15
147516,147206,11
147517,147206,11
147518,147207,12
147519,147207,11
147520,147208,12
147521,147208,13
147522,147210,15
147523,147210,11
147524,147211,15
147525,147212,12
147526,147215,12
147527,147215,14
147528,147218,11
147529,147218,13
147530,147219,13
147531,147219,11
147532,147220,15
147533,147223,13
147534,147223,14
147535,147226,11
147536,147226,12
147537,147227,12
147538,147227,13
147539,147229,11
147540,147230,12
147541,147231,14
147542,147233,15
147543,147234,12
147544,147236,13
147545,147237,14
147546,147237,11
147547,147238,12
147548,147239,12
147549,147240,15
147550,147246,12
147551,147247,12
147552,147249,14
147553,147249,11
147554,147250,14
147555,147250,12
147556,147251,14
147557,147251,15
147558,147252,13
147559,147252,13
147560,147253,13
147561,147253,12
147562,147256,11
147563,147256,14
147564,147257,12
147565,147258,12
147566,147259,13
147567,147259,14
147568,147260,11
147569,147260,12
147570,147261,12
147571,147261,14
147572,147264,12
147573,147266,14
147574,147266,14
147575,147270,12
147576,147270,13
147577,147271,11
147578,147271,13
147579,147272,13
147580,147273,11
147581,147273,11
147582,147275,12
147583,147275,12
147584,147276,12
147585,147276,11
147586,147277,13
147587,147279,13
147588,147281,14
147589,147282,12
147590,147283,12
147591,147284,14
147592,147285,14
147593,147285,13
147594,147288,12
147595,147289,11
147596,147290,14
147597,147290,14
147598,147292,14
147599,147294,13
147600,147295,13
147601,147298,12
147602,147300,11
147603,147300,14
147604,147301,15
147605,147301,15
147606,147302,15
147607,147302,11
147608,147303,11
147609,147304,15
147610,147305,13
147611,147306,15
147612,147306,15
147613,147307,11
147614,147307,15
147615,147308,13
147616,147309,15
147617,147310,14
147618,147310,15
147619,147311,14
147620,147311,12
147621,147312,11
147622,147312,14
147623,147313,14
147624,147313,12
147625,147315,11
147626,147315,12
147627,147316,14
147628,147317,15
147629,147317,14
147630,147318,13
147631,147318,12
147632,147320,14
147633,147321,12
147634,147322,14
147635,147323,15
147636,147325,15
147637,147325,15
147638,147326,12
147639,147327,14
147640,147328,12
147641,147329,15
147642,147332,14
147643,147332,13
147644,147334,15
147645,147335,13
147646,147337,12
147647,147338,15
147648,147338,14
147649,147339,15
147650,147339,12
147651,147340,15
147652,147341,12
147653,147341,12
147654,147342,12
147655,147342,14
147656,147343,12
147657,147343,14
147658,147344,11
147659,147344,12
147660,147345,14
147661,147346,11
147662,147346,11
147663,147348,14
147664,147348,11
147665,147350,12
147666,147351,13
147667,147352,14
147668,147353,13
147669,147353,15
147670,147354,13
147671,147354,11
147672,147355,12
147673,147355,12
147674,147356,12
147675,147356,14
147676,147357,13
147677,147359,11
147678,147359,12
147679,147360,15
147680,147360,15
147681,147361,11
147682,147361,12
147683,147363,15
147684,147363,11
147685,147364,15
147686,147365,12
147687,147366,14
147688,147366,14
147689,147367,13
147690,147367,15
147691,147368,14
147692,147368,12
147693,147369,11
147694,147369,13
147695,147372,13
147696,147372,12
147697,147373,11
147698,147377,15
147699,147379,13
147700,147379,15
147701,147381,13
147702,147383,11
147703,147385,12
147704,147385,14
147705,147386,14
147706,147386,13
147707,147387,11
147708,147390,11
147709,147390,13
147710,147391,12
147711,147392,11
147712,147394,12
147713,147395,15
147714,147396,12
147715,147396,12
147716,147398,15
147717,147398,11
147718,147399,12
147719,147400,12
147720,147400,14
147721,147401,12
147722,147402,15
147723,147408,13
147724,147409,15
147725,147409,12
147726,147410,14
147727,147411,13
147728,147412,15
147729,147412,15
147730,147413,13
147731,147413,11
147732,147414,14
147733,147415,12
147734,147415,14
147735,147416,11
147736,147417,15
147737,147417,11
147738,147418,13
147739,147419,12
147740,147421,12
147741,147423,15
147742,147423,12
147743,147424,13
147744,147425,15
147745,147425,13
147746,147426,12
147747,147427,14
147748,147428,11
147749,147429,15
147750,147429,13
147751,147430,12
147752,147430,15
147753,147431,15
147754,147432,12
147755,147433,15
147756,147433,15
147757,147434,12
147758,147436,15
147759,147436,15
147760,147438,15
147761,147438,14
147762,147439,13
147763,147439,13
147764,147441,15
147765,147442,11
147766,147445,15
147767,147445,11
147768,147446,13
147769,147448,13
147770,147449,12
147771,147452,11
147772,147454,12
147773,147454,11
147774,147456,14
147775,147458,14
147776,147459,12
147777,147460,12
147778,147460,12
147779,147461,11
147780,147461,13
147781,147462,13
147782,147464,14
147783,147464,13
147784,147466,12
147785,147466,11
147786,147467,13
147787,147469,13
147788,147469,12
147789,147470,12
147790,147470,13
147791,147471,11
147792,147472,11
147793,147473,15
147794,147473,12
147795,147474,11
147796,147474,12
147797,147476,14
147798,147477,15
147799,147477,11
147800,147478,13
147801,147481,12
147802,147481,12
147803,147482,13
147804,147482,11
147805,147483,12
147806,147484,11
147807,147485,13
147808,147485,13
147809,147486,12
147810,147487,12
147811,147489,15
147812,147489,13
147813,147490,11
147814,147490,13
147815,147491,11
147816,147491,15
147817,147492,13
147818,147492,13
147819,147493,15
147820,147494,11
147821,147494,14
147822,147495,15
147823,147497,12
147824,147498,14
147825,147498,14
147826,147500,14
147827,147501,13
147828,147502,15
147829,147502,13
147830,147503,13
147831,147503,12
147832,147505,13
147833,147505,12
147834,147506,12
147835,147506,13
147836,147507,13
147837,147508,14
147838,147509,12
147839,147510,14
147840,147510,12
147841,147511,11
147842,147511,12
147843,147512,11
147844,147513,15
147845,147516,12
147846,147516,11
147847,147517,15
147848,147517,11
147849,147518,12
147850,147520,14
147851,147521,11
147852,147521,11
147853,147524,15
147854,147526,12
147855,147527,12
147856,147527,15
147857,147528,13
147858,147529,13
147859,147529,12
147860,147530,12
147861,147531,14
147862,147531,15
147863,147532,15
147864,147539,15
147865,147540,11
147866,147541,15
147867,147541,15
147868,147542,11
147869,147542,14
147870,147546,15
147871,147546,13
147872,147548,11
147873,147548,12
147874,147550,13
147875,147551,14
147876,147551,14
147877,147552,12
147878,147552,15
147879,147553,15
147880,147553,13
147881,147554,15
147882,147555,11
147883,147555,15
147884,147557,11
147885,147559,14
147886,147562,12
147887,147562,11
147888,147564,14
147889,147565,13
147890,147566,15
147891,147566,11
147892,147568,15
147893,147568,12
147894,147569,11
147895,147569,14
147896,147570,13
147897,147572,14
147898,147574,15
147899,147575,13
147900,147576,14
147901,147577,15
147902,147577,15
147903,147578,11
147904,147581,12
147905,147581,14
147906,147582,13
147907,147582,13
147908,147583,14
147909,147583,15
147910,147586,14
147911,147586,13
147912,147587,12
147913,147588,12
147914,147590,13
147915,147590,14
147916,147591,14
147917,147591,12
147918,147593,11
147919,147594,13
147920,147594,15
147921,147595,15
147922,147597,15
147923,147598,14
147924,147599,13
147925,147600,13
147926,147600,15
147927,147601,14
147928,147601,13
147929,147602,14
147930,147603,11
147931,147603,13
147932,147604,14
147933,147604,11
147934,147605,15
147935,147606,11
147936,147607,11
147937,147607,11
147938,147608,14
147939,147608,12
147940,147609,14
147941,147609,12
147942,147610,13
147943,147612,11
147944,147612,15
147945,147614,11
147946,147614,13
147947,147615,11
147948,147616,11
147949,147616,13
147950,147617,15
147951,147617,11
147952,147620,12
147953,147620,15
147954,147621,11
147955,147621,12
147956,147622,11
147957,147622,12
147958,147623,13
147959,147623,11
147960,147624,11
147961,147625,13
147962,147625,12
147963,147626,12
147964,147626,14
147965,147627,12
147966,147627,15
147967,147628,13
147968,147628,15
147969,147629,15
147970,147629,15
147971,147634,15
147972,147636,13
147973,147636,11
147974,147637,14
147975,147637,11
147976,147640,14
147977,147640,13
147978,147641,14
147979,147642,13
147980,147642,13
147981,147644,13
147982,147644,15
147983,147645,13
147984,147648,11
147985,147648,14
147986,147649,14
147987,147649,13
147988,147651,11
147989,147651,11
147990,147652,14
147991,147652,15
147992,147653,14
147993,147653,11
147994,147655,14
147995,147655,15
147996,147656,12
147997,147658,15
147998,147658,12
147999,147660,12
148000,147660,15
148001,147665,11
148002,147667,13
148003,147668,14
148004,147668,12
148005,147669,12
148006,147672,14
148007,147674,13
148008,147674,11
148009,147675,15
148010,147675,13
148011,147676,12
148012,147676,15
148013,147677,15
148014,147678,15
148015,147679,15
148016,147680,15
148017,147681,15
148018,147681,11
148019,147682,15
148020,147683,11
148021,147683,13
148022,147684,12
148023,147685,13
148024,147686,12
148025,147686,13
148026,147688,15
148027,147688,11
148028,147689,11
148029,147689,11
148030,147692,12
148031,147692,15
148032,147693,15
148033,147696,12
148034,147696,15
148035,147699,15
148036,147700,12
148037,147701,13
148038,147701,12
148039,147703,13
148040,147705,12
148041,147707,11
148042,147708,15
148043,147708,14
148044,147709,15
148045,147709,12
148046,147710,13
148047,147711,15
148048,147712,13
148049,147713,11
148050,147713,15
148051,147715,15
148052,147716,14
148053,147719,11
148054,147720,14
148055,147720,12
148056,147723,13
148057,147724,12
148058,147724,13
148059,147726,14
148060,147726,12
148061,147727,13
148062,147727,11
148063,147730,15
148064,147730,14
148065,147731,13
148066,147731,14
148067,147732,12
148068,147732,14
148069,147734,11
148070,147734,12
148071,147735,13
148072,147736,13
148073,147737,11
148074,147737,13
148075,147738,12
148076,147738,14
148077,147740,11
148078,147740,11
148079,147741,12
148080,147741,15
148081,147742,13
148082,147742,13
148083,147743,11
148084,147744,15
148085,147745,12
148086,147746,15
148087,147747,12
148088,147748,12
148089,147749,15
148090,147752,14
148091,147753,15
148092,147754,15
148093,147755,13
148094,147756,12
148095,147756,11
148096,147758,15
148097,147759,13
148098,147759,11
148099,147760,15
148100,147760,12
148101,147761,14
148102,147761,14
148103,147762,12
148104,147763,13
148105,147764,14
148106,147764,14
148107,147765,11
148108,147765,14
148109,147767,14
148110,147767,12
148111,147768,13
148112,147768,14
148113,147769,12
148114,147771,13
148115,147771,12
148116,147772,14
148117,147775,13
148118,147778,15
148119,147779,13
148120,147779,15
148121,147781,12
148122,147781,14
148123,147783,14
148124,147785,14
148125,147785,13
148126,147786,11
148127,147786,14
148128,147787,12
148129,147789,13
148130,147789,14
148131,147793,12
148132,147794,13
148133,147795,13
148134,147795,15
148135,147796,11
148136,147798,11
148137,147800,14
148138,147800,12
148139,147801,14
148140,147802,11
148141,147804,12
148142,147806,15
148143,147806,13
148144,147807,12
148145,147807,14
148146,147808,11
148147,147808,11
148148,147810,13
148149,147811,11
148150,147811,15
148151,147812,12
148152,147813,12
148153,147815,13
148154,147816,14
148155,147817,12
148156,147817,12
148157,147818,13
148158,147819,14
148159,147821,12
148160,147821,14
148161,147822,15
148162,147822,13
148163,147823,14
148164,147823,13
148165,147825,12
148166,147825,13
148167,147826,11
148168,147827,13
148169,147827,11
148170,147830,13
148171,147831,13
148172,147831,11
148173,147832,12
148174,147836,14
148175,147836,13
148176,147839,14
148177,147839,15
148178,147840,15
148179,147840,11
148180,147842,11
148181,147842,12
148182,147843,14
148183,147845,12
148184,147846,11
148185,147846,12
148186,147847,12
148187,147848,12
148188,147849,14
148189,147850,15
148190,147851,13
148191,147852,12
148192,147853,15
148193,147854,12
148194,147855,13
148195,147856,15
148196,147856,14
148197,147857,11
148198,147858,12
148199,147859,13
148200,147861,11
148201,147862,15
148202,147862,11
148203,147863,15
148204,147866,11
148205,147867,15
148206,147867,14
148207,147869,14
148208,147869,11
148209,147872,13
148210,147872,15
148211,147873,14
148212,147874,12
148213,147874,14
148214,147875,12
148215,147875,14
148216,147876,14
148217,147876,13
148218,147878,13
148219,147879,15
148220,147880,12
148221,147880,15
148222,147882,13
148223,147882,12
148224,147885,12
148225,147885,13
148226,147886,12
148227,147887,13
148228,147888,15
148229,147890,12
148230,147893,14
148231,147893,14
148232,147894,15
148233,147894,15
148234,147895,15
148235,147897,12
148236,147897,12
148237,147899,14
148238,147899,11
148239,147900,11
148240,147901,13
148241,147901,13
148242,147902,15
148243,147904,14
148244,147905,13
148245,147909,14
148246,147909,13
148247,147910,12
148248,147912,14
148249,147912,14
148250,147916,14
148251,147916,15
148252,147918,15
148253,147918,12
148254,147919,13
148255,147919,13
148256,147920,14
148257,147921,14
148258,147921,11
148259,147922,14
148260,147922,11
148261,147925,11
148262,147925,15
148263,147929,15
148264,147930,14
148265,147931,15
148266,147932,13
148267,147932,11
148268,147933,14
148269,147933,15
148270,147935,14
148271,147936,14
148272,147937,11
148273,147940,14
148274,147940,11
148275,147942,14
148276,147944,11
148277,147944,11
148278,147945,12
148279,147947,13
148280,147947,13
148281,147948,11
148282,147949,11
148283,147949,15
148284,147950,15
148285,147951,12
148286,147952,12
148287,147953,11
148288,147958,15
148289,147958,12
148290,147959,13
148291,147959,13
148292,147960,12
148293,147961,14
148294,147961,14
148295,147962,15
148296,147963,11
148297,147964,14
148298,147965,12
148299,147966,15
148300,147966,11
148301,147968,13
148302,147968,13
148303,147970,14
148304,147970,15
148305,147971,12
148306,147972,12
148307,147972,11
148308,147973,12
148309,147974,15
148310,147976,13
148311,147977,14
148312,147978,13
148313,147978,12
148314,147980,14
148315,147982,15
148316,147984,13
148317,147986,14
148318,147986,12
148319,147987,12
148320,147987,15
148321,147988,11
148322,147989,12
148323,147990,15
148324,147990,14
148325,147992,12
148326,147993,11
148327,147993,11
148328,147995,11
148329,147995,12
148330,147996,14
148331,147997,13
148332,147997,14
148333,147998,15
148334,147999,11
148335,147999,13
148336,148003,15
148337,148003,13
148338,148004,11
148339,148004,12
148340,148005,15
148341,148006,13
148342,148006,12
148343,148008,14
148344,148009,14
148345,148010,14
148346,148010,13
148347,148011,12
148348,148011,14
148349,148015,12
148350,148015,13
148351,148018,11
148352,148018,14
148353,148019,14
148354,148021,12
148355,148021,12
148356,148022,15
148357,148023,14
148358,148025,11
148359,148026,14
148360,148026,15
148361,148029,12
148362,148029,14
148363,148030,14
148364,148031,14
148365,148033,14
148366,148033,13
148367,148034,13
148368,148034,14
148369,148035,13
148370,148035,15
148371,148036,12
148372,148037,14
148373,148037,13
148374,148040,15
148375,148042,12
148376,148043,14
148377,148044,13
148378,148044,13
148379,148045,11
148380,148046,15
148381,148046,13
148382,148049,12
148383,148049,13
148384,148052,11
148385,148052,14
148386,148053,15
148387,148053,12
148388,148054,13
148389,148054,12
148390,148055,12
148391,148056,14
148392,148056,14
148393,148057,13
148394,148059,12
148395,148059,14
148396,148060,13
148397,148060,15
148398,148063,14
148399,148065,13
148400,148066,13
148401,148066,15
148402,148067,11
148403,148067,14
148404,148069,12
148405,148069,13
148406,148070,14
148407,148071,12
148408,148071,11
148409,148072,11
148410,148072,12
148411,148073,11
148412,148073,13
148413,148074,13
148414,148075,15
148415,148076,15
148416,148077,11
148417,148077,14
148418,148078,13
148419,148080,11
148420,148080,11
148421,148081,14
148422,148081,14
148423,148082,15
148424,148082,11
148425,148083,12
148426,148083,14
148427,148084,14
148428,148086,13
148429,148086,12
148430,148087,12
148431,148087,13
148432,148088,11
148433,148088,12
148434,148089,14
148435,148090,12
148436,148091,11
148437,148092,13
148438,148092,11
148439,148093,14
148440,148097,11
148441,148097,11
148442,148098,12
148443,148099,11
148444,148100,13
148445,148102,13
148446,148102,11
148447,148104,13
148448,148105,11
148449,148105,13
148450,148108,12
148451,148108,15
148452,148109,12
148453,148109,14
148454,148110,15
148455,148110,15
148456,148112,15
148457,148112,13
148458,148114,13
148459,148114,11
148460,148115,12
148461,148115,15
148462,148116,11
148463,148116,13
148464,148117,12
148465,148118,15
148466,148121,12
148467,148122,15
148468,148123,13
148469,148124,12
148470,148124,14
148471,148125,12
148472,148125,15
148473,148126,14
148474,148126,12
148475,148127,14
148476,148127,14
148477,148128,15
148478,148128,13
148479,148129,11
148480,148129,14
148481,148130,12
148482,148132,11
148483,148133,11
148484,148134,13
148485,148134,12
148486,148136,11
148487,148137,15
148488,148139,11
148489,148139,13
148490,148140,15
148491,148140,13
148492,148141,11
148493,148141,14
148494,148143,15
148495,148143,14
148496,148144,12
148497,148144,15
148498,148145,12
148499,148145,11
148500,148146,12
148501,148146,13
148502,148147,15
148503,148147,15
148504,148148,11
148505,148148,12
148506,148149,11
148507,148150,12
148508,148150,15
148509,148152,12
148510,148153,12
148511,148153,15
148512,148157,13
148513,148158,14
148514,148159,14
148515,148160,12
148516,148162,13
148517,148163,13
148518,148164,14
148519,148166,15
148520,148167,15
148521,148169,11
148522,148169,11
148523,148172,13
148524,148174,11
148525,148174,15
148526,148175,14
148527,148176,12
148528,148177,11
148529,148177,14
148530,148178,15
148531,148179,15
148532,148179,12
148533,148182,12
148534,148182,14
148535,148183,12
148536,148183,14
148537,148184,13
148538,148185,13
148539,148185,13
148540,148191,11
148541,148191,15
148542,148192,14
148543,148193,11
148544,148193,15
148545,148194,11
148546,148194,11
148547,148195,13
148548,148195,13
148549,148196,11
148550,148198,15
148551,148198,14
148552,148199,13
148553,148199,15
148554,148200,12
148555,148200,15
148556,148203,12
148557,148203,11
148558,148204,15
148559,148204,11
148560,148205,13
148561,148205,12
148562,148208,11
148563,148210,15
148564,148212,11
148565,148212,14
148566,148214,15
148567,148216,15
148568,148216,12
148569,148217,15
148570,148218,11
148571,148221,15
148572,148221,12
148573,148222,12
148574,148222,15
148575,148223,13
148576,148224,11
148577,148226,13
148578,148226,14
148579,148228,14
148580,148230,13
148581,148231,11
148582,148232,11
148583,148234,14
148584,148234,14
148585,148235,12
148586,148235,11
148587,148236,12
148588,148237,11
148589,148238,12
148590,148238,13
148591,148241,14
148592,148241,14
148593,148242,15
148594,148242,14
148595,148243,13
148596,148243,12
148597,148244,13
148598,148244,14
148599,148246,13
148600,148250,13
148601,148251,12
148602,148251,15
148603,148252,11
148604,148253,15
148605,148253,11
148606,148254,15
148607,148255,15
148608,148255,12
148609,148257,13
148610,148258,15
148611,148258,12
148612,148262,15
148613,148262,11
148614,148263,15
148615,148264,14
148616,148265,11
148617,148266,13
148618,148267,11
148619,148268,13
148620,148272,14
148621,148272,15
148622,148273,12
148623,148274,14
148624,148274,15
148625,148276,11
148626,148276,15
148627,148277,14
148628,148277,12
148629,148279,13
148630,148279,14
148631,148282,12
148632,148283,11
148633,148284,15
148634,148285,13
148635,148285,14
148636,148286,13
148637,148287,12
148638,148288,12
148639,148289,15
148640,148289,13
148641,148290,11
148642,148290,13
148643,148291,14
148644,148291,12
148645,148292,15
148646,148292,11
148647,148293,14
148648,148293,13
148649,148294,12
148650,148295,14
148651,148295,14
148652,148296,11
148653,148297,14
148654,148299,15
148655,148299,12
148656,148300,13
148657,148300,13
148658,148301,12
148659,148302,14
148660,148302,11
148661,148303,12
148662,148303,11
148663,148305,14
148664,148306,15
148665,148309,13
148666,148309,12
148667,148310,14
148668,148310,12
148669,148315,11
148670,148316,11
148671,148316,11
148672,148317,11
148673,148318,13
148674,148325,14
148675,148325,11
148676,148326,12
148677,148326,13
148678,148328,14
148679,148328,15
148680,148329,14
148681,148331,11
148682,148331,15
148683,148335,15
148684,148335,11
148685,148338,12
148686,148340,12
148687,148341,14
148688,148341,12
148689,148342,13
148690,148343,14
148691,148344,13
148692,148345,14
148693,148345,12
148694,148346,11
148695,148347,12
148696,148347,13
148697,148348,11
148698,148348,13
148699,148349,12
148700,148349,12
148701,148350,15
148702,148351,12
148703,148351,15
148704,148352,12
148705,148352,13
148706,148353,12
148707,148353,12
148708,148358,13
148709,148358,14
148710,148359,11
148711,148360,14
148712,148361,11
148713,148361,12
148714,148362,11
148715,148363,14
148716,148364,12
148717,148365,11
148718,148365,14
148719,148366,14
148720,148366,14
148721,148367,14
148722,148368,13
148723,148368,15
148724,148369,14
148725,148371,13
148726,148373,12
148727,148375,13
148728,148376,14
148729,148378,11
148730,148378,12
148731,148380,13
148732,148380,12
148733,148382,11
148734,148384,13
148735,148384,13
148736,148385,12
148737,148386,11
148738,148386,13
148739,148387,13
148740,148388,15
148741,148388,12
148742,148389,12
148743,148389,11
148744,148390,15
148745,148390,14
148746,148391,12
148747,148391,14
148748,148393,15
148749,148394,15
148750,148395,11
148751,148395,11
148752,148397,14
148753,148398,12
148754,148398,13
148755,148399,14
148756,148399,13
148757,148400,13
148758,148400,15
148759,148401,13
148760,148401,11
148761,148402,11
148762,148404,11
148763,148406,12
148764,148407,13
148765,148407,14
148766,148408,11
148767,148409,14
148768,148409,15
148769,148410,13
148770,148410,12
148771,148412,15
148772,148412,15
148773,148415,11
148774,148416,14
148775,148417,13
148776,148417,14
148777,148418,14
148778,148419,11
148779,148419,12
148780,148420,11
148781,148420,13
148782,148422,15
148783,148423,11
148784,148423,14
148785,148424,15
148786,148424,11
148787,148426,12
148788,148427,13
148789,148427,15
148790,148429,14
148791,148429,14
148792,148430,14
148793,148433,15
148794,148435,12
148795,148436,11
148796,148437,12
148797,148437,15
148798,148438,15
148799,148438,13
148800,148440,15
148801,148440,13
148802,148442,14
148803,148442,15
148804,148444,12
148805,148444,12
148806,148445,14
148807,148449,13
148808,148450,15
148809,148450,11
148810,148452,15
148811,148453,12
148812,148454,12
148813,148454,15
148814,148456,12
148815,148456,15
148816,148457,15
148817,148457,15
148818,148458,11
148819,148459,13
148820,148459,15
148821,148460,11
148822,148460,14
148823,148461,15
148824,148461,14
148825,148462,11
148826,148462,12
148827,148463,12
148828,148463,12
148829,148465,12
148830,148465,11
148831,148466,13
148832,148466,15
148833,148467,11
148834,148472,14
148835,148472,13
148836,148474,14
148837,148477,12
148838,148477,13
148839,148479,12
148840,148481,13
148841,148481,11
148842,148482,11
148843,148484,14
148844,148484,13
148845,148485,12
148846,148486,12
148847,148487,13
148848,148487,14
148849,148488,13
148850,148490,14
148851,148490,15
148852,148491,14
148853,148491,14
148854,148494,13
148855,148494,14
148856,148495,12
148857,148496,11
148858,148498,15
148859,148498,14
148860,148501,13
148861,148502,11
148862,148503,13
148863,148503,13
148864,148504,12
148865,148505,12
148866,148505,11
148867,148506,14
148868,148507,12
148869,148507,12
148870,148508,11
148871,148509,12
148872,148510,13
148873,148512,13
148874,148512,12
148875,148513,15
148876,148513,13
148877,148515,15
148878,148516,14
148879,148518,12
148880,148518,12
148881,148521,12
148882,148524,12
148883,148525,12
148884,148529,15
148885,148529,15
148886,148531,14
148887,148531,14
148888,148533,15
148889,148533,13
148890,148534,11
148891,148534,12
148892,148536,13
148893,148536,12
148894,148537,14
148895,148537,15
148896,148539,13
148897,148539,11
148898,148540,13
148899,148540,11
148900,148542,11
148901,148544,13
148902,148545,13
148903,148545,13
148904,148547,15
148905,148548,14
148906,148548,11
148907,148549,14
148908,148550,15
148909,148550,13
148910,148551,14
148911,148551,15
148912,148554,12
148913,148554,12
148914,148558,14
148915,148558,13
148916,148560,14
148917,148562,11
148918,148563,14
148919,148563,15
